1.01E-05	10.25	69.86
9.97E-06	9.95	68.85
9.82E-06	9.67	67.87
9.67E-06	9.39	66.91
9.53E-06	9.13	65.98
9.39E-06	8.88	65.07
9.26E-06	8.64	64.19
9.13E-06	8.41	63.33
9.00E-06	8.19	62.5
8.88E-06	7.97	61.68
8.76E-06	7.77	60.89
8.64E-06	7.57	60.11
8.53E-06	7.38	59.36
8.42E-06	7.2 	58.62
8.31E-06	7.02	57.9
8.20E-06	6.85	57.2
8.10E-06	6.68	56.51
8.00E-06	6.53	55.84
7.90E-06	6.37	55.18
7.81E-06	6.23	54.54
7.72E-06	6.08	53.92
7.62E-06	5.94	53.31
7.54E-06	5.81	52.71
7.45E-06	5.68	52.12
7.36E-06	5.56	51.55
7.28E-06	5.44	50.99
7.20E-06	5.32	50.44
7.12E-06	5.21	49.9
7.04E-06	5.1 	49.38
6.97E-06	4.99	48.86
6.89E-06	4.89	48.36
6.82E-06	4.79	47.86
6.75E-06	4.69	47.38
6.68E-06	4.6 	46.9
6.61E-06	4.51	46.44
6.55E-06	4.42	45.98
6.48E-06	4.33	45.53
6.42E-06	4.25	45.09
6.35E-06	4.17	44.66
6.29E-06	4.09	44.24
6.23E-06	4.01	43.82
6.17E-06	3.94	43.41
6.11E-06	3.87	43.01
6.06E-06	3.8	    42.62
6.00E-06	3.73	42.23
5.95E-06	3.66	41.85
5.89E-06	3.6	    41.48
5.84E-06	3.53	41.12
5.79E-06	3.47	40.76
5.74E-06	3.41	40.4
5.68E-06	3.35	40.05
5.64E-06	3.29	39.71
5.59E-06	3.24	39.38
5.54E-06	3.19	39.05
5.49E-06	3.13	38.72
5.45E-06	3.08	38.4
5.40E-06	3.03	38.09
5.36E-06	2.98	37.78
5.31E-06	2.93	37.47
5.27E-06	2.89	37.17
5.23E-06	2.84	36.88
5.18E-06	2.8	36.59
5.14E-06	2.75	36.3
5.10E-06	2.71	36.02
5.06E-06	2.67	35.74
5.02E-06	2.63	35.47
4.99E-06	2.59	35.2
4.95E-06	2.55	34.93
4.91E-06	2.51	34.67
4.87E-06	2.47	34.42
4.84E-06	2.44	34.16
4.80E-06	2.4	33.91
4.77E-06	2.37	33.67
4.73E-06	2.33	33.42
4.70E-06	2.3	33.18
4.66E-06	2.27	32.95
4.63E-06	2.24	32.72
4.60E-06	2.21	32.49
4.56E-06	2.18	32.26
4.53E-06	2.15	32.04
4.50E-06	2.12	31.82
4.47E-06	2.09	31.6
4.44E-06	2.06	31.38
4.41E-06	2.03	31.17
4.38E-06	2	30.96
4.35E-06	1.98	30.76
4.32E-06	1.95	30.56
4.29E-06	1.93	30.35
4.26E-06	1.9	30.16
4.24E-06	1.88	29.96
4.21E-06	1.85	29.77
4.18E-06	1.83	29.58
4.15E-06	1.81	29.39
4.13E-06	1.78	29.2
4.10E-06	1.76	29.02
4.08E-06	1.74	28.84
4.05E-06	1.72	28.66
4.03E-06	1.7	28.48
4.00E-06	1.68	28.31
3.98E-06	1.66	28.14
3.95E-06	1.64	27.97
3.93E-06	1.62	27.8
3.90E-06	1.6	27.63
3.88E-06	1.58	27.47
3.86E-06	1.56	27.3
3.83E-06	1.54	27.14
3.81E-06	1.52	26.98
3.79E-06	1.51	26.83
3.77E-06	1.49	26.67
3.75E-06	1.47	26.52
3.72E-06	1.46	26.37
3.70E-06	1.44	26.22
3.68E-06	1.42	26.07
3.66E-06	1.41	25.92
3.64E-06	1.39	25.78
3.62E-06	1.38	25.63
3.60E-06	1.36	25.49
3.58E-06	1.35	25.35
3.56E-06	1.33	25.21
3.54E-06	1.32	25.08
3.52E-06	1.3	24.94
3.50E-06	1.29	24.81
3.48E-06	1.28	24.67
3.47E-06	1.26	24.54
3.45E-06	1.25	24.41
3.43E-06	1.24	24.28
3.41E-06	1.22	24.16
3.39E-06	1.21	24.03
3.38E-06	1.2	23.9
3.36E-06	1.19	23.78
3.34E-06	1.17	23.66
3.32E-06	1.16	23.54
3.31E-06	1.15	23.42
3.29E-06	1.14	23.3
3.27E-06	1.13	23.18
3.26E-06	1.12	23.07
3.24E-06	1.1	22.95
3.22E-06	1.09	22.84
3.21E-06	1.08	22.72
3.19E-06	1.07	22.61
3.18E-06	1.06	22.5
3.16E-06	1.05	22.39
3.15E-06	1.04	22.28
3.13E-06	1.03	22.17
3.12E-06	1.02	22.07
3.10E-06	1.01	21.96
3.09E-06	1	21.86
3.07E-06	0.99	21.75
3.06E-06	0.98	21.65
3.04E-06	0.97	21.55
3.03E-06	0.97	21.45
3.01E-06	0.96	21.35
3.00E-06	0.95	21.25
2.99E-06	0.94	21.15
2.97E-06	0.93	21.06
2.96E-06	0.92	20.96
2.95E-06	0.91	20.86
2.93E-06	0.91	20.77
2.92E-06	0.9	20.68
2.91E-06	0.89	20.58
2.89E-06	0.88	20.49
2.88E-06	0.87	20.4
2.87E-06	0.87	20.31
2.86E-06	0.86	20.22
2.84E-06	0.85	20.13
2.83E-06	0.84	20.04
2.82E-06	0.84	19.96
2.81E-06	0.83	19.87
2.79E-06	0.82	19.78
2.78E-06	0.82	19.7
2.77E-06	0.81	19.61
2.76E-06	0.8	19.53
2.75E-06	0.8	19.45
2.73E-06	0.79	19.36
2.72E-06	0.78	19.28
2.71E-06	0.78	19.2
2.70E-06	0.77	19.12
2.69E-06	0.76	19.04
2.68E-06	0.76	18.96
2.67E-06	0.75	18.89
2.66E-06	0.74	18.81
2.65E-06	0.74	18.73
2.63E-06	0.73	18.65
2.62E-06	0.73	18.58
2.61E-06	0.72	18.5
2.60E-06	0.72	18.43
2.59E-06	0.71	18.35
2.58E-06	0.7	18.28
2.57E-06	0.7	18.21
2.56E-06	0.69	18.14
2.55E-06	0.69	18.06
2.54E-06	0.68	17.99
2.53E-06	0.68	17.92
2.52E-06	0.67	17.85
2.51E-06	0.67	17.78
2.50E-06	0.66	17.71
2.49E-06	0.66	17.65
2.48E-06	0.65	17.58
2.47E-06	0.65	17.51
2.46E-06	0.64	17.44
2.46E-06	0.64	17.38
2.45E-06	0.63	17.31
2.44E-06	0.63	17.24
2.43E-06	0.62	17.18
2.42E-06	0.62	17.12
2.41E-06	0.61	17.05
2.39E-06	0.61	16.92
2.38E-06	0.6	16.86
2.37E-06	0.6	16.8
2.37E-06	0.59	16.74
2.36E-06	0.59	16.68
2.35E-06	0.58	16.62
2.34E-06	0.58	16.56
2.32E-06	0.57	16.44
2.31E-06	0.57	16.38
2.31E-06	0.56	16.32
2.30E-06	0.56	16.26
2.28E-06	0.55	16.14
2.27E-06	0.55	16.09
2.27E-06	0.54	16.03
2.26E-06	0.54	15.97
2.24E-06	0.53	15.86
2.24E-06	0.53	15.81
2.23E-06	0.53	15.75
2.22E-06	0.52	15.7
2.20E-06	0.52	15.59
2.20E-06	0.51	15.54
2.19E-06	0.51	15.48
2.18E-06	0.5	15.38
2.17E-06	0.5	15.33
2.15E-06	0.49	15.23
2.15E-06	0.49	15.17
2.14E-06	0.49	15.12
2.13E-06	0.48	15.02
2.12E-06	0.48	14.97
2.10E-06	0.47	14.88
2.10E-06	0.47	14.83
2.08E-06	0.46	14.73
2.08E-06	0.46	14.68
2.06E-06	0.45	14.59
2.06E-06	0.45	14.54
2.04E-06	0.44	14.45
2.04E-06	0.44	14.4
2.03E-06	0.44	14.31
2.02E-06	0.43	14.27
2.01E-06	0.43	14.18
2.00E-06	0.43	14.13
1.99E-06	0.42	14.09
1.99E-06	0.42	14.06
1.99E-06	0.42	14.05
1.98E-06	0.42	13.99
1.98E-06	0.42	13.96
1.97E-06	0.41	13.92
1.96E-06	0.41	13.84
1.96E-06	0.41	13.83
1.95E-06	0.4	13.77
1.95E-06	0.4	13.75
1.94E-06	0.4	13.7
1.93E-06	0.4	13.66
1.93E-06	0.4	13.63
1.93E-06	0.4	13.62
1.92E-06	0.39	13.56
1.92E-06	0.39	13.54
1.91E-06	0.39	13.49
1.91E-06	0.39	13.46
1.90E-06	0.38	13.42
1.90E-06	0.38	13.38
1.89E-06	0.38	13.34
1.89E-06	0.38	13.34
1.88E-06	0.38	13.27
1.88E-06	0.38	13.26
1.87E-06	0.37	13.2
1.87E-06	0.37	13.18
1.86E-06	0.37	13.13
1.86E-06	0.37	13.11
1.85E-06	0.36	13.06
1.85E-06	0.36	13.03
1.84E-06	0.36	12.99
1.84E-06	0.36	12.96
1.83E-06	0.36	12.91
1.83E-06	0.36	12.88
1.82E-06	0.35	12.84
1.82E-06	0.35	12.81
1.81E-06	0.35	12.77
1.81E-06	0.35	12.74
1.80E-06	0.35	12.7
1.80E-06	0.34	12.67
1.79E-06	0.34	12.63
1.79E-06	0.34	12.59
1.78E-06	0.34	12.56
1.78E-06	0.34	12.52
1.77E-06	0.33	12.48
1.77E-06	0.33	12.46
1.76E-06	0.33	12.41
1.76E-06	0.33	12.39
1.75E-06	0.33	12.34
1.75E-06	0.33	12.32
1.74E-06	0.32	12.27
1.74E-06	0.32	12.25
1.73E-06	0.32	12.2
1.73E-06	0.32	12.18
1.72E-06	0.32	12.13
1.72E-06	0.32	12.12
1.71E-06	0.31	12.05
1.71E-06	0.31	12.02
1.70E-06	0.31	11.98
1.70E-06	0.31	11.96
1.69E-06	0.31	11.91
1.69E-06	0.3	11.89
1.68E-06	0.3	11.84
1.68E-06	0.3	11.83
1.67E-06	0.3	11.77
1.67E-06	0.3	11.74
1.66E-06	0.3	11.69
1.66E-06	0.29	11.68
1.65E-06	0.29	11.62
1.65E-06	0.29	11.62
1.64E-06	0.29	11.55
1.64E-06	0.29	11.53
1.63E-06	0.28	11.48
1.63E-06	0.28	11.47
1.62E-06	0.28	11.41
1.62E-06	0.28	11.38
1.61E-06	0.28	11.34
1.61E-06	0.28	11.32
1.60E-06	0.27	11.26
1.60E-06	0.27	11.24
1.59E-06	0.27	11.19
1.59E-06	0.27	11.18
1.58E-06	0.27	11.12
1.58E-06	0.27	11.1
1.57E-06	0.26	11.05
1.57E-06	0.26	11.04
1.56E-06	0.26	10.98
1.56E-06	0.26	10.96
1.55E-06	0.26	10.9
1.55E-06	0.26	10.88
1.54E-06	0.26	10.83
1.54E-06	0.25	10.83
1.53E-06	0.25	10.76
1.53E-06	0.25	10.75
1.52E-06	0.25	10.69
1.52E-06	0.25	10.67
1.51E-06	0.25	10.62
1.51E-06	0.24	10.6
1.50E-06	0.24	10.54
1.50E-06	0.24	10.52
1.49E-06	0.24	10.47
1.48E-06	0.24	10.4
1.47E-06	0.23	10.33
1.47E-06	0.23	10.32
1.46E-06	0.23	10.26
1.45E-06	0.23	10.18
1.44E-06	0.22	10.11
1.44E-06	0.22	10.09
1.43E-06	0.22	10.04
1.43E-06	0.22	10.02
1.42E-06	0.22	9.95
1.41E-06	0.21	9.89
1.40E-06	0.21	9.82
1.39E-06	0.21	9.73
1.38E-06	0.21	9.67
1.37E-06	0.2	9.59
1.36E-06	0.2	9.52
1.35E-06	0.2	9.46
1.35E-06	0.2	9.44
1.34E-06	0.2	9.39
1.34E-06	0.19	9.38
1.33E-06	0.19	9.32
1.33E-06	0.19	9.3
1.32E-06	0.19	9.24
1.31E-06	0.19	9.17
1.31E-06	0.19	9.17
1.30E-06	0.18	9.1
1.30E-06	0.18	9.09
1.29E-06	0.18	9.03
1.29E-06	0.18	9.02
1.28E-06	0.18	8.95
1.28E-06	0.18	8.94
1.27E-06	0.18	8.88
1.27E-06	0.18	8.87
1.26E-06	0.17	8.81
1.25E-06	0.17	8.74
1.24E-06	0.17	8.66
1.23E-06	0.17	8.59
1.22E-06	0.16	8.52
1.21E-06	0.16	8.45
1.20E-06	0.16	8.37
1.19E-06	0.16	8.3
1.18E-06	0.15	8.23
1.17E-06	0.15	8.16
1.16E-06	0.15	8.08
1.15E-06	0.15	8.01
1.14E-06	0.14	7.94
1.13E-06	0.14	7.86
1.12E-06	0.14	7.79
1.11E-06	0.14	7.72
1.10E-06	0.14	7.65
1.09E-06	0.13	7.57
1.08E-06	0.13	7.5
1.07E-06	0.13	7.43
1.06E-06	0.13	7.35
1.05E-06	0.12	7.28
1.04E-06	0.12	7.21
1.03E-06	0.12	7.13
1.02E-06	0.12	7.06
1.01E-06	0.12	6.99
1.00E-06	0.11	6.91
9.90E-07	0.11	6.84
9.80E-07	0.11	6.77
9.70E-07	0.11	6.69
9.60E-07	0.11	6.62
9.50E-07	0.1	6.54
9.40E-07	0.1	6.47
9.30E-07	0.1	6.4
9.20E-07	0.1	6.32
9.10E-07	0.1	6.25
9.00E-07	0.1	6.17
8.90E-07	0.09	6.1
8.80E-07	0.09	6.03
8.70E-07	0.09	5.95
8.60E-07	0.09	5.88
8.50E-07	0.09	5.8
8.40E-07	0.09	5.73
8.30E-07	0.08	5.65
8.20E-07	0.08	5.58
8.10E-07	0.08	5.5
8.00E-07	0.08	5.43
7.90E-07	0.08	5.35
7.80E-07	0.08	5.28
7.70E-07	0.07	5.2
7.60E-07	0.07	5.13
7.50E-07	0.07	5.05
7.40E-07	0.07	4.98
7.30E-07	0.07	4.9
7.20E-07	0.07	4.82
7.10E-07	0.07	4.75
7.00E-07	0.07	4.67
6.90E-07	0.06	4.59
6.80E-07	0.06	4.52
6.70E-07	0.06	4.44
6.60E-07	0.06	4.36
6.50E-07	0.06	4.28
6.40E-07	0.06	4.21
6.30E-07	0.06	4.13
6.20E-07	0.06	4.05
6.10E-07	0.06	3.97
6.00E-07	0.06	3.89
5.90E-07	0.06	3.81
5.80E-07	0.05	3.73
5.70E-07	0.05	3.65
5.60E-07	0.05	3.57
5.50E-07	0.05	3.48
5.40E-07	0.05	3.4
5.30E-07	0.05	3.32
5.20E-07	0.05	3.23
5.10E-07	0.05	3.15
5.00E-07	0.05	3.06
4.90E-07	0.05	2.97
4.80E-07	0.05	2.89
4.70E-07	0.05	2.8
4.60E-07	0.05	2.7
4.50E-07	0.05	2.61
4.40E-07	0.05	2.51
4.30E-07	0.05	2.41
4.20E-07	0.06	2.31
4.10E-07	0.06	2.2
4.00E-07	0.06	2.09
3.90E-07	0.06	1.97
3.80E-07	0.06	1.84
3.70E-07	0.07	1.7
3.60E-07	0.07	1.54
3.50E-07	0.08	1.34
3.40E-07	0.11	1.08
3.30E-07	0.22	0.68
3.20E-07	0.82	0.33
3.10E-07	1.37	0.52
3.00E-07	1.61	0.91
2.90E-07	1.53	1.17
2.80E-07	1.48	1.24
2.70E-07	1.36	1.32