2.00723E-07	1.537296	0.52411
2.02313E-07	1.537285	0.5033
2.03904E-07	1.537275	0.483621
2.05495E-07	1.537264	0.464998
2.07086E-07	1.537254	0.447362
2.08677E-07	1.537244	0.430647
2.10268E-07	1.537235	0.414796
2.11858E-07	1.537225	0.399752
2.1345E-07	1.537216	0.385466
2.15041E-07	1.537207	0.37189
2.16632E-07	1.537199	0.358981
2.18223E-07	1.53719	0.346698
2.19814E-07	1.537181	0.335004
2.21405E-07	1.537173	0.323864
2.22997E-07	1.537165	0.313245
2.24588E-07	1.537157	0.303117
2.2618E-07	1.53715	0.293452
2.27771E-07	1.537142	0.284223
2.29363E-07	1.537135	0.275407
2.30954E-07	1.537127	0.266979
2.32546E-07	1.53712	0.25892
2.34137E-07	1.537113	0.251208
2.35729E-07	1.537107	0.243825
2.37321E-07	1.5371	0.236754
2.38913E-07	1.537093	0.229977
2.40505E-07	1.537087	0.223481
2.42097E-07	1.537081	0.217249
2.43688E-07	1.537075	0.211269
2.4528E-07	1.537068	0.205529
2.46873E-07	1.537063	0.200015
2.48465E-07	1.537057	0.194716
2.50057E-07	1.537051	0.189623
2.51649E-07	1.537045	0.184725
2.53241E-07	1.53704	0.180012
2.54833E-07	1.537035	0.175476
2.56426E-07	1.537029	0.171109
2.58018E-07	1.537024	0.166902
2.5961E-07	1.537019	0.162848
2.61203E-07	1.537014	0.15894
2.62795E-07	1.537009	0.155171
2.64388E-07	1.537004	0.151536
2.6598E-07	1.537	0.148028
2.67573E-07	1.536995	0.144641
2.69165E-07	1.53699	0.14137
2.70758E-07	1.536986	0.13821
2.72351E-07	1.536981	0.135157
2.73943E-07	1.536977	0.132205
2.75536E-07	1.536973	0.129351
2.77129E-07	1.536969	0.12659
2.78722E-07	1.536965	0.123919
2.80315E-07	1.53696	0.121333
2.81907E-07	1.536957	0.118829
2.835E-07	1.536953	0.116405
2.85093E-07	1.536949	0.114056
2.86686E-07	1.536945	0.111779
2.88279E-07	1.536941	0.109573
2.89872E-07	1.536938	0.107433
2.91465E-07	1.536934	0.105358
2.93059E-07	1.53693	0.103345
2.94652E-07	1.536927	0.101392
2.96245E-07	1.536924	0.099496
2.97838E-07	1.53692	0.097654
2.99431E-07	1.536917	0.095867
3.01025E-07	1.536914	0.09413
3.02618E-07	1.53691	0.092442
3.04211E-07	1.536907	0.090802
3.05805E-07	1.536904	0.089207
3.07398E-07	1.536901	0.087657
3.08991E-07	1.536898	0.086149
3.10585E-07	1.536895	0.084682
3.12178E-07	1.536892	0.083255
3.13772E-07	1.536889	0.081866
3.15365E-07	1.536886	0.080513
3.16959E-07	1.536884	0.079197
3.18552E-07	1.536881	0.077914
3.20146E-07	1.536878	0.076665
3.21739E-07	1.536875	0.075448
3.23333E-07	1.536873	0.074262
3.24927E-07	1.53687	0.073106
3.2652E-07	1.536868	0.071979
3.28114E-07	1.536865	0.07088
3.29708E-07	1.536863	0.069808
3.31301E-07	1.53686	0.068762
3.32895E-07	1.536858	0.067742
3.34489E-07	1.536855	0.066747
3.36082E-07	1.536853	0.065775
3.37676E-07	1.536851	0.064827
3.3927E-07	1.536849	0.0639
3.40864E-07	1.536846	0.062996
3.42458E-07	1.536844	0.062113
3.44052E-07	1.536842	0.06125
3.45645E-07	1.53684	0.060406
3.47239E-07	1.536838	0.059582
3.48833E-07	1.536835	0.058777
3.50427E-07	1.536833	0.057989
3.52021E-07	1.536831	0.057219
3.53615E-07	1.536829	0.056467
3.55209E-07	1.536827	0.05573
3.56803E-07	1.536825	0.05501
3.58397E-07	1.536824	0.054305
3.59991E-07	1.536822	0.053616
3.61585E-07	1.53682	0.052941
3.63179E-07	1.536818	0.05228
3.64773E-07	1.536816	0.051634
3.66367E-07	1.536814	0.051001
3.67961E-07	1.536812	0.050381
3.69555E-07	1.536811	0.049773
3.71149E-07	1.536809	0.049179
3.72743E-07	1.536807	0.048596
3.74337E-07	1.536806	0.048025
3.75931E-07	1.536804	0.047466
3.77525E-07	1.536802	0.046917
3.7912E-07	1.536801	0.04638
3.80714E-07	1.536799	0.045853
3.82308E-07	1.536797	0.045337
3.83902E-07	1.536796	0.04483
3.85496E-07	1.536794	0.044334
3.8709E-07	1.536793	0.043846
3.88684E-07	1.536791	0.043368
3.90278E-07	1.53679	0.0429
3.91872E-07	1.536788	0.04244
3.93467E-07	1.536787	0.041988
3.95061E-07	1.536785	0.041545
3.96655E-07	1.536784	0.04111
3.98249E-07	1.536782	0.040683
3.99843E-07	1.536781	0.040264
4.01437E-07	1.53678	0.039853
4.03031E-07	1.536778	0.039449
4.04626E-07	1.536777	0.039052
4.0622E-07	1.536776	0.038662
4.07814E-07	1.536774	0.038279
4.09408E-07	1.536773	0.037903
4.11002E-07	1.536772	0.037533
4.12596E-07	1.53677	0.03717
4.1419E-07	1.536769	0.036813
4.15784E-07	1.536768	0.036462
4.17379E-07	1.536767	0.036118
4.18973E-07	1.536766	0.035779
4.20567E-07	1.536764	0.035445
4.22161E-07	1.536763	0.035118
4.23755E-07	1.536762	0.034796
4.25349E-07	1.536761	0.034479
4.26943E-07	1.53676	0.034167
4.28537E-07	1.536759	0.033861
4.30131E-07	1.536757	0.033559
4.31725E-07	1.536756	0.033262
4.33319E-07	1.536755	0.032971
4.34913E-07	1.536754	0.032683
4.36507E-07	1.536753	0.032401
4.38101E-07	1.536752	0.032123
4.39695E-07	1.536751	0.031849
4.41289E-07	1.53675	0.031579
4.42883E-07	1.536749	0.031314
4.44477E-07	1.536748	0.031053
4.46071E-07	1.536747	0.030796
4.47665E-07	1.536746	0.030542
4.49259E-07	1.536745	0.030293
4.50853E-07	1.536744	0.030048
4.52447E-07	1.536743	0.029806
4.54041E-07	1.536742	0.029567
4.55635E-07	1.536741	0.029333
4.57229E-07	1.53674	0.029102
4.58822E-07	1.536739	0.028874
4.60416E-07	1.536738	0.028649
4.6201E-07	1.536737	0.028428
4.63604E-07	1.536737	0.02821
4.65198E-07	1.536736	0.027995
4.66791E-07	1.536735	0.027784
4.68385E-07	1.536734	0.027575
4.69979E-07	1.536733	0.027369
4.71572E-07	1.536732	0.027166
4.73166E-07	1.536731	0.026966
4.7476E-07	1.536731	0.026769
4.76353E-07	1.53673	0.026575
4.77947E-07	1.536729	0.026383
4.79541E-07	1.536728	0.026194
4.81134E-07	1.536727	0.026008
4.82728E-07	1.536727	0.025824
4.84321E-07	1.536726	0.025642
4.85915E-07	1.536725	0.025463
4.87508E-07	1.536724	0.025287
4.89102E-07	1.536723	0.025113
4.90695E-07	1.536723	0.024941
4.92288E-07	1.536722	0.024771
4.93882E-07	1.536721	0.024604
4.95475E-07	1.536721	0.024439
4.97068E-07	1.53672	0.024276
4.98662E-07	1.536719	0.024115
5.00255E-07	1.536718	0.023956
5.01848E-07	1.536718	0.023799
5.03441E-07	1.536717	0.023645
5.05035E-07	1.536716	0.023492
5.06628E-07	1.536716	0.023341
5.08221E-07	1.536715	0.023192
5.09814E-07	1.536714	0.023045
5.11407E-07	1.536714	0.0229
5.13E-07	1.536713	0.022757
5.14593E-07	1.536712	0.022615
5.16186E-07	1.536712	0.022475
5.17779E-07	1.536711	0.022337
5.19372E-07	1.53671	0.022201
5.20964E-07	1.53671	0.022066
5.22557E-07	1.536709	0.021933
5.2415E-07	1.536708	0.021801
5.25743E-07	1.536708	0.021671
5.27336E-07	1.536707	0.021543
5.28928E-07	1.536707	0.021416
5.30521E-07	1.536706	0.021291
5.32113E-07	1.536705	0.021167
5.33706E-07	1.536705	0.021044
5.35299E-07	1.536704	0.020923
5.36891E-07	1.536704	0.020804
5.38484E-07	1.536703	0.020685
5.40076E-07	1.536703	0.020569
5.41668E-07	1.536702	0.020453
5.43261E-07	1.536702	0.020339
5.44853E-07	1.536701	0.020226
5.46445E-07	1.5367	0.020115
5.48037E-07	1.5367	0.020004
5.4963E-07	1.536699	0.019895
5.51222E-07	1.536699	0.019787
5.52814E-07	1.536698	0.019681
5.54406E-07	1.536698	0.019575
5.55998E-07	1.536697	0.019471
5.5759E-07	1.536697	0.019368
5.59182E-07	1.536696	0.019266
5.60773E-07	1.536696	0.019165
5.62365E-07	1.536695	0.019065
5.63957E-07	1.536695	0.018966
5.65549E-07	1.536694	0.018869
5.6714E-07	1.536694	0.018772
5.68732E-07	1.536693	0.018677
5.70324E-07	1.536693	0.018582
5.71915E-07	1.536692	0.018488
5.73507E-07	1.536692	0.018396
5.75098E-07	1.536691	0.018304
5.76689E-07	1.536691	0.018214
5.78281E-07	1.53669	0.018124
5.79872E-07	1.53669	0.018035
5.81463E-07	1.53669	0.017947
5.83054E-07	1.536689	0.017861
5.84646E-07	1.536689	0.017775
5.86237E-07	1.536688	0.017689
5.87828E-07	1.536688	0.017605
5.89419E-07	1.536687	0.017522
5.9101E-07	1.536687	0.017439
5.926E-07	1.536687	0.017357
5.94191E-07	1.536686	0.017276
5.95782E-07	1.536686	0.017196
5.97373E-07	1.536685	0.017117
5.98963E-07	1.536685	0.017038
6.00554E-07	1.536684	0.016961
6.02144E-07	1.536684	0.016884
6.03735E-07	1.536684	0.016808
6.05325E-07	1.536683	0.016732
6.06916E-07	1.536683	0.016657
6.08506E-07	1.536682	0.016583
6.10096E-07	1.536682	0.01651
6.11686E-07	1.536682	0.016437
6.13276E-07	1.536681	0.016365
6.14866E-07	1.536681	0.016294
6.16456E-07	1.536681	0.016224
6.18046E-07	1.53668	0.016154
6.19636E-07	1.53668	0.016085
6.21226E-07	1.536679	0.016016
6.22816E-07	1.536679	0.015948
6.24406E-07	1.536679	0.015881
6.25995E-07	1.536678	0.015814
6.27585E-07	1.536678	0.015748
6.29174E-07	1.536678	0.015683
6.30764E-07	1.536677	0.015618
6.32353E-07	1.536677	0.015554
6.33942E-07	1.536677	0.01549
6.35531E-07	1.536676	0.015427
6.37121E-07	1.536676	0.015364
6.3871E-07	1.536676	0.015302
6.40299E-07	1.536675	0.015241
6.41888E-07	1.536675	0.01518
6.43477E-07	1.536674	0.01512
6.45065E-07	1.536674	0.01506
6.46654E-07	1.536674	0.015001
6.48243E-07	1.536674	0.014942
6.49831E-07	1.536673	0.014884
6.5142E-07	1.536673	0.014826
6.53008E-07	1.536673	0.014769
6.54597E-07	1.536672	0.014713
6.56185E-07	1.536672	0.014656
6.57773E-07	1.536672	0.014601
6.59362E-07	1.536671	0.014546
6.6095E-07	1.536671	0.014491
6.62538E-07	1.536671	0.014437
6.64126E-07	1.53667	0.014383
6.65714E-07	1.53667	0.01433
6.67301E-07	1.53667	0.014277
6.68889E-07	1.536669	0.014224
6.70477E-07	1.536669	0.014172
6.72064E-07	1.536669	0.014121
6.73652E-07	1.536669	0.01407
6.75239E-07	1.536668	0.014019
6.76827E-07	1.536668	0.013969
6.78414E-07	1.536668	0.013919
6.80001E-07	1.536667	0.013869
6.81588E-07	1.536667	0.01382
6.83175E-07	1.536667	0.013772
6.84762E-07	1.536667	0.013723
6.86349E-07	1.536666	0.013676
6.87936E-07	1.536666	0.013628
6.89523E-07	1.536666	0.013581
6.91109E-07	1.536666	0.013534
6.92696E-07	1.536665	0.013488
6.94282E-07	1.536665	0.013442
6.95868E-07	1.536665	0.013396
6.97455E-07	1.536665	0.013351
6.99041E-07	1.536664	0.013306
7.00627E-07	1.536664	0.013262
7.02213E-07	1.536664	0.013218
7.03799E-07	1.536664	0.013174
7.05385E-07	1.536663	0.01313
7.06971E-07	1.536663	0.013087
7.08556E-07	1.536663	0.013045
7.10142E-07	1.536663	0.013002
7.11727E-07	1.536662	0.01296
7.13313E-07	1.536662	0.012918
7.14898E-07	1.536662	0.012877
7.16484E-07	1.536662	0.012836
7.18069E-07	1.536661	0.012795
7.19654E-07	1.536661	0.012754
7.21239E-07	1.536661	0.012714
7.22824E-07	1.536661	0.012674
7.24408E-07	1.53666	0.012634
7.25993E-07	1.53666	0.012595
7.27578E-07	1.53666	0.012556
7.29162E-07	1.53666	0.012517
7.30747E-07	1.536659	0.012479
7.32331E-07	1.536659	0.012441
7.33915E-07	1.536659	0.012403
7.35499E-07	1.536659	0.012365
7.37083E-07	1.536659	0.012328
7.38667E-07	1.536658	0.012291
7.40251E-07	1.536658	0.012254
7.41835E-07	1.536658	0.012218
7.43419E-07	1.536658	0.012181
7.45002E-07	1.536657	0.012146
7.46586E-07	1.536657	0.01211
7.48169E-07	1.536657	0.012074
7.49752E-07	1.536657	0.012039
7.51335E-07	1.536657	0.012004
7.52918E-07	1.536656	0.01197
7.54501E-07	1.536656	0.011935
7.56084E-07	1.536656	0.011901
7.57667E-07	1.536656	0.011867
7.5925E-07	1.536656	0.011833
7.60832E-07	1.536655	0.0118
7.62415E-07	1.536655	0.011766
7.63997E-07	1.536655	0.011733
7.65579E-07	1.536655	0.011701
7.67161E-07	1.536655	0.011668
7.68744E-07	1.536654	0.011636
7.70325E-07	1.536654	0.011604
7.71907E-07	1.536654	0.011572
7.73489E-07	1.536654	0.01154
7.75071E-07	1.536654	0.011509
7.76652E-07	1.536654	0.011477
7.78234E-07	1.536653	0.011446
7.79815E-07	1.536653	0.011416
7.81396E-07	1.536653	0.011385
7.82977E-07	1.536653	0.011355
7.84558E-07	1.536653	0.011324
7.86139E-07	1.536652	0.011294
7.8772E-07	1.536652	0.011265
7.893E-07	1.536652	0.011235
7.90881E-07	1.536652	0.011206
7.92461E-07	1.536652	0.011176
7.94042E-07	1.536651	0.011147
7.95622E-07	1.536651	0.011119
7.97202E-07	1.536651	0.01109
7.98782E-07	1.536651	0.011062
8.00362E-07	1.536651	0.011033
8.01942E-07	1.536651	0.011005
8.03521E-07	1.536651	0.010977
8.05101E-07	1.53665	0.01095
8.0668E-07	1.53665	0.010922
8.08259E-07	1.53665	0.010895
8.09839E-07	1.53665	0.010868
8.11418E-07	1.53665	0.010841
8.12997E-07	1.536649	0.010814
8.14575E-07	1.536649	0.010787
8.16154E-07	1.536649	0.010761
8.17733E-07	1.536649	0.010735
8.19311E-07	1.536649	0.010708
8.2089E-07	1.536649	0.010683
8.22468E-07	1.536649	0.010657
8.24046E-07	1.536648	0.010631
8.25624E-07	1.536648	0.010606
8.27202E-07	1.536648	0.01058
8.28779E-07	1.536648	0.010555
8.30357E-07	1.536648	0.01053
8.31935E-07	1.536648	0.010505
8.33512E-07	1.536647	0.010481
8.35089E-07	1.536647	0.010456
8.36666E-07	1.536647	0.010432
8.38243E-07	1.536647	0.010407
8.3982E-07	1.536647	0.010383
8.41397E-07	1.536647	0.010359
8.42974E-07	1.536647	0.010336
8.4455E-07	1.536646	0.010312
8.46127E-07	1.536646	0.010289
8.47703E-07	1.536646	0.010265
8.49279E-07	1.536646	0.010242
8.50855E-07	1.536646	0.010219
8.52431E-07	1.536646	0.010196
8.54007E-07	1.536646	0.010173
8.55582E-07	1.536645	0.01015
8.57158E-07	1.536645	0.010128
8.58733E-07	1.536645	0.010106
8.60308E-07	1.536645	0.010083
8.61883E-07	1.536645	0.010061
8.63458E-07	1.536645	0.010039
8.65033E-07	1.536645	0.010017
8.66608E-07	1.536644	0.009996
8.68182E-07	1.536644	0.009974
8.69757E-07	1.536644	0.009952
8.71331E-07	1.536644	0.009931
8.72905E-07	1.536644	0.00991
8.74479E-07	1.536644	0.009889
8.76053E-07	1.536644	0.009868
8.77627E-07	1.536644	0.009847
8.79201E-07	1.536643	0.009826
8.80774E-07	1.536643	0.009805
8.82347E-07	1.536643	0.009785
8.83921E-07	1.536643	0.009765
8.85494E-07	1.536643	0.009744
8.87067E-07	1.536643	0.009724
8.88639E-07	1.536643	0.009704
8.90212E-07	1.536643	0.009684
8.91785E-07	1.536642	0.009664
8.93357E-07	1.536642	0.009645
8.94929E-07	1.536642	0.009625
8.96501E-07	1.536642	0.009606
8.98073E-07	1.536642	0.009586
8.99645E-07	1.536642	0.009567
9.01217E-07	1.536642	0.009548
9.02788E-07	1.536642	0.009529
9.0436E-07	1.536641	0.00951
9.05931E-07	1.536641	0.009491
9.07502E-07	1.536641	0.009472
9.09073E-07	1.536641	0.009453
9.10644E-07	1.536641	0.009435
9.12215E-07	1.536641	0.009416
9.13785E-07	1.536641	0.009398
9.15355E-07	1.536641	0.00938
9.16926E-07	1.536641	0.009362
9.18496E-07	1.53664	0.009344
9.20066E-07	1.53664	0.009326
9.21636E-07	1.53664	0.009308
9.23205E-07	1.53664	0.00929
9.24775E-07	1.53664	0.009273
9.26344E-07	1.53664	0.009255
9.27913E-07	1.53664	0.009238
9.29482E-07	1.53664	0.00922
9.31051E-07	1.53664	0.009203
9.3262E-07	1.536639	0.009186
9.34188E-07	1.536639	0.009169
9.35757E-07	1.536639	0.009152
9.37325E-07	1.536639	0.009135
9.38893E-07	1.536639	0.009118
9.40461E-07	1.536639	0.009101
9.42029E-07	1.536639	0.009085
9.43597E-07	1.536639	0.009068
9.45164E-07	1.536639	0.009052
9.46732E-07	1.536638	0.009035
9.48299E-07	1.536638	0.009019
9.49866E-07	1.536638	0.009003
9.51433E-07	1.536638	0.008987
9.53E-07	1.536638	0.00897
9.54566E-07	1.536638	0.008954
9.56133E-07	1.536638	0.008939
9.57699E-07	1.536638	0.008923
9.59265E-07	1.536638	0.008907
9.60831E-07	1.536638	0.008891
9.62397E-07	1.536637	0.008876
9.63962E-07	1.536637	0.00886
9.65528E-07	1.536637	0.008845
9.67093E-07	1.536637	0.00883
9.68658E-07	1.536637	0.008814
9.70223E-07	1.536637	0.008799
9.71788E-07	1.536637	0.008784
9.73353E-07	1.536637	0.008769
9.74917E-07	1.536637	0.008754
9.76481E-07	1.536637	0.008739
9.78046E-07	1.536637	0.008725
9.79609E-07	1.536636	0.00871
9.81173E-07	1.536636	0.008695
9.82737E-07	1.536636	0.008681
9.843E-07	1.536636	0.008666
9.85864E-07	1.536636	0.008652
9.87427E-07	1.536636	0.008637
9.8899E-07	1.536636	0.008623
9.90553E-07	1.536636	0.008609
9.92115E-07	1.536636	0.008595
9.93678E-07	1.536636	0.008581
9.9524E-07	1.536636	0.008567
9.96802E-07	1.536635	0.008553
9.98364E-07	1.536635	0.008539
9.99926E-07	1.536635	0.008525
1.01138E-06	1.536635	0.008426
1.01479E-06	1.536634	0.008397
1.0182E-06	1.536634	0.008368
1.02161E-06	1.536634	0.00834
1.02502E-06	1.536634	0.008312
1.02843E-06	1.536634	0.008284
1.03184E-06	1.536634	0.008257
1.03525E-06	1.536633	0.008229
1.03866E-06	1.536633	0.008202
1.04208E-06	1.536633	0.008176
1.04549E-06	1.536633	0.008149
1.0489E-06	1.536633	0.008123
1.05231E-06	1.536633	0.008097
1.05573E-06	1.536632	0.008071
1.05914E-06	1.536632	0.008046
1.06256E-06	1.536632	0.008021
1.06597E-06	1.536632	0.007996
1.06939E-06	1.536632	0.007971
1.0728E-06	1.536632	0.007947
1.07622E-06	1.536631	0.007922
1.07963E-06	1.536631	0.007898
1.08305E-06	1.536631	0.007874
1.08646E-06	1.536631	0.007851
1.08988E-06	1.536631	0.007827
1.0933E-06	1.536631	0.007804
1.09672E-06	1.536631	0.007781
1.10013E-06	1.536631	0.007758
1.10355E-06	1.53663	0.007736
1.10697E-06	1.53663	0.007713
1.11039E-06	1.53663	0.007691
1.11381E-06	1.53663	0.007669
1.11723E-06	1.53663	0.007648
1.12065E-06	1.53663	0.007626
1.12407E-06	1.536629	0.007605
1.12749E-06	1.536629	0.007583
1.13091E-06	1.536629	0.007562
1.13433E-06	1.536629	0.007542
1.13775E-06	1.536629	0.007521
1.14118E-06	1.536629	0.0075
1.1446E-06	1.536629	0.00748
1.14802E-06	1.536629	0.00746
1.15144E-06	1.536628	0.00744
1.15487E-06	1.536628	0.00742
1.15829E-06	1.536628	0.007401
1.16171E-06	1.536628	0.007381
1.16514E-06	1.536628	0.007362
1.16856E-06	1.536628	0.007343
1.17199E-06	1.536628	0.007324
1.17541E-06	1.536628	0.007305
1.17884E-06	1.536628	0.007286
1.18227E-06	1.536627	0.007268
1.18569E-06	1.536627	0.00725
1.18912E-06	1.536627	0.007231
1.19255E-06	1.536627	0.007213
1.19597E-06	1.536627	0.007195
1.1994E-06	1.536627	0.007178
1.20283E-06	1.536627	0.00716
1.20626E-06	1.536627	0.007142
1.20969E-06	1.536626	0.007125
1.21312E-06	1.536626	0.007108
1.21655E-06	1.536626	0.007091
1.21998E-06	1.536626	0.007074
1.22341E-06	1.536626	0.007057
1.22684E-06	1.536626	0.00704
1.23027E-06	1.536626	0.007024
1.2337E-06	1.536626	0.007008
1.23713E-06	1.536626	0.006991
1.24056E-06	1.536626	0.006975
1.24399E-06	1.536626	0.006959
1.24743E-06	1.536625	0.006943
1.25086E-06	1.536625	0.006927
1.25429E-06	1.536625	0.006912
1.25773E-06	1.536625	0.006896
1.26116E-06	1.536625	0.006881
1.26459E-06	1.536625	0.006865
1.26803E-06	1.536625	0.00685
1.27146E-06	1.536625	0.006835
1.2749E-06	1.536625	0.00682
1.27833E-06	1.536625	0.006805
1.28177E-06	1.536624	0.006791
1.28521E-06	1.536624	0.006776
1.28864E-06	1.536624	0.006761
1.29208E-06	1.536624	0.006747
1.29552E-06	1.536624	0.006733
1.29896E-06	1.536624	0.006719
1.30239E-06	1.536624	0.006704
1.30583E-06	1.536624	0.00669
1.30927E-06	1.536624	0.006676
1.31271E-06	1.536624	0.006663
1.31615E-06	1.536624	0.006649
1.31959E-06	1.536623	0.006635
1.32303E-06	1.536623	0.006622
1.32647E-06	1.536623	0.006608
1.32991E-06	1.536623	0.006595
1.33335E-06	1.536623	0.006582
1.33679E-06	1.536623	0.006569
1.34024E-06	1.536623	0.006556
1.34368E-06	1.536623	0.006543
1.34712E-06	1.536623	0.00653
1.35056E-06	1.536623	0.006517
1.35401E-06	1.536623	0.006504
1.35745E-06	1.536623	0.006492
1.36089E-06	1.536623	0.006479
1.36434E-06	1.536622	0.006467
1.36778E-06	1.536622	0.006455
1.37123E-06	1.536622	0.006442
1.37467E-06	1.536622	0.00643
1.37812E-06	1.536622	0.006418
1.38156E-06	1.536622	0.006406
1.38501E-06	1.536622	0.006394
1.38846E-06	1.536622	0.006382
1.3919E-06	1.536622	0.006371
1.39535E-06	1.536622	0.006359
1.3988E-06	1.536622	0.006347
1.40225E-06	1.536622	0.006336
1.4057E-06	1.536622	0.006324
1.40914E-06	1.536621	0.006313
1.41259E-06	1.536621	0.006302
1.41604E-06	1.536621	0.00629
1.41949E-06	1.536621	0.006279
1.42294E-06	1.536621	0.006268
1.42639E-06	1.536621	0.006257
1.42984E-06	1.536621	0.006246
1.43329E-06	1.536621	0.006235
1.43675E-06	1.536621	0.006225
1.4402E-06	1.536621	0.006214
1.44365E-06	1.536621	0.006203
1.4471E-06	1.536621	0.006193
1.45055E-06	1.536621	0.006182
1.45401E-06	1.536621	0.006172
1.45746E-06	1.536621	0.006161
1.46092E-06	1.53662	0.006151
1.46437E-06	1.53662	0.006141
1.46782E-06	1.53662	0.00613
1.47128E-06	1.53662	0.00612
1.47473E-06	1.53662	0.00611
1.47819E-06	1.53662	0.0061
1.48165E-06	1.53662	0.00609
1.4851E-06	1.53662	0.00608
1.48856E-06	1.53662	0.00607
1.49202E-06	1.53662	0.006061
1.49547E-06	1.53662	0.006051
1.49893E-06	1.53662	0.006041
1.50239E-06	1.53662	0.006032
1.50585E-06	1.53662	0.006022
1.5093E-06	1.53662	0.006013
1.51276E-06	1.53662	0.006003
1.51622E-06	1.53662	0.005994
1.51968E-06	1.53662	0.005985
1.52314E-06	1.53662	0.005975
1.5266E-06	1.536619	0.005966
1.53006E-06	1.536619	0.005957
1.53352E-06	1.536619	0.005948
1.53699E-06	1.536619	0.005939
1.54045E-06	1.536619	0.00593
1.54391E-06	1.536619	0.005921
1.54737E-06	1.536619	0.005912
1.55083E-06	1.536619	0.005903
1.5543E-06	1.536619	0.005895
1.55776E-06	1.536619	0.005886
1.56122E-06	1.536619	0.005877
1.56469E-06	1.536619	0.005869
1.56815E-06	1.536619	0.00586
1.57162E-06	1.536619	0.005852
1.57508E-06	1.536619	0.005843
1.57855E-06	1.536619	0.005835
1.58201E-06	1.536619	0.005826
1.58548E-06	1.536619	0.005818
1.58895E-06	1.536618	0.00581
1.59241E-06	1.536618	0.005802
1.59588E-06	1.536618	0.005793
1.59935E-06	1.536618	0.005785
1.60282E-06	1.536618	0.005777
1.60628E-06	1.536618	0.005769
1.60975E-06	1.536618	0.005761
1.61322E-06	1.536618	0.005753
1.61669E-06	1.536618	0.005745
1.62016E-06	1.536618	0.005737
1.62363E-06	1.536618	0.00573
1.6271E-06	1.536618	0.005722
1.63057E-06	1.536618	0.005714
1.63404E-06	1.536618	0.005706
1.63751E-06	1.536618	0.005699
1.64099E-06	1.536618	0.005691
1.64446E-06	1.536618	0.005683
1.64793E-06	1.536618	0.005676
1.6514E-06	1.536618	0.005668
1.65488E-06	1.536618	0.005661
1.65835E-06	1.536618	0.005654
1.66182E-06	1.536618	0.005646
1.6653E-06	1.536618	0.005639
1.66877E-06	1.536618	0.005632
1.67225E-06	1.536617	0.005624
1.67572E-06	1.536617	0.005617
1.6792E-06	1.536617	0.00561
1.68267E-06	1.536617	0.005603
1.68615E-06	1.536617	0.005596
1.68962E-06	1.536617	0.005589
