8.85714E-07	1.78180609	0.00415625
8.84386E-07	1.782119465	0.00419007
8.83062E-07	1.782433926	0.00422372
8.81742E-07	1.782749483	0.0042572
8.80426E-07	1.783066143	0.00429051
8.79114E-07	1.783383916	0.00432365
8.77806E-07	1.78370281	0.00435662
8.76502E-07	1.784022835	0.0043894
8.75201E-07	1.784343999	0.004422
8.73905E-07	1.784666312	0.00445442
8.72612E-07	1.784989782	0.00448664
8.71323E-07	1.78531442	0.00451867
8.70038E-07	1.785640234	0.00455051
8.68757E-07	1.785967235	0.00458214
8.67479E-07	1.786295431	0.00461357
8.66205E-07	1.786624834	0.00464479
8.64935E-07	1.786955452	0.0046758
8.63669E-07	1.787287297	0.0047066
8.62406E-07	1.787620377	0.00473718
8.61147E-07	1.787954705	0.00476754
8.59892E-07	1.788290289	0.00479767
8.5864E-07	1.788627141	0.00482757
8.57392E-07	1.788965271	0.00485724
8.56148E-07	1.789304691	0.00488667
8.54907E-07	1.789645411	0.00491587
8.5367E-07	1.789987443	0.00494481
8.52436E-07	1.790330798	0.00497351
8.51206E-07	1.790675487	0.00500195
8.49979E-07	1.791021522	0.00503014
8.48756E-07	1.791368915	0.00505807
8.47537E-07	1.791717678	0.00508573
8.46321E-07	1.792067823	0.00511312
8.45108E-07	1.792419362	0.00514024
8.43899E-07	1.792772307	0.00516708
8.42694E-07	1.793126672	0.00519364
8.41492E-07	1.793482468	0.00521991
8.40293E-07	1.793839709	0.00524589
8.39098E-07	1.794198408	0.00527158
8.37906E-07	1.794558578	0.00529696
8.36717E-07	1.794920233	0.00532204
8.35532E-07	1.795283385	0.00534682
8.3435E-07	1.79564805	0.00537127
8.33172E-07	1.79601424	0.00539541
8.31997E-07	1.796381971	0.00541923
8.30825E-07	1.796751256	0.00544272
8.29656E-07	1.79712211	0.00546588
8.28491E-07	1.797494547	0.0054887
8.27329E-07	1.797868583	0.00551117
8.2617E-07	1.798244234	0.0055333
8.25015E-07	1.798621513	0.00555508
8.23863E-07	1.799000437	0.0055765
8.22714E-07	1.799381022	0.00559756
8.21568E-07	1.799763283	0.00561825
8.20425E-07	1.800147237	0.00563857
8.19286E-07	1.800532901	0.00565851
8.18149E-07	1.80092029	0.00567807
8.17016E-07	1.801309422	0.00569723
8.15886E-07	1.801700314	0.00571601
8.14759E-07	1.802092984	0.00573438
8.13635E-07	1.802487449	0.00575235
8.12515E-07	1.802883726	0.00576991
8.11397E-07	1.803281835	0.00578705
8.10283E-07	1.803681793	0.00580378
8.09171E-07	1.804083619	0.00582007
8.08063E-07	1.804487333	0.00583593
8.06957E-07	1.804892952	0.00585135
8.05855E-07	1.805300498	0.00586633
8.04755E-07	1.805709988	0.00588085
8.03659E-07	1.806121445	0.00589492
8.02566E-07	1.806534887	0.00590853
8.01475E-07	1.806950335	0.00592167
8.00388E-07	1.807367811	0.00593433
7.99303E-07	1.807787336	0.00594651
7.98222E-07	1.80820893	0.00595821
7.97143E-07	1.808632617	0.00596941
7.96067E-07	1.809058417	0.00598011
7.94994E-07	1.809486354	0.0059903
7.93924E-07	1.809916451	0.00599998
7.92857E-07	1.81034873	0.00600914
7.91793E-07	1.810783215	0.00601778
7.90732E-07	1.811219931	0.00602588
7.89673E-07	1.8116589	0.00603344
7.88617E-07	1.812100148	0.00604046
7.87564E-07	1.8125437	0.00604692
7.86514E-07	1.812989581	0.00605283
7.85467E-07	1.813437816	0.00605817
7.84422E-07	1.813888433	0.00606293
7.83381E-07	1.814341456	0.00606711
7.82342E-07	1.814796914	0.0060707
7.81306E-07	1.815254833	0.0060737
7.80272E-07	1.815715242	0.0060761
7.79241E-07	1.816178168	0.00607788
7.78213E-07	1.816643639	0.00607905
7.77188E-07	1.817111686	0.0060796
7.76165E-07	1.817582337	0.00607951
7.75145E-07	1.818055623	0.00607878
7.74128E-07	1.818531574	0.00607741
7.73114E-07	1.81901022	0.00607538
7.72102E-07	1.819491593	0.00607268
7.71092E-07	1.819975725	0.00606932
7.70086E-07	1.820462649	0.00606528
7.69082E-07	1.820952396	0.00606055
7.6808E-07	1.821445002	0.00605512
7.67082E-07	1.821940499	0.006049
7.66085E-07	1.822438922	0.00604216
7.65092E-07	1.822940306	0.0060346
7.64101E-07	1.823444687	0.00602632
7.63112E-07	1.823952101	0.0060173
7.62126E-07	1.824462585	0.00600753
7.61143E-07	1.824976176	0.00599701
7.60162E-07	1.825492912	0.00598574
7.59184E-07	1.826012832	0.00597369
7.58208E-07	1.826535975	0.00596086
7.57235E-07	1.827062382	0.00594725
7.56264E-07	1.827592092	0.00593283
7.55295E-07	1.828125147	0.00591762
7.5433E-07	1.828661589	0.00590159
7.53366E-07	1.829201461	0.00588473
7.52405E-07	1.829744806	0.00586704
7.51447E-07	1.830291669	0.00584851
7.50491E-07	1.830842093	0.00582913
7.49537E-07	1.831396126	0.00580889
7.48586E-07	1.831953814	0.00578778
7.47637E-07	1.832515203	0.00576579
7.46691E-07	1.833080342	0.00574291
7.45747E-07	1.83364928	0.00571913
7.44805E-07	1.834222068	0.00569444
7.43866E-07	1.834798755	0.00566883
7.42929E-07	1.835379393	0.00564229
7.41995E-07	1.835964035	0.00561482
7.41062E-07	1.836552734	0.00558639
7.40133E-07	1.837145546	0.00555701
7.39205E-07	1.837742525	0.00552665
7.3828E-07	1.838343728	0.00549532
7.37357E-07	1.838949213	0.00546299
7.36437E-07	1.839559038	0.00542967
7.35518E-07	1.840173262	0.00539533
7.34602E-07	1.840791948	0.00535997
7.33689E-07	1.841415157	0.00532358
7.32777E-07	1.842042952	0.00528614
7.31868E-07	1.842675398	0.00524765
7.30961E-07	1.843312559	0.00520809
7.30057E-07	1.843954504	0.00516745
7.29154E-07	1.844601301	0.00512572
7.28254E-07	1.845253018	0.0050829
7.27356E-07	1.845909727	0.00503896
7.2646E-07	1.846571501	0.00499389
7.25567E-07	1.847238413	0.00494769
7.24675E-07	1.847910539	0.00490035
7.23786E-07	1.848587955	0.00485184
7.22899E-07	1.849270741	0.00480217
7.22014E-07	1.849958975	0.0047513
7.21132E-07	1.850652741	0.00469925
7.20251E-07	1.85135212	0.00464598
7.19373E-07	1.8520572	0.0045915
7.18497E-07	1.852768066	0.00453578
7.17623E-07	1.853484809	0.00447881
7.16751E-07	1.854207518	0.00442059
7.15881E-07	1.854936287	0.00436109
7.15013E-07	1.85567121	0.00430031
7.14147E-07	1.856412386	0.00423824
7.13284E-07	1.857159913	0.00417485
7.12422E-07	1.857913892	0.00411013
7.11563E-07	1.858674429	0.00404408
7.10706E-07	1.859441628	0.00397667
7.0985E-07	1.8602156	0.00390791
7.08997E-07	1.860996456	0.00383776
7.08146E-07	1.861784309	0.00376621
7.07297E-07	1.862579276	0.00369327
7.0645E-07	1.863381478	0.0036189
7.05605E-07	1.864191038	0.00354309
7.04762E-07	1.86500808	0.00346584
7.03921E-07	1.865832734	0.00338712
7.03082E-07	1.866665132	0.00330693
7.02245E-07	1.867505411	0.00322524
7.0141E-07	1.868353708	0.00314205
7.00577E-07	1.869210168	0.00305733
6.99746E-07	1.870074938	0.00297108
6.98917E-07	1.870948167	0.00288328
6.9809E-07	1.87183001	0.00279392
6.97264E-07	1.872720628	0.00270298
6.96441E-07	1.873620184	0.00261045
6.9562E-07	1.874528846	0.00251631
6.94801E-07	1.875446787	0.00242055
6.93983E-07	1.876374186	0.00232315
6.93168E-07	1.877311226	0.00222411
6.92354E-07	1.878258096	0.00212341
6.91542E-07	1.879214991	0.00202103
6.90733E-07	1.880182112	0.00191697
6.89925E-07	1.881159665	0.00181121
6.89119E-07	1.882147865	0.00170375
6.88315E-07	1.88314693	0.00159456
6.87512E-07	1.88415709	0.00148364
6.86712E-07	1.885178578	0.00137098
6.85914E-07	1.886211637	0.00125658
6.85117E-07	1.887256518	0.00114042
6.84322E-07	1.88831348	0.0010225
6.83529E-07	1.889382791	0.000902811
6.82738E-07	1.890464728	0.000781356
6.81949E-07	1.89155958	0.000658131
6.81161E-07	1.892667642	0.000533137
6.80376E-07	1.893789224	0.000406376
6.79592E-07	1.894924644	0.000277853
6.7881E-07	1.896074234	0.000147576
6.7803E-07	1.897238338	1.56E-05
6.77251E-07	1.898417312	-0.00011819
6.76474E-07	1.899611526	-0.000253646
6.757E-07	1.900821365	-0.00039079
6.74926E-07	1.902047228	-0.000529592
6.74155E-07	1.903289531	-0.000670021
6.73386E-07	1.904548704	-0.000812037
6.72618E-07	1.905825198	-0.000955595
6.71852E-07	1.907119478	-0.00110064
6.71087E-07	1.908432032	-0.00124712
6.70325E-07	1.909763365	-0.00139495
6.69564E-07	1.911114004	-0.00154405
6.68805E-07	1.912484498	-0.00169435
6.68047E-07	1.91387542	-0.00184572
6.67292E-07	1.915287364	-0.00199805
6.66538E-07	1.916720952	-0.00215121
6.65785E-07	1.918176831	-0.00230505
6.65035E-07	1.919655675	-0.00245939
6.64286E-07	1.921158187	-0.00261405
6.63538E-07	1.922685098	-0.00276881
6.62793E-07	1.924237173	-0.00292343
6.62049E-07	1.925815205	-0.00307764
6.61307E-07	1.927420023	-0.00323114
6.60566E-07	1.929052488	-0.0033836
6.59827E-07	1.930713496	-0.00353465
6.5909E-07	1.93240398	-0.00368386
6.58355E-07	1.934124907	-0.00383079
6.57621E-07	1.935877283	-0.0039749
6.56888E-07	1.93766215	-0.00411564
6.56158E-07	1.939480587	-0.00425237
6.55429E-07	1.941333711	-0.00438439
6.54701E-07	1.943222675	-0.00451092
6.53975E-07	1.945148664	-0.00463112
6.53251E-07	1.947112899	-0.00474402
6.52528E-07	1.949116632	-0.0048486
6.51807E-07	1.95116114	-0.00494369
6.51088E-07	1.953247726	-0.00502802
6.5037E-07	1.955377708	-0.00510022
6.49654E-07	1.957552418	-0.00515875
6.48939E-07	1.959773192	-0.00520193
6.48226E-07	1.962041357	-0.00522792
6.47515E-07	1.964358227	-0.00523474
6.46805E-07	1.966725083	-0.00522018
6.46096E-07	1.969143162	-0.00518189
6.45389E-07	1.971613636	-0.00511728
6.44684E-07	1.974137595	-0.00502356
6.4398E-07	1.976716019	-0.00489772
6.43278E-07	1.979349757	-0.00473652
6.42577E-07	1.98203949	-0.00453649
6.41878E-07	1.984785707	-0.00429391
6.4118E-07	1.987588663	-0.00400485
6.40484E-07	1.990448341	-0.00366512
6.39789E-07	1.99336441	-0.00327033
6.39096E-07	1.996336184	-0.00281588
6.38404E-07	1.999362572	-0.002297
6.37714E-07	2.002442034	-0.00170875
6.37026E-07	2.005572532	-0.00104611
6.36338E-07	2.00875149	-0.000303968
6.35653E-07	2.01197575	0.000522762
6.34968E-07	2.015241534	0.00143911
6.34286E-07	2.018544424	0.00244994
6.33604E-07	2.021879337	0.00355989
6.32925E-07	2.025240525	0.00477326
6.32246E-07	2.028621586	0.00609388
6.31569E-07	2.03201549	0.00752507
6.30894E-07	2.035414629	0.00906943
6.3022E-07	2.038810888	0.0107288
6.29547E-07	2.042195738	0.0125042
6.28876E-07	2.045560345	0.0143956
6.28206E-07	2.048895709	0.0164019
6.27538E-07	2.052192814	0.018521
6.26871E-07	2.055442795	0.0207497
6.26206E-07	2.058637111	0.0230835
6.25542E-07	2.06176772	0.025517
6.24879E-07	2.064827258	0.0280437
6.24218E-07	2.067809194	0.0306561
6.23558E-07	2.070707978	0.0333461
6.22899E-07	2.073519156	0.0361048
6.22242E-07	2.076239461	0.038923
6.21587E-07	2.078866868	0.0417909
6.20932E-07	2.081400611	0.0446991
6.20279E-07	2.083841173	0.047638
6.19628E-07	2.086190227	0.0505983
6.18978E-07	2.088450565	0.0535713
6.18329E-07	2.090625983	0.0565489
6.17681E-07	2.092721158	0.0595237
6.17035E-07	2.094741507	0.0624891
6.16391E-07	2.096693033	0.0654396
6.15747E-07	2.09858218	0.0683703
6.15105E-07	2.100415678	0.0712776
6.14464E-07	2.102200408	0.0741587
6.13825E-07	2.103943272	0.0770117
6.13187E-07	2.105651076	0.0798355
6.1255E-07	2.107330432	0.0826299
6.11915E-07	2.108987677	0.0853955
6.11281E-07	2.110628804	0.0881333
6.10648E-07	2.11225941	0.0908452
6.10016E-07	2.113884664	0.0935333
6.09386E-07	2.115509277	0.0962003
6.08757E-07	2.117137495	0.0988492
6.0813E-07	2.118773092	0.101483
6.07503E-07	2.120419381	0.104106
6.06878E-07	2.122079217	0.106721
6.06255E-07	2.123755021	0.109332
6.05632E-07	2.125448797	0.111942
6.05011E-07	2.127162153	0.114557
6.04391E-07	2.128896329	0.117179
6.03772E-07	2.130652216	0.119812
6.03155E-07	2.132430384	0.12246
6.02539E-07	2.134231107	0.125127
6.01924E-07	2.136054382	0.127817
6.01311E-07	2.137899956	0.130532
6.00698E-07	2.13976734	0.133276
6.00087E-07	2.141655835	0.136053
5.99477E-07	2.143564545	0.138866
5.98869E-07	2.145492397	0.141717
5.98261E-07	2.147438149	0.14461
5.97655E-07	2.149400411	0.147547
5.9705E-07	2.151377651	0.150532
5.96447E-07	2.153368208	0.153566
5.95844E-07	2.1553703	0.156653
5.95243E-07	2.157382034	0.159794
5.94643E-07	2.159401412	0.162992
5.94044E-07	2.161426337	0.166249
5.93446E-07	2.163454619	0.169567
5.9285E-07	2.165483981	0.172947
5.92255E-07	2.167512061	0.176393
5.91661E-07	2.169536419	0.179904
5.91068E-07	2.171554536	0.183483
5.90476E-07	2.173563822	0.187132
5.89886E-07	2.175561615	0.190851
5.89296E-07	2.177545185	0.194642
5.88708E-07	2.179511738	0.198507
5.88121E-07	2.181458416	0.202445
5.87536E-07	2.183382298	0.206458
5.86951E-07	2.185280407	0.210547
5.86368E-07	2.187149709	0.214712
5.85785E-07	2.188987118	0.218954
5.85204E-07	2.190789495	0.223274
5.84624E-07	2.192553653	0.227671
5.84045E-07	2.194276362	0.232146
5.83468E-07	2.195954349	0.236699
5.82891E-07	2.197584303	0.24133
5.82316E-07	2.199162879	0.246038
5.81741E-07	2.200686702	0.250824
5.81168E-07	2.202152372	0.255686
5.80596E-07	2.203556468	0.260624
5.80025E-07	2.204895556	0.265637
5.79456E-07	2.206166188	0.270725
5.78887E-07	2.207364918	0.275886
5.78319E-07	2.208488298	0.281118
5.77753E-07	2.209532893	0.286422
5.77188E-07	2.210495285	0.291793
5.76623E-07	2.211372078	0.297232
5.7606E-07	2.212159913	0.302736
5.75498E-07	2.212855467	0.308303
5.74937E-07	2.213455471	0.31393
5.74378E-07	2.213956712	0.319616
5.73819E-07	2.214356048	0.325357
5.73261E-07	2.214650412	0.33115
5.72705E-07	2.214836826	0.336994
5.72149E-07	2.214912411	0.342884
5.71595E-07	2.214874394	0.348817
5.71041E-07	2.214720123	0.35479
5.70489E-07	2.214447074	0.360799
5.69938E-07	2.214052862	0.36684
5.69388E-07	2.213535254	0.37291
5.68839E-07	2.212892177	0.379004
5.68291E-07	2.212121731	0.385117
5.67744E-07	2.211222197	0.391246
5.67198E-07	2.210192047	0.397386
5.66653E-07	2.209029956	0.403533
5.66109E-07	2.20773481	0.40968
5.65566E-07	2.206305714	0.415825
5.65025E-07	2.204742004	0.421961
5.64484E-07	2.203043251	0.428085
5.63944E-07	2.201209271	0.434189
5.63406E-07	2.199240132	0.440271
5.62868E-07	2.197136158	0.446324
5.62331E-07	2.194897937	0.452342
5.61796E-07	2.192526323	0.458322
5.61261E-07	2.190022442	0.464258
5.60728E-07	2.187387693	0.470144
5.60195E-07	2.18462375	0.475976
5.59664E-07	2.181732564	0.481748
5.59133E-07	2.178716361	0.487456
5.58604E-07	2.175577642	0.493094
5.58075E-07	2.172319179	0.498658
5.57548E-07	2.168944013	0.504143
5.57021E-07	2.165455446	0.509544
5.56496E-07	2.161857039	0.514858
5.55971E-07	2.158152601	0.520079
5.55448E-07	2.154346182	0.525205
5.54925E-07	2.150442062	0.53023
5.54404E-07	2.14644474	0.535153
5.53883E-07	2.142358922	0.539969
5.53364E-07	2.138189505	0.544675
5.52845E-07	2.133941564	0.549269
5.52327E-07	2.129620333	0.553747
5.51811E-07	2.125231187	0.558109
5.51295E-07	2.120779627	0.562353
5.5078E-07	2.116271252	0.566475
5.50267E-07	2.111711743	0.570477
5.49754E-07	2.107106837	0.574356
5.49242E-07	2.102462305	0.578112
5.48731E-07	2.097783925	0.581746
5.48221E-07	2.093077455	0.585257
5.47712E-07	2.08834861	0.588645
5.47204E-07	2.083603032	0.591913
5.46697E-07	2.078846261	0.595062
5.4619E-07	2.07408371	0.598092
5.45685E-07	2.069320635	0.601006
5.45181E-07	2.064562106	0.603807
5.44677E-07	2.059812984	0.606497
5.44175E-07	2.055077888	0.60908
5.43673E-07	2.050361175	0.611558
5.43173E-07	2.045666913	0.613935
5.42673E-07	2.040998861	0.616215
5.42174E-07	2.036360447	0.618401
5.41677E-07	2.031754749	0.620499
5.4118E-07	2.027184482	0.622512
5.40684E-07	2.022651988	0.624446
5.40188E-07	2.018159222	0.626303
5.39694E-07	2.013707748	0.62809
5.39201E-07	2.009298742	0.629811
5.38708E-07	2.004932988	0.63147
5.38217E-07	2.000610886	0.633071
5.37726E-07	1.996332465	0.63462
5.37237E-07	1.99209739	0.636121
5.36748E-07	1.987904986	0.637578
5.3626E-07	1.983754251	0.638995
5.35773E-07	1.979643888	0.640375
5.35286E-07	1.975572323	0.641723
5.34801E-07	1.97153774	0.643041
5.34317E-07	1.967538108	0.644333
5.33833E-07	1.963571213	0.645601
5.33351E-07	1.959634693	0.646847
5.32869E-07	1.955726071	0.648074
5.32388E-07	1.951842785	0.649284
5.31908E-07	1.947982226	0.650478
5.31429E-07	1.944141766	0.651658
5.3095E-07	1.940318788	0.652823
5.30473E-07	1.936510718	0.653975
5.29996E-07	1.932715047	0.655114
5.2952E-07	1.928929358	0.65624
5.29045E-07	1.925151347	0.657353
5.28571E-07	1.92137884	0.658453
5.28098E-07	1.917609811	0.659538
5.27626E-07	1.91384239	0.660609
5.27154E-07	1.910074882	0.661664
5.26684E-07	1.906305764	0.662703
5.26214E-07	1.902533697	0.663723
5.25745E-07	1.898757525	0.664724
5.25277E-07	1.894976275	0.665705
5.24809E-07	1.891189155	0.666664
5.24343E-07	1.887395552	0.667599
5.23877E-07	1.883595021	0.668511
5.23412E-07	1.879787285	0.669396
5.22948E-07	1.875972219	0.670254
5.22485E-07	1.872149849	0.671083
5.22023E-07	1.868320335	0.671882
5.21561E-07	1.864483963	0.67265
5.211E-07	1.860641137	0.673386
5.20641E-07	1.856792363	0.674089
5.20181E-07	1.852938243	0.674756
5.19723E-07	1.849079461	0.675389
5.19266E-07	1.845216773	0.675985
5.18809E-07	1.841350998	0.676545
5.18353E-07	1.837483007	0.677066
5.17898E-07	1.833613714	0.67755
5.17444E-07	1.829744067	0.677994
5.1699E-07	1.825875042	0.6784
5.16537E-07	1.822007631	0.678765
5.16085E-07	1.818142838	0.679091
5.15634E-07	1.814281673	0.679377
5.15184E-07	1.810425144	0.679622
5.14734E-07	1.806574253	0.679827
5.14286E-07	1.802729991	0.679992
5.13838E-07	1.798893334	0.680117
5.13391E-07	1.79506524	0.680202
5.12944E-07	1.791246644	0.680247
5.12498E-07	1.787438455	0.680252
5.12054E-07	1.783641559	0.680218
5.11609E-07	1.779856809	0.680145
5.11166E-07	1.77608503	0.680033
5.10724E-07	1.772327014	0.679883
5.10282E-07	1.768583521	0.679695
5.09841E-07	1.764855278	0.67947
5.094E-07	1.761142979	0.679208
5.08961E-07	1.757447281	0.678909
5.08522E-07	1.753768813	0.678575
5.08084E-07	1.750108165	0.678205
5.07647E-07	1.746465896	0.677801
5.0721E-07	1.742842533	0.677363
5.06775E-07	1.739238571	0.676891
5.0634E-07	1.735654472	0.676386
5.05905E-07	1.732090669	0.675848
5.05472E-07	1.728547565	0.675279
5.05039E-07	1.725025532	0.674679
5.04607E-07	1.721524918	0.674048
5.04176E-07	1.718046041	0.673388
5.03745E-07	1.714589194	0.672698
5.03315E-07	1.711154645	0.671979
5.02886E-07	1.70774264	0.671232
5.02458E-07	1.704353398	0.670458
5.0203E-07	1.700987121	0.669656
5.01603E-07	1.697643986	0.668829
5.01177E-07	1.694324153	0.667975
5.00752E-07	1.691027761	0.667096
5.00327E-07	1.687754934	0.666193
4.99903E-07	1.684505776	0.665266
4.9948E-07	1.681280377	0.664315
4.99057E-07	1.67807881	0.66334
4.98635E-07	1.674901137	0.662344
4.98214E-07	1.671747403	0.661325
4.97794E-07	1.668617642	0.660285
4.97374E-07	1.665511877	0.659224
4.96955E-07	1.662430119	0.658142
4.96537E-07	1.659372367	0.657041
4.96119E-07	1.656338614	0.65592
4.95702E-07	1.653328841	0.654779
4.95286E-07	1.650343022	0.65362
4.94871E-07	1.647381122	0.652443
4.94456E-07	1.644443102	0.651248
4.94042E-07	1.641528912	0.650035
4.93628E-07	1.6386385	0.648806
4.93215E-07	1.635771804	0.647559
4.92803E-07	1.632928762	0.646297
4.92392E-07	1.630109303	0.645019
4.91981E-07	1.627313354	0.643725
4.91571E-07	1.624540838	0.642416
4.91162E-07	1.621791674	0.641092
4.90754E-07	1.619065779	0.639754
4.90346E-07	1.616363065	0.638402
4.89938E-07	1.613683444	0.637036
4.89532E-07	1.611026824	0.635656
4.89126E-07	1.608393114	0.634264
4.88721E-07	1.605782219	0.632858
4.88316E-07	1.603194042	0.63144
4.87912E-07	1.600628487	0.630009
4.87509E-07	1.598085458	0.628567
4.87106E-07	1.595564854	0.627112
4.86704E-07	1.593066579	0.625646
4.86303E-07	1.590590533	0.624169
4.85903E-07	1.588136617	0.622681
4.85503E-07	1.585704733	0.621182
4.85103E-07	1.583294781	0.619673
4.84705E-07	1.580906665	0.618153
4.84307E-07	1.578540285	0.616624
4.8391E-07	1.576195545	0.615084
4.83513E-07	1.573872348	0.613535
4.83117E-07	1.571570599	0.611976
4.82722E-07	1.569290204	0.610409
4.82327E-07	1.567031068	0.608832
4.81933E-07	1.564793098	0.607246
4.81539E-07	1.562576204	0.605652
4.81147E-07	1.560380295	0.604049
4.80754E-07	1.558205282	0.602438
4.80363E-07	1.556051077	0.600819
4.79972E-07	1.553917593	0.599193
4.79582E-07	1.551804746	0.597558
4.79192E-07	1.549712451	0.595916
4.78803E-07	1.547640627	0.594267
4.78415E-07	1.545589191	0.59261
4.78027E-07	1.543558066	0.590946
4.7764E-07	1.541547173	0.589276
4.77254E-07	1.539556436	0.587598
4.76868E-07	1.537585779	0.585914
4.76483E-07	1.535635129	0.584224
4.76098E-07	1.533704414	0.582527
4.75714E-07	1.531793564	0.580825
4.75331E-07	1.52990251	0.579116
4.74948E-07	1.528031183	0.577401
4.74566E-07	1.526179519	0.575681
4.74185E-07	1.524347451	0.573955
4.73804E-07	1.522534919	0.572224
4.73424E-07	1.520741858	0.570487
4.73044E-07	1.51896821	0.568746
4.72665E-07	1.517213915	0.566999
4.72286E-07	1.515478915	0.565247
4.71909E-07	1.513763154	0.563491
4.71531E-07	1.512066578	0.56173
4.71155E-07	1.510389132	0.559964
4.70779E-07	1.508730765	0.558194
4.70403E-07	1.507091424	0.55642
4.70028E-07	1.50547106	0.554641
4.69654E-07	1.503869624	0.552859
4.69281E-07	1.502287068	0.551073
4.68908E-07	1.500723346	0.549283
4.68535E-07	1.499178412	0.547489
4.68163E-07	1.497652221	0.545692
4.67792E-07	1.496144729	0.543891
4.67421E-07	1.494655895	0.542087
4.67051E-07	1.493185677	0.54028
4.66682E-07	1.491734033	0.53847
4.66313E-07	1.490300923	0.536657
4.65944E-07	1.488886309	0.534841
4.65577E-07	1.487490152	0.533023
4.6521E-07	1.486112414	0.531202
4.64843E-07	1.484753058	0.529378
4.64477E-07	1.483412048	0.527553
4.64111E-07	1.482089349	0.525725
4.63747E-07	1.480784924	0.523895
4.63382E-07	1.479498739	0.522063
4.63019E-07	1.47823076	0.520229
4.62655E-07	1.476980954	0.518393
4.62293E-07	1.475749287	0.516556
4.61931E-07	1.474535725	0.514717
4.61569E-07	1.473340238	0.512877
4.61209E-07	1.472162791	0.511036
4.60848E-07	1.471003353	0.509194
4.60488E-07	1.469861892	0.50735
4.60129E-07	1.468738377	0.505506
4.59771E-07	1.467632776	0.503661
4.59413E-07	1.466545057	0.501816
4.59055E-07	1.465475189	0.49997
4.58698E-07	1.464423141	0.498123
4.58342E-07	1.463388881	0.496277
4.57986E-07	1.462372378	0.49443
4.5763E-07	1.461373599	0.492583
4.57276E-07	1.460392515	0.490736
4.56922E-07	1.459429091	0.48889
4.56568E-07	1.458483297	0.487044
4.56215E-07	1.457555101	0.485198
4.55862E-07	1.456644468	0.483353
4.5551E-07	1.455751367	0.481509
4.55159E-07	1.454875765	0.479665
4.54808E-07	1.454017626	0.477823
4.54457E-07	1.453176918	0.475982
4.54108E-07	1.452353606	0.474142
4.53758E-07	1.451547654	0.472303
4.53409E-07	1.450759028	0.470466
4.53061E-07	1.44998769	0.46863
4.52714E-07	1.449233604	0.466797
4.52366E-07	1.448496733	0.464965
4.5202E-07	1.447777038	0.463135
4.51674E-07	1.447074481	0.461308
4.51328E-07	1.446389023	0.459483
4.50983E-07	1.445720622	0.45766
4.50638E-07	1.445069238	0.45584
4.50294E-07	1.444434829	0.454022
4.49951E-07	1.443817353	0.452207
4.49608E-07	1.443216765	0.450396
4.49266E-07	1.442633021	0.448587
4.48924E-07	1.442066076	0.446782
4.48582E-07	1.441515883	0.44498
4.48241E-07	1.440982395	0.443181
4.47901E-07	1.440465564	0.441387
4.47561E-07	1.43996534	0.439596
4.47222E-07	1.439481672	0.437808
4.46883E-07	1.439014508	0.436025
4.46545E-07	1.438563797	0.434247
4.46207E-07	1.438129484	0.432472
4.4587E-07	1.437711514	0.430702
4.45533E-07	1.43730983	0.428937
4.45197E-07	1.436924376	0.427176
4.44861E-07	1.436555092	0.42542
4.44526E-07	1.436201919	0.42367
4.44191E-07	1.435864795	0.421924
4.43857E-07	1.435543658	0.420184
4.43523E-07	1.435238443	0.418449
4.4319E-07	1.434949085	0.41672
4.42857E-07	1.434675518	0.414996
4.42525E-07	1.434417674	0.413279
4.42193E-07	1.434175483	0.411567
4.41862E-07	1.433948875	0.409862
4.41531E-07	1.433737777	0.408163
4.41201E-07	1.433542115	0.40647
4.40871E-07	1.433361815	0.404784
4.40542E-07	1.433196798	0.403104
4.40213E-07	1.433046989	0.401431
4.39885E-07	1.432912305	0.399766
4.39557E-07	1.432792667	0.398107
4.3923E-07	1.432687991	0.396456
4.38903E-07	1.432598194	0.394812
4.38577E-07	1.432523188	0.393176
4.38251E-07	1.432462887	0.391547
4.37926E-07	1.432417201	0.389926
4.37601E-07	1.43238604	0.388313
4.37276E-07	1.432369311	0.386708
4.36952E-07	1.43236692	0.385112
4.36629E-07	1.432378771	0.383523
4.36306E-07	1.432404768	0.381944
4.35984E-07	1.432444811	0.380372
4.35662E-07	1.432498799	0.37881
4.3534E-07	1.43256663	0.377257
4.35019E-07	1.4326482	0.375712
4.34698E-07	1.432743403	0.374177
4.34378E-07	1.432852132	0.372651
4.34059E-07	1.432974278	0.371134
4.33739E-07	1.433109729	0.369627
4.33421E-07	1.433258373	0.36813
4.33103E-07	1.433420096	0.366643
4.32785E-07	1.433594781	0.365165
4.32468E-07	1.43378231	0.363698
4.32151E-07	1.433982564	0.36224
4.31834E-07	1.434195422	0.360794
4.31518E-07	1.43442076	0.359357
4.31203E-07	1.434658453	0.357931
4.30888E-07	1.434908375	0.356516
4.30574E-07	1.435170397	0.355112
4.30259E-07	1.435444389	0.353719
4.29946E-07	1.435730219	0.352337
4.29633E-07	1.436027753	0.350966
4.2932E-07	1.436336855	0.349606
4.29008E-07	1.436657388	0.348258
4.28696E-07	1.436989213	0.346921
4.28385E-07	1.437332189	0.345596
4.28074E-07	1.437686173	0.344283
4.27763E-07	1.43805102	0.342982
4.27453E-07	1.438426585	0.341692
4.27144E-07	1.438812718	0.340415
4.26835E-07	1.439209271	0.339151
4.26526E-07	1.43961609	0.337898
4.26218E-07	1.440033023	0.336658
4.2591E-07	1.440459915	0.335431
4.25603E-07	1.440896608	0.334216
4.25296E-07	1.441342943	0.333014
4.2499E-07	1.441798759	0.331825
4.24684E-07	1.442263895	0.330649
4.24378E-07	1.442738185	0.329486
4.24073E-07	1.443221464	0.328336
4.23768E-07	1.443713563	0.3272
4.23464E-07	1.444214314	0.326077
4.2316E-07	1.444723544	0.324967
4.22857E-07	1.445241081	0.323871
4.22554E-07	1.445766748	0.322789
4.22252E-07	1.446300371	0.32172
4.2195E-07	1.446841769	0.320666
4.21648E-07	1.447390763	0.319625
4.21347E-07	1.447947171	0.318598
4.21046E-07	1.448510809	0.317585
4.20746E-07	1.44908149	0.316587
4.20446E-07	1.449659028	0.315602
4.20147E-07	1.450243234	0.314632
4.19847E-07	1.450833917	0.313677
4.19549E-07	1.451430883	0.312736
4.19251E-07	1.452033939	0.311809
4.18953E-07	1.452642889	0.310897
4.18656E-07	1.453257535	0.31
4.18359E-07	1.453877676	0.309117
4.18062E-07	1.454503113	0.308249
4.17766E-07	1.455133641	0.307396
4.1747E-07	1.455769056	0.306558
4.17175E-07	1.456409152	0.305735
4.1688E-07	1.457053721	0.304927
4.16586E-07	1.457702552	0.304134
4.16292E-07	1.458355434	0.303356
4.15998E-07	1.459012153	0.302594
4.15705E-07	1.459672496	0.301846
4.15412E-07	1.460336244	0.301114
4.1512E-07	1.461003181	0.300397
4.14828E-07	1.461673085	0.299695
4.14537E-07	1.462345735	0.299009
4.14246E-07	1.463020908	0.298338
4.13955E-07	1.463698379	0.297683
4.13665E-07	1.464377921	0.297042
4.13375E-07	1.465059306	0.296418
4.13085E-07	1.465742304	0.295809
4.12796E-07	1.466426684	0.295215
4.12507E-07	1.467112211	0.294636
4.12219E-07	1.467798653	0.294074
4.11931E-07	1.468485771	0.293526
4.11644E-07	1.469173328	0.292995
4.11357E-07	1.469861085	0.292478
4.1107E-07	1.470548799	0.291977
4.10784E-07	1.471236229	0.291492
4.10498E-07	1.47192313	0.291022
4.10213E-07	1.472609256	0.290567
4.09928E-07	1.47329436	0.290128
4.09643E-07	1.473978192	0.289705
4.09359E-07	1.474660501	0.289296
4.09075E-07	1.475341037	0.288903
4.08791E-07	1.476019544	0.288526
4.08508E-07	1.476695768	0.288163
4.08225E-07	1.477369453	0.287816
4.07943E-07	1.478040339	0.287484
4.07661E-07	1.478708168	0.287167
4.0738E-07	1.479372678	0.286865
4.07098E-07	1.480033608	0.286578
4.06818E-07	1.480690692	0.286306
4.06537E-07	1.481343666	0.286049
4.06257E-07	1.481992263	0.285806
4.05978E-07	1.482636215	0.285578
4.05699E-07	1.483275253	0.285365
4.0542E-07	1.483909107	0.285166
4.05141E-07	1.484537504	0.284982
4.04863E-07	1.485160171	0.284812
4.04586E-07	1.485776835	0.284656
4.04308E-07	1.48638722	0.284514
4.04031E-07	1.48699105	0.284386
4.03755E-07	1.487588048	0.284272
4.03479E-07	1.488177934	0.284172
4.03203E-07	1.488760431	0.284085
4.02927E-07	1.489335259	0.284011
4.02652E-07	1.489902135	0.283951
4.02378E-07	1.490460781	0.283903
4.02103E-07	1.491010913	0.283869
4.0183E-07	1.49155225	0.283847
4.01556E-07	1.49208451	0.283837
4.01283E-07	1.492607411	0.28384
4.0101E-07	1.493120669	0.283855
4.00738E-07	1.493624004	0.283882
4.00466E-07	1.494117133	0.28392
4.00194E-07	1.494599776	0.28397
3.99923E-07	1.495071653	0.284031
3.99652E-07	1.495532486	0.284102
3.99381E-07	1.495981997	0.284185
3.99111E-07	1.49641991	0.284277
3.98841E-07	1.496845953	0.28438
3.98571E-07	1.497259855	0.284492
3.98302E-07	1.497661348	0.284613
3.98034E-07	1.498050168	0.284744
3.97765E-07	1.498426056	0.284883
3.97497E-07	1.498788755	0.285031
3.97229E-07	1.499138015	0.285186
3.96962E-07	1.499473591	0.285349
3.96695E-07	1.499795247	0.285519
3.96429E-07	1.50010275	0.285696
3.96162E-07	1.50039588	0.285879
3.95896E-07	1.500674423	0.286068
3.95631E-07	1.500938176	0.286262
3.95366E-07	1.501186949	0.286461
3.95101E-07	1.501420563	0.286664
3.94836E-07	1.501638853	0.286871
3.94572E-07	1.50184167	0.287082
3.94309E-07	1.502028882	0.287295
3.94045E-07	1.502200375	0.287509
3.93782E-07	1.502356056	0.287726
3.93519E-07	1.502495853	0.287943
3.93257E-07	1.502619719	0.28816
3.92995E-07	1.502727633	0.288377
3.92733E-07	1.502819604	0.288593
3.92472E-07	1.502895669	0.288806
3.92211E-07	1.5029559	0.289017
3.91951E-07	1.503000405	0.289225
3.9169E-07	1.503029331	0.289429
3.9143E-07	1.503042864	0.289627
3.91171E-07	1.503041237	0.28982
3.90912E-07	1.503024729	0.290006
3.90653E-07	1.502993669	0.290185
3.90394E-07	1.502948438	0.290356
3.90136E-07	1.502889476	0.290518
3.89878E-07	1.502817279	0.290671
3.89621E-07	1.502732406	0.290812
3.89364E-07	1.502635477	0.290943
3.89107E-07	1.502527184	0.291061
3.8885E-07	1.502408281	0.291167
3.88594E-07	1.502279598	0.291258
3.88338E-07	1.502142031	0.291336
3.88083E-07	1.501996553	0.291398
3.87828E-07	1.501844205	0.291445
3.87573E-07	1.5016861	0.291476
3.87318E-07	1.501523424	0.29149
3.87064E-07	1.501357428	0.291487
3.8681E-07	1.501189427	0.291467
3.86557E-07	1.501020796	0.291428
3.86304E-07	1.500852965	0.291372
3.86051E-07	1.500687412	0.291299
3.85798E-07	1.500525652	0.291207
3.85546E-07	1.500369233	0.291098
3.85294E-07	1.50021972	0.290971
3.85043E-07	1.500078688	0.290827
3.84792E-07	1.499947706	0.290668
3.84541E-07	1.499828322	0.290492
3.8429E-07	1.499722053	0.290302
3.8404E-07	1.499630363	0.290098
3.8379E-07	1.499554653	0.289882
3.83541E-07	1.49949624	0.289655
3.83292E-07	1.499456342	0.289418
3.83043E-07	1.499436063	0.289172
3.82794E-07	1.499436375	0.288921
3.82546E-07	1.499458109	0.288664
3.82298E-07	1.499501934	0.288405
3.8205E-07	1.499568352	0.288145
3.81803E-07	1.499657688	0.287887
3.81556E-07	1.499770079	0.287631
3.81309E-07	1.499905474	0.287381
3.81063E-07	1.500063626	0.287138
3.80817E-07	1.5002441	0.286905
3.80571E-07	1.500446271	0.286683
3.80326E-07	1.500669332	0.286475
3.80081E-07	1.500912301	0.286281
3.79836E-07	1.501174034	0.286105
3.79592E-07	1.501453237	0.285948
3.79348E-07	1.501748483	0.28581
3.79104E-07	1.502058223	0.285694
3.7886E-07	1.502380811	0.285601
3.78617E-07	1.502714518	0.285531
3.78374E-07	1.50305755	0.285486
3.78132E-07	1.503408072	0.285466
3.7789E-07	1.503764219	0.285471
3.77648E-07	1.504124123	0.285503
3.77406E-07	1.504485923	0.285561
3.77165E-07	1.504847783	0.285646
3.76924E-07	1.505207908	0.285756
3.76683E-07	1.505564555	0.285892
3.76443E-07	1.505916047	0.286054
3.76203E-07	1.506260781	0.286241
3.75963E-07	1.506597236	0.286453
3.75723E-07	1.506923981	0.286688
3.75484E-07	1.507239678	0.286945
3.75245E-07	1.507543088	0.287225
3.75007E-07	1.507833072	0.287526
3.74769E-07	1.508108592	0.287847
3.74531E-07	1.508368709	0.288186
3.74293E-07	1.508612585	0.288544
3.74056E-07	1.508839479	0.288919
3.73819E-07	1.509048742	0.289309
3.73582E-07	1.50923982	0.289714
3.73345E-07	1.509412241	0.290132
3.73109E-07	1.50956562	0.290563
3.72873E-07	1.509699647	0.291005
3.72638E-07	1.509814085	0.291457
3.72403E-07	1.509908767	0.291918
3.72168E-07	1.509983589	0.292388
3.71933E-07	1.510038504	0.292865
3.71699E-07	1.51007352	0.293348
3.71465E-07	1.510088693	0.293837
3.71231E-07	1.510084124	0.29433
3.70997E-07	1.510059954	0.294826
3.70764E-07	1.510016361	0.295326
3.70531E-07	1.509953554	0.295827
3.70299E-07	1.509871772	0.29633
3.70066E-07	1.509771276	0.296833
3.69834E-07	1.509652354	0.297337
3.69603E-07	1.509515309	0.297839
3.69371E-07	1.509360461	0.29834
3.6914E-07	1.509188145	0.298839
3.68909E-07	1.508998708	0.299336
3.68679E-07	1.508792505	0.29983
3.68448E-07	1.508569898	0.30032
3.68218E-07	1.508331257	0.300807
3.67989E-07	1.508076955	0.301289
3.67759E-07	1.507807368	0.301767
3.6753E-07	1.507522874	0.302239
3.67301E-07	1.50722385	0.302706
3.67073E-07	1.506910675	0.303167
3.66844E-07	1.506583725	0.303623
3.66616E-07	1.506243375	0.304072
3.66389E-07	1.505889995	0.304514
3.66161E-07	1.505523955	0.30495
3.65934E-07	1.505145618	0.305379
3.65707E-07	1.504755345	0.3058
3.65481E-07	1.50435349	0.306214
3.65254E-07	1.503940405	0.30662
3.65028E-07	1.503516434	0.307019
3.64803E-07	1.503081917	0.30741
3.64577E-07	1.502637188	0.307793
3.64352E-07	1.502182574	0.308168
3.64127E-07	1.501718399	0.308534
3.63902E-07	1.501244979	0.308892
3.63678E-07	1.500762624	0.309242
3.63454E-07	1.500271638	0.309583
3.6323E-07	1.49977232	0.309916
3.63007E-07	1.499264962	0.31024
3.62783E-07	1.498749851	0.310555
3.6256E-07	1.498227266	0.310862
3.62338E-07	1.497697483	0.31116
3.62115E-07	1.49716077	0.311449
3.61893E-07	1.496617389	0.311729
3.61671E-07	1.496067599	0.312
3.6145E-07	1.495511651	0.312263
3.61228E-07	1.494949792	0.312517
3.61007E-07	1.494382261	0.312762
3.60786E-07	1.493809294	0.312998
3.60566E-07	1.493231122	0.313225
3.60346E-07	1.492647969	0.313443
3.60126E-07	1.492060056	0.313652
3.59906E-07	1.491467598	0.313853
3.59686E-07	1.490870805	0.314045
3.59467E-07	1.490269882	0.314228
3.59248E-07	1.48966503	0.314402
3.5903E-07	1.489056447	0.314568
3.58811E-07	1.488444323	0.314725
3.58593E-07	1.487828846	0.314873
3.58375E-07	1.487210199	0.315013
3.58158E-07	1.486588562	0.315144
3.5794E-07	1.485964109	0.315267
3.57723E-07	1.485337011	0.315381
3.57506E-07	1.484707436	0.315487
3.5729E-07	1.484075547	0.315584
3.57074E-07	1.483441503	0.315674
3.56858E-07	1.48280546	0.315754
3.56642E-07	1.48216757	0.315827
3.56426E-07	1.481527982	0.315892
3.56211E-07	1.480886842	0.315948
3.55996E-07	1.480244291	0.315996
3.55781E-07	1.479600467	0.316037
3.55567E-07	1.478955507	0.316069
3.55353E-07	1.478309542	0.316094
3.55139E-07	1.477662702	0.316111
3.54925E-07	1.477015113	0.31612
3.54712E-07	1.476366898	0.316121
3.54499E-07	1.475718177	0.316115
3.54286E-07	1.475069067	0.316101
