8.85714E-07	1.779505939	7.98E-05
8.84386E-07	1.779845915	7.98E-05
8.83062E-07	1.780187207	0.000159609
8.81742E-07	1.780529823	0.000239448
8.80426E-07	1.780873774	0.000319303
8.79114E-07	1.781219069	0.000399172
8.77806E-07	1.781565719	0.000479049
8.76502E-07	1.781913732	0.000558932
8.75201E-07	1.78226312	0.000638815
8.73905E-07	1.782613893	0.000718694
8.72612E-07	1.78296606	0.000798565
8.71323E-07	1.783319633	0.000878424
8.70038E-07	1.783674621	0.000958266
8.68757E-07	1.784031036	0.001038087
8.67479E-07	1.784388888	0.001117881
8.66205E-07	1.784748189	0.001197645
8.64935E-07	1.785108949	0.001277373
8.63669E-07	1.78547118	0.001357061
8.62406E-07	1.785834893	0.001436703
8.61147E-07	1.786200099	0.001516295
8.59892E-07	1.786566811	0.001595832
8.5864E-07	1.786935039	0.001675307
8.57392E-07	1.787304796	0.001754717
8.56148E-07	1.787676094	0.001834056
8.54907E-07	1.788048945	0.001913317
8.5367E-07	1.788423362	0.001992497
8.52436E-07	1.788799357	0.002071589
8.51206E-07	1.789176942	0.002150587
8.49979E-07	1.789556131	0.002229486
8.48756E-07	1.789936936	0.00230828
8.47537E-07	1.79031937	0.002386963
8.46321E-07	1.790703448	0.002465528
8.45108E-07	1.791089182	0.002543971
8.43899E-07	1.791476586	0.002622284
8.42694E-07	1.791865674	0.002700461
8.41492E-07	1.79225646	0.002778496
8.40293E-07	1.792648957	0.002856382
8.39098E-07	1.793043182	0.002934114
8.37906E-07	1.793439147	0.003011683
8.36717E-07	1.793836868	0.003089083
8.35532E-07	1.794236359	0.003166308
8.3435E-07	1.794637637	0.00324335
8.33172E-07	1.795040715	0.003320203
8.31997E-07	1.795445611	0.003396858
8.30825E-07	1.795852339	0.00347331
8.29656E-07	1.796260915	0.00354955
8.28491E-07	1.796671356	0.00362557
8.27329E-07	1.797083678	0.003701364
8.2617E-07	1.797497897	0.003776924
8.25015E-07	1.797914031	0.003852241
8.23863E-07	1.798332097	0.003927309
8.22714E-07	1.798752112	0.004002118
8.21568E-07	1.799174093	0.00407666
8.20425E-07	1.799598058	0.004150928
8.19286E-07	1.800024026	0.004224914
8.18149E-07	1.800452014	0.004298607
8.17016E-07	1.800882042	0.004372001
8.15886E-07	1.801314128	0.004445086
8.14759E-07	1.801748291	0.004517853
8.13635E-07	1.80218455	0.004590294
8.12515E-07	1.802622926	0.0046624
8.11397E-07	1.803063438	0.00473416
8.10283E-07	1.803506106	0.004805567
8.09171E-07	1.803950951	0.00487661
8.08063E-07	1.804397994	0.004947281
8.06957E-07	1.804847255	0.005017569
8.05855E-07	1.805298757	0.005087464
8.04755E-07	1.805752521	0.005156957
8.03659E-07	1.80620857	0.005226038
8.02566E-07	1.806666925	0.005294697
8.01475E-07	1.807127609	0.005362923
8.00388E-07	1.807590646	0.005430706
7.99303E-07	1.808056059	0.005498036
7.98222E-07	1.808523871	0.005564902
7.97143E-07	1.808994108	0.005631293
7.96067E-07	1.809466793	0.005697198
7.94994E-07	1.809941951	0.005762607
7.93924E-07	1.810419609	0.005827508
7.92857E-07	1.810899791	0.00589189
7.91793E-07	1.811382524	0.005955742
7.90732E-07	1.811867834	0.006019052
7.89673E-07	1.812355748	0.006081809
7.88617E-07	1.812846294	0.006144
7.87564E-07	1.813339499	0.006205615
7.86514E-07	1.813835393	0.006266641
7.85467E-07	1.814334003	0.006327066
7.84422E-07	1.814835359	0.006386879
7.83381E-07	1.81533949	0.006446065
7.82342E-07	1.815846427	0.006504614
7.81306E-07	1.816356201	0.006562513
7.80272E-07	1.816868843	0.006619749
7.79241E-07	1.817384384	0.006676308
7.78213E-07	1.817902856	0.00673218
7.77188E-07	1.818424294	0.006787349
7.76165E-07	1.818948729	0.006841805
7.75145E-07	1.819476196	0.006895532
7.74128E-07	1.82000673	0.006948518
7.73114E-07	1.820540366	0.007000749
7.72102E-07	1.821077139	0.007052212
7.71092E-07	1.821617086	0.007102894
7.70086E-07	1.822160243	0.00715278
7.69082E-07	1.822706649	0.007201857
7.6808E-07	1.823256342	0.007250111
7.67082E-07	1.823809361	0.007297529
7.66085E-07	1.824365746	0.007344095
7.65092E-07	1.824925536	0.007389796
7.64101E-07	1.825488774	0.007434618
7.63112E-07	1.826055501	0.007478547
7.62126E-07	1.82662576	0.007521567
7.61143E-07	1.827199594	0.007563666
7.60162E-07	1.827777048	0.007604829
7.59184E-07	1.828358167	0.00764504
7.58208E-07	1.828942996	0.007684286
7.57235E-07	1.829531583	0.007722552
7.56264E-07	1.830123975	0.007759824
7.55295E-07	1.830720221	0.007796087
7.5433E-07	1.831320371	0.007831327
7.53366E-07	1.831924474	0.007865528
7.52405E-07	1.832532583	0.007898677
7.51447E-07	1.833144749	0.007930759
7.50491E-07	1.833761027	0.00796176
7.49537E-07	1.834381471	0.007991665
7.48586E-07	1.835006136	0.008020459
7.47637E-07	1.835635079	0.008048129
7.46691E-07	1.836268359	0.00807466
7.45747E-07	1.836906033	0.008100038
7.44805E-07	1.837548163	0.00812425
7.43866E-07	1.83819481	0.00814728
7.42929E-07	1.838846035	0.008169116
7.41995E-07	1.839501904	0.008189743
7.41062E-07	1.840162482	0.008209149
7.40133E-07	1.840827835	0.008227319
7.39205E-07	1.84149803	0.008244242
7.3828E-07	1.842173139	0.008259904
7.37357E-07	1.842853231	0.008274292
7.36437E-07	1.843538378	0.008287394
7.35518E-07	1.844228656	0.008299199
7.34602E-07	1.844924138	0.008309694
7.33689E-07	1.845624903	0.008318868
7.32777E-07	1.846331029	0.00832671
7.31868E-07	1.847042597	0.008333209
7.30961E-07	1.847759688	0.008338356
7.30057E-07	1.848482387	0.008342141
7.29154E-07	1.849210779	0.008344554
7.28254E-07	1.849944953	0.008345586
7.27356E-07	1.850684999	0.008345231
7.2646E-07	1.851431007	0.008343479
7.25567E-07	1.852183071	0.008340324
7.24675E-07	1.852941288	0.00833576
7.23786E-07	1.853705756	0.008329782
7.22899E-07	1.854476574	0.008322384
7.22014E-07	1.855253847	0.008313564
7.21132E-07	1.856037677	0.008303317
7.20251E-07	1.856828173	0.008291642
7.19373E-07	1.857625445	0.008278537
7.18497E-07	1.858429605	0.008264004
7.17623E-07	1.859240768	0.008248042
7.16751E-07	1.860059052	0.008230654
7.15881E-07	1.860884577	0.008211844
7.15013E-07	1.861717468	0.008191617
7.14147E-07	1.862557849	0.008169977
7.13284E-07	1.863405851	0.008146934
7.12422E-07	1.864261606	0.008122497
7.11563E-07	1.86512525	0.008096676
7.10706E-07	1.865996921	0.008069484
7.0985E-07	1.866876763	0.008040936
7.08997E-07	1.86776492	0.008011047
7.08146E-07	1.868661542	0.007979838
7.07297E-07	1.869566782	0.007947327
7.0645E-07	1.870480798	0.007913539
7.05605E-07	1.871403748	0.007878498
7.04762E-07	1.8723358	0.007842232
7.03921E-07	1.87327712	0.007804772
7.03082E-07	1.874227882	0.007766153
7.02245E-07	1.875188264	0.007726409
7.0141E-07	1.876158446	0.00768558
7.00577E-07	1.877138616	0.00764371
6.99746E-07	1.878128964	0.007600846
6.98917E-07	1.879129685	0.007557036
6.9809E-07	1.880140982	0.007512336
6.97264E-07	1.881163059	0.007466804
6.96441E-07	1.882196127	0.007420502
6.9562E-07	1.883240402	0.007373497
6.94801E-07	1.884296107	0.007325862
6.93983E-07	1.885363469	0.007277673
6.93168E-07	1.88644272	0.007229013
6.92354E-07	1.8875341	0.00717997
6.91542E-07	1.888637853	0.007130639
6.90733E-07	1.889754231	0.00708112
6.89925E-07	1.89088349	0.00703152
6.89119E-07	1.892025896	0.006981953
6.88315E-07	1.893181717	0.006932541
6.87512E-07	1.894351231	0.006883413
6.86712E-07	1.895534722	0.006834707
6.85914E-07	1.89673248	0.006786569
6.85117E-07	1.897944804	0.006739155
6.84322E-07	1.899171997	0.00669263
6.83529E-07	1.900414372	0.00664717
6.82738E-07	1.90167225	0.006602961
6.81949E-07	1.902945955	0.006560201
6.81161E-07	1.904235824	0.006519099
6.80376E-07	1.905542197	0.006479878
6.79592E-07	1.906865424	0.006442774
6.7881E-07	1.908205863	0.006408038
6.7803E-07	1.909563878	0.006375933
6.77251E-07	1.910939841	0.006346743
6.76474E-07	1.912334131	0.006320764
6.757E-07	1.913747136	0.006298312
6.74926E-07	1.91517925	0.006279721
6.74155E-07	1.916630875	0.006265347
6.73386E-07	1.918102417	0.006255563
6.72618E-07	1.919594292	0.006250768
6.71852E-07	1.92110692	0.006251383
6.71087E-07	1.922640728	0.006257853
6.70325E-07	1.924196147	0.006270652
6.69564E-07	1.925773614	0.006290278
6.68805E-07	1.927373568	0.006317263
6.68047E-07	1.928996454	0.006352167
6.67292E-07	1.930642718	0.006395584
6.66538E-07	1.932312805	0.006448145
6.65785E-07	1.934007164	0.006510517
6.65035E-07	1.935726241	0.006583405
6.64286E-07	1.937470478	0.00666756
6.63538E-07	1.939240314	0.006763773
6.62793E-07	1.941036182	0.006872886
6.62049E-07	1.942858506	0.006995788
6.61307E-07	1.944707699	0.007133425
6.60566E-07	1.94658416	0.007286796
6.59827E-07	1.948488273	0.007456963
6.5909E-07	1.950420401	0.007645048
6.58355E-07	1.952380884	0.007852246
6.57621E-07	1.954370034	0.008079818
6.56888E-07	1.956388132	0.008329107
6.56158E-07	1.958435422	0.008601533
6.55429E-07	1.960512106	0.008898604
6.54701E-07	1.962618336	0.00922192
6.53975E-07	1.964754214	0.009573177
6.53251E-07	1.966919775	0.009954175
6.52528E-07	1.96911499	0.010366825
6.51807E-07	1.971339748	0.010813152
6.51088E-07	1.973593857	0.011295307
6.5037E-07	1.975877025	0.011815571
6.49654E-07	1.978188856	0.012376364
6.48939E-07	1.980528837	0.012980256
6.48226E-07	1.982896326	0.013629972
6.47515E-07	1.98529054	0.014328401
6.46805E-07	1.987710543	0.015078611
6.46096E-07	1.990155231	0.015883853
6.45389E-07	1.99262332	0.016747574
6.44684E-07	1.995113328	0.017673429
6.4398E-07	1.997623566	0.018665291
6.43278E-07	2.000152118	0.019727259
6.42577E-07	2.002696827	0.020863676
6.41878E-07	2.005255286	0.022079134
6.4118E-07	2.007824818	0.02337849
6.40484E-07	2.010402467	0.024766874
6.39789E-07	2.012984986	0.0262497
6.39096E-07	2.015568828	0.027832677
6.38404E-07	2.018150139	0.029521815
6.37714E-07	2.020724755	0.031323435
6.37026E-07	2.0232882	0.033244171
6.36338E-07	2.025835693	0.035290975
6.35653E-07	2.028362152	0.037471115
6.34968E-07	2.030862216	0.03979217
6.34286E-07	2.033330255	0.042262024
6.33604E-07	2.035760408	0.044888845
6.32925E-07	2.038146609	0.04768107
6.32246E-07	2.040482637	0.050647371
6.31569E-07	2.042762157	0.053796614
6.30894E-07	2.044978786	0.057137815
6.3022E-07	2.047126155	0.060680069
6.29547E-07	2.049197983	0.064432478
6.28876E-07	2.051188155	0.068404056
6.28206E-07	2.05309081	0.072603614
6.27538E-07	2.054900424	0.077039632
6.26871E-07	2.056611908	0.0817201
6.26206E-07	2.058220695	0.086652349
6.25542E-07	2.059722829	0.091842841
6.24879E-07	2.061115051	0.097296955
6.24218E-07	2.062394875	0.103018728
6.23558E-07	2.063560656	0.109010594
6.22899E-07	2.064611645	0.115273091
6.22242E-07	2.065548034	0.12180456
6.21587E-07	2.066370975	0.128600835
6.20932E-07	2.067082595	0.135654935
6.20279E-07	2.067685983	0.142956773
6.19628E-07	2.068185165	0.150492881
6.18978E-07	2.068585058	0.158246189
6.18329E-07	2.068891408	0.166195855
6.17681E-07	2.069110716	0.174317173
6.17035E-07	2.069250149	0.182581573
6.16391E-07	2.069317443	0.19095674
6.15747E-07	2.069320796	0.199406846
6.15105E-07	2.069268756	0.207892926
6.14464E-07	2.069170114	0.216373384
6.13825E-07	2.06903379	0.224804637
6.13187E-07	2.068868729	0.233141882
6.1255E-07	2.068683797	0.241339958
6.11915E-07	2.06848769	0.24935429
6.11281E-07	2.06828885	0.257141865
6.10648E-07	2.06809539	0.264662207
6.10016E-07	2.067915033	0.271878306
6.09386E-07	2.067755057	0.278757467
6.08757E-07	2.067622254	0.285272023
6.0813E-07	2.0675229	0.291399902
6.07503E-07	2.067462736	0.297125014
6.06878E-07	2.06744695	0.302437444
6.06255E-07	2.067480176	0.30733346
6.05632E-07	2.067566498	0.311815335
6.05011E-07	2.067709455	0.315891012
6.04391E-07	2.067912059	0.319573625
6.03772E-07	2.068176808	0.32288092
6.03155E-07	2.068505711	0.325834596
6.02539E-07	2.068900308	0.328459607
6.01924E-07	2.069361696	0.330783448
6.01311E-07	2.069890553	0.332835459
6.00698E-07	2.070487163	0.33464616
6.00087E-07	2.071151445	0.336246646
5.99477E-07	2.07188297	0.337668035
5.98869E-07	2.072680993	0.338940998
5.98261E-07	2.073544468	0.340095359
5.97655E-07	2.074472074	0.341159768
5.9705E-07	2.07546223	0.342161443
5.96447E-07	2.076513118	0.343125983
5.95844E-07	2.077622692	0.344077232
5.95243E-07	2.078788701	0.345037197
5.94643E-07	2.080008693	0.346026012
5.94044E-07	2.081280035	0.347061934
5.93446E-07	2.082599917	0.348161373
5.9285E-07	2.083965363	0.349338936
5.92255E-07	2.08537324	0.350607504
5.91661E-07	2.086820264	0.351978302
5.91068E-07	2.088303002	0.353460995
5.90476E-07	2.089817884	0.355063774
5.89886E-07	2.0913612	0.356793459
5.89296E-07	2.092929111	0.358655585
5.88708E-07	2.094517647	0.360654504
5.88121E-07	2.096122711	0.36279347
5.87536E-07	2.097740086	0.365074724
5.86951E-07	2.099365433	0.367499583
5.86368E-07	2.100994298	0.37006851
5.85785E-07	2.102622116	0.37278119
5.85204E-07	2.104244212	0.3756366
5.84624E-07	2.105855808	0.378633066
5.84045E-07	2.107452027	0.381768327
5.83468E-07	2.109027901	0.385039589
5.82891E-07	2.110578374	0.388443574
5.82316E-07	2.112098314	0.391976566
5.81741E-07	2.113582519	0.395634461
5.81168E-07	2.115025725	0.3994128
5.80596E-07	2.116422622	0.403306814
5.80025E-07	2.117767859	0.407311456
5.79456E-07	2.119056062	0.41142144
5.78887E-07	2.120281845	0.415631265
5.78319E-07	2.121439826	0.419935255
5.77753E-07	2.122524641	0.42432758
5.77188E-07	2.123530964	0.428802288
5.76623E-07	2.124453523	0.433353329
5.7606E-07	2.125287117	0.437974582
5.75498E-07	2.126026636	0.442659878
5.74937E-07	2.126667085	0.447403019
5.74378E-07	2.127203598	0.452197809
5.73819E-07	2.12763146	0.457038065
5.73261E-07	2.127946132	0.461917641
5.72705E-07	2.128143267	0.466830448
5.72149E-07	2.128218731	0.47177047
5.71595E-07	2.128168627	0.476731781
5.71041E-07	2.127989308	0.481708559
5.70489E-07	2.127677404	0.486695103
5.69938E-07	2.127229833	0.491685847
5.69388E-07	2.126643822	0.496675369
5.68839E-07	2.125916921	0.501658406
5.68291E-07	2.125047019	0.506629862
5.67744E-07	2.124032356	0.511584817
5.67198E-07	2.122871536	0.516518537
5.66653E-07	2.121563537	0.521426479
5.66109E-07	2.120107716	0.526304297
5.65566E-07	2.118503821	0.531147848
5.65025E-07	2.116751994	0.535953194
5.64484E-07	2.11485277	0.540716607
5.63944E-07	2.112807086	0.545434568
5.63406E-07	2.110616274	0.55010377
5.62868E-07	2.108282063	0.554721115
5.62331E-07	2.105806574	0.559283718
5.61796E-07	2.103192313	0.563788899
5.61261E-07	2.100442167	0.568234186
5.60728E-07	2.097559392	0.572617308
5.60195E-07	2.094547604	0.576936195
5.59664E-07	2.091410769	0.581188967
5.59133E-07	2.088153185	0.585373936
5.58604E-07	2.084779471	0.589489599
5.58075E-07	2.081294548	0.593534629
5.57548E-07	2.07770362	0.597507871
5.57021E-07	2.074012157	0.601408336
5.56496E-07	2.07022587	0.605235195
5.55971E-07	2.066350687	0.608987769
5.55448E-07	2.062392732	0.612665527
5.54925E-07	2.058358293	0.616268072
5.54404E-07	2.054253796	0.619795141
5.53883E-07	2.050085774	0.623246595
5.53364E-07	2.045860833	0.626622408
5.52845E-07	2.041585621	0.629922668
5.52327E-07	2.03726679	0.633147563
5.51811E-07	2.03291096	0.636297378
5.51295E-07	2.028524684	0.639372486
5.5078E-07	2.024114403	0.642373342
5.50267E-07	2.019686417	0.64530048
5.49754E-07	2.015246836	0.648154501
5.49242E-07	2.01080155	0.65093607
5.48731E-07	2.006356188	0.653645913
5.48221E-07	2.001916082	0.656284805
5.47712E-07	1.997486236	0.658853572
5.47204E-07	1.993071295	0.661353078
5.46697E-07	1.988675513	0.663784228
5.4619E-07	1.984302738	0.666147958
5.45685E-07	1.979956386	0.668445233
5.45181E-07	1.975639425	0.670677042
5.44677E-07	1.971354375	0.672844395
5.44175E-07	1.967103291	0.674948319
5.43673E-07	1.962887775	0.676989852
5.43173E-07	1.958708976	0.678970045
5.42673E-07	1.954567601	0.680889954
5.42174E-07	1.950463939	0.682750642
5.41677E-07	1.946397873	0.684553171
5.4118E-07	1.942368913	0.686298602
5.40684E-07	1.938376219	0.687987997
5.40188E-07	1.93441864	0.689622409
5.39694E-07	1.930494743	0.691202887
5.39201E-07	1.926602854	0.692730469
5.38708E-07	1.92274109	0.694206184
5.38217E-07	1.918907404	0.695631052
5.37726E-07	1.915099617	0.697006077
5.37237E-07	1.911315458	0.698332251
5.36748E-07	1.907552597	0.69961055
5.3626E-07	1.903808679	0.700841935
5.35773E-07	1.900081357	0.702027352
5.35286E-07	1.896368318	0.703167727
5.34801E-07	1.892667308	0.70426397
5.34317E-07	1.888976159	0.705316973
5.33833E-07	1.885292802	0.706327608
5.33351E-07	1.881615288	0.70729673
5.32869E-07	1.877941799	0.708225173
5.32388E-07	1.87427066	0.709113753
5.31908E-07	1.870600343	0.709963266
5.31429E-07	1.866929478	0.710774487
5.3095E-07	1.863256847	0.711548174
5.30473E-07	1.859581394	0.712285063
5.29996E-07	1.855902213	0.712985873
5.2952E-07	1.852218556	0.713651301
5.29045E-07	1.848529817	0.714282027
5.28571E-07	1.844835535	0.714878709
5.28098E-07	1.841135381	0.71544199
5.27626E-07	1.837429156	0.715972491
5.27154E-07	1.833716778	0.716470816
5.26684E-07	1.829998274	0.716937552
5.26214E-07	1.826273776	0.717373266
5.25745E-07	1.822543504	0.717778508
5.25277E-07	1.818807767	0.718153813
5.24809E-07	1.815066944	0.718499697
5.24343E-07	1.811321484	0.71881666
5.23877E-07	1.807571892	0.719105185
5.23412E-07	1.803818726	0.719365742
5.22948E-07	1.800062585	0.719598783
5.22485E-07	1.796304105	0.719804745
5.22023E-07	1.792543952	0.719984053
5.21561E-07	1.788782814	0.720137114
5.211E-07	1.785021397	0.720264325
5.20641E-07	1.781260421	0.720366066
5.20181E-07	1.777500614	0.720442707
5.19723E-07	1.773742706	0.720494603
5.19266E-07	1.769987428	0.720522098
5.18809E-07	1.766235508	0.720525523
5.18353E-07	1.762487665	0.720505198
5.17898E-07	1.758744612	0.720461432
5.17444E-07	1.75500705	0.720394523
5.1699E-07	1.751275663	0.720304757
5.16537E-07	1.747551126	0.720192413
5.16085E-07	1.743834092	0.720057757
5.15634E-07	1.740125199	0.719901047
5.15184E-07	1.736425067	0.719722533
5.14734E-07	1.732734296	0.719522454
5.14286E-07	1.729053466	0.719301041
5.13838E-07	1.725383138	0.719058519
5.13391E-07	1.721723853	0.718795102
5.12944E-07	1.718076131	0.718510998
5.12498E-07	1.714440472	0.718206409
5.12054E-07	1.710817358	0.717881528
5.11609E-07	1.707207249	0.717536542
5.11166E-07	1.703610588	0.717171633
5.10724E-07	1.700027798	0.716786973
5.10282E-07	1.696459285	0.716382734
5.09841E-07	1.692905436	0.715959077
5.094E-07	1.689366622	0.715516161
5.08961E-07	1.685843196	0.715054138
5.08522E-07	1.682335498	0.714573157
5.08084E-07	1.67884385	0.71407336
5.07647E-07	1.675368561	0.713554888
5.0721E-07	1.671909926	0.713017874
5.06775E-07	1.668468225	0.712462449
5.0634E-07	1.665043729	0.711888741
5.05905E-07	1.661636693	0.711296874
5.05472E-07	1.658247362	0.710686967
5.05039E-07	1.654875972	0.710059137
5.04607E-07	1.651522747	0.709413499
5.04176E-07	1.648187902	0.708750165
5.03745E-07	1.644871642	0.708069242
5.03315E-07	1.641574163	0.707370837
5.02886E-07	1.638295656	0.706655054
5.02458E-07	1.635036301	0.705921996
5.0203E-07	1.631796273	0.705171761
5.01603E-07	1.628575738	0.704404448
5.01177E-07	1.625374858	0.703620153
5.00752E-07	1.622193788	0.702818972
5.00327E-07	1.619032677	0.702000998
4.99903E-07	1.61589167	0.701166322
4.9948E-07	1.612770904	0.700315036
4.99057E-07	1.609670516	0.699447231
4.98635E-07	1.606590635	0.698562994
4.98214E-07	1.603531385	0.697662415
4.97794E-07	1.600492891	0.696745581
4.97374E-07	1.597475268	0.695812579
4.96955E-07	1.594478631	0.694863495
4.96537E-07	1.591503093	0.693898416
4.96119E-07	1.588548759	0.692917428
4.95702E-07	1.585615734	0.691920616
4.95286E-07	1.58270412	0.690908065
4.94871E-07	1.579814015	0.689879862
4.94456E-07	1.576945515	0.688836091
4.94042E-07	1.574098712	0.687776839
4.93628E-07	1.571273697	0.686702191
4.93215E-07	1.568470556	0.685612233
4.92803E-07	1.565689375	0.684507052
4.92392E-07	1.562930236	0.683386735
4.91981E-07	1.560193218	0.682251369
4.91571E-07	1.557478398	0.681101041
4.91162E-07	1.554785851	0.67993584
4.90754E-07	1.552115649	0.678755856
4.90346E-07	1.549467861	0.677561177
4.89938E-07	1.546842554	0.676351895
4.89532E-07	1.544239792	0.6751281
4.89126E-07	1.541659638	0.673889885
4.88721E-07	1.539102151	0.672637343
4.88316E-07	1.536567387	0.671370566
4.87912E-07	1.534055401	0.670089651
4.87509E-07	1.531566243	0.668794692
4.87106E-07	1.529099964	0.667485787
4.86704E-07	1.526656609	0.666163033
4.86303E-07	1.524236222	0.664826529
4.85903E-07	1.521838845	0.663476375
4.85503E-07	1.519464514	0.662112673
4.85103E-07	1.517113267	0.660735524
4.84705E-07	1.514785136	0.659345031
4.84307E-07	1.51248015	0.657941301
4.8391E-07	1.510198339	0.656524437
4.83513E-07	1.507939725	0.655094549
4.83117E-07	1.505704332	0.653651742
4.82722E-07	1.503492179	0.652196129
4.82327E-07	1.501303282	0.650727818
4.81933E-07	1.499137655	0.649246923
4.81539E-07	1.496995309	0.647753557
4.81147E-07	1.494876252	0.646247835
4.80754E-07	1.492780491	0.644729873
4.80363E-07	1.490708027	0.643199788
4.79972E-07	1.488658862	0.6416577
4.79582E-07	1.486632993	0.640103727
4.79192E-07	1.484630415	0.638537993
4.78803E-07	1.48265112	0.636960619
4.78415E-07	1.480695098	0.63537173
4.78027E-07	1.478762336	0.633771452
4.7764E-07	1.476852819	0.632159911
4.77254E-07	1.474966529	0.630537236
4.76868E-07	1.473103446	0.628903556
4.76483E-07	1.471263547	0.627259002
4.76098E-07	1.469446806	0.625603707
4.75714E-07	1.467653197	0.623937804
4.75331E-07	1.465882689	0.622261428
4.74948E-07	1.464135251	0.620574715
4.74566E-07	1.462410847	0.618877804
4.74185E-07	1.460709441	0.617170832
4.73804E-07	1.459030994	0.61545394
4.73424E-07	1.457375465	0.61372727
4.73044E-07	1.455742811	0.611990964
4.72665E-07	1.454132987	0.610245166
4.72286E-07	1.452545944	0.608490022
4.71909E-07	1.450981635	0.606725678
4.71531E-07	1.449440007	0.604952281
4.71155E-07	1.447921007	0.603169981
4.70779E-07	1.446424579	0.601378928
4.70403E-07	1.444950666	0.599579273
4.70028E-07	1.443499209	0.597771169
4.69654E-07	1.442070147	0.595954768
4.69281E-07	1.440663416	0.594130227
4.68908E-07	1.439278952	0.5922977
4.68535E-07	1.437916687	0.590457344
4.68163E-07	1.436576552	0.588609318
4.67792E-07	1.435258477	0.58675378
4.67421E-07	1.43396239	0.584890891
4.67051E-07	1.432688214	0.583020812
4.66682E-07	1.431435875	0.581143704
4.66313E-07	1.430205293	0.57925973
4.65944E-07	1.428996388	0.577369055
4.65577E-07	1.427809076	0.575471844
4.6521E-07	1.426643275	0.573568261
4.64843E-07	1.425498897	0.571658474
4.64477E-07	1.424375853	0.56974265
4.64111E-07	1.423274052	0.567820956
4.63747E-07	1.422193402	0.565893563
4.63382E-07	1.421133807	0.56396064
4.63019E-07	1.420095169	0.562022358
4.62655E-07	1.419077389	0.560078887
4.62293E-07	1.418080364	0.558130399
4.61931E-07	1.417103989	0.556177068
4.61569E-07	1.416148159	0.554219066
4.61209E-07	1.415212762	0.552256567
4.60848E-07	1.414297687	0.550289744
4.60488E-07	1.413402818	0.548318774
4.60129E-07	1.412528038	0.546343832
4.59771E-07	1.411673228	0.544365092
4.59413E-07	1.410838263	0.542382733
4.59055E-07	1.410023018	0.540396929
4.58698E-07	1.409227365	0.538407858
4.58342E-07	1.40845117	0.536415698
4.57986E-07	1.407694301	0.534420626
4.5763E-07	1.40695662	0.53242282
4.57276E-07	1.406237985	0.530422459
4.56922E-07	1.405538253	0.528419721
4.56568E-07	1.404857277	0.526414784
4.56215E-07	1.404194909	0.524407827
4.55862E-07	1.403550994	0.52239903
4.5551E-07	1.402925378	0.520388571
4.55159E-07	1.4023179	0.518376629
4.54808E-07	1.4017284	0.516363383
4.54457E-07	1.401156712	0.514349012
4.54108E-07	1.400602667	0.512333696
4.53758E-07	1.400066096	0.510317613
4.53409E-07	1.399546824	0.508300941
4.53061E-07	1.399044674	0.50628386
4.52714E-07	1.398559467	0.504266547
4.52366E-07	1.39809102	0.502249182
4.5202E-07	1.397639149	0.500231941
4.51674E-07	1.397203665	0.498215003
4.51328E-07	1.396784378	0.496198544
4.50983E-07	1.396381097	0.494182742
4.50638E-07	1.395993627	0.492167773
4.50294E-07	1.39562177	0.490153813
4.49951E-07	1.395265328	0.488141037
4.49608E-07	1.3949241	0.486129621
4.49266E-07	1.394597885	0.484119739
4.48924E-07	1.394286477	0.482111565
4.48582E-07	1.393989671	0.480105272
4.48241E-07	1.393707262	0.478101033
4.47901E-07	1.39343904	0.47609902
4.47561E-07	1.393184799	0.474099404
4.47222E-07	1.392944328	0.472102355
4.46883E-07	1.392717417	0.470108043
4.46545E-07	1.392503857	0.468116636
4.46207E-07	1.392303437	0.466128304
4.4587E-07	1.392115947	0.464143212
4.45533E-07	1.391941177	0.462161527
4.45197E-07	1.391778917	0.460183415
4.44861E-07	1.391628959	0.458209038
4.44526E-07	1.391491094	0.456238561
4.44191E-07	1.391365116	0.454272145
4.43857E-07	1.391250818	0.452309952
4.43523E-07	1.391147997	0.45035214
4.4319E-07	1.391056448	0.44839887
4.42857E-07	1.390975972	0.446450298
4.42525E-07	1.39090637	0.44450658
4.42193E-07	1.390847444	0.442567872
4.41862E-07	1.390798999	0.440634327
4.41531E-07	1.390760844	0.438706098
4.41201E-07	1.390732789	0.436783336
4.40871E-07	1.390714647	0.43486619
4.40542E-07	1.390706235	0.432954809
4.40213E-07	1.390707371	0.431049339
4.39885E-07	1.390717878	0.429149927
4.39557E-07	1.390737581	0.427256715
4.3923E-07	1.39076631	0.425369847
4.38903E-07	1.390803896	0.423489463
4.38577E-07	1.390850176	0.421615704
4.38251E-07	1.390904989	0.419748705
4.37926E-07	1.390968178	0.417888604
4.37601E-07	1.391039591	0.416035536
4.37276E-07	1.391119078	0.414189632
4.36952E-07	1.391206493	0.412351025
4.36629E-07	1.391301696	0.410519844
4.36306E-07	1.391404548	0.408696216
4.35984E-07	1.391514915	0.406880268
4.35662E-07	1.391632667	0.405072125
4.3534E-07	1.391757678	0.403271908
4.35019E-07	1.391889826	0.401479738
4.34698E-07	1.392028991	0.399695735
4.34378E-07	1.392175059	0.397920016
4.34059E-07	1.392327917	0.396152695
4.33739E-07	1.392487459	0.394393886
4.33421E-07	1.39265358	0.392643702
4.33103E-07	1.392826179	0.390902251
4.32785E-07	1.393005158	0.389169641
4.32468E-07	1.393190424	0.387445979
4.32151E-07	1.393381884	0.385731368
4.31834E-07	1.393579451	0.38402591
4.31518E-07	1.393783041	0.382329705
4.31203E-07	1.393992569	0.380642852
4.30888E-07	1.394207957	0.378965446
4.30574E-07	1.394429128	0.377297582
4.30259E-07	1.394656008	0.375639352
4.29946E-07	1.394888523	0.373990846
4.29633E-07	1.395126605	0.372352152
4.2932E-07	1.395370184	0.370723357
4.29008E-07	1.395619196	0.369104545
4.28696E-07	1.395873576	0.367495797
4.28385E-07	1.396133261	0.365897195
4.28074E-07	1.396398191	0.364308816
4.27763E-07	1.396668305	0.362730736
4.27453E-07	1.396943546	0.361163029
4.27144E-07	1.397223857	0.359605768
4.26835E-07	1.397509181	0.358059022
4.26526E-07	1.397799463	0.35652286
4.26218E-07	1.398094648	0.354997347
4.2591E-07	1.398394683	0.353482547
4.25603E-07	1.398699514	0.351978522
4.25296E-07	1.399009088	0.350485333
4.2499E-07	1.399323352	0.349003036
4.24684E-07	1.399642254	0.347531689
4.24378E-07	1.399965741	0.346071343
4.24073E-07	1.40029376	0.344622052
4.23768E-07	1.400626258	0.343183865
4.23464E-07	1.400963183	0.34175683
4.2316E-07	1.40130448	0.340340992
4.22857E-07	1.401650096	0.338936395
4.22554E-07	1.401999976	0.337543082
4.22252E-07	1.402354065	0.336161091
4.2195E-07	1.402712307	0.334790461
4.21648E-07	1.403074645	0.333431228
4.21347E-07	1.403441021	0.332083424
4.21046E-07	1.403811377	0.330747083
4.20746E-07	1.404185654	0.329422234
4.20446E-07	1.40456379	0.328108906
4.20147E-07	1.404945723	0.326807123
4.19847E-07	1.405331392	0.325516912
4.19549E-07	1.40572073	0.324238293
4.19251E-07	1.406113673	0.322971287
4.18953E-07	1.406510154	0.321715913
4.18656E-07	1.406910104	0.320472187
4.18359E-07	1.407313454	0.319240124
4.18062E-07	1.407720132	0.318019738
4.17766E-07	1.408130065	0.316811038
4.1747E-07	1.408543179	0.315614035
4.17175E-07	1.408959399	0.314428735
4.1688E-07	1.409378645	0.313255146
4.16586E-07	1.40980084	0.312093269
4.16292E-07	1.410225902	0.310943108
4.15998E-07	1.410653748	0.309804662
4.15705E-07	1.411084295	0.308677931
4.15412E-07	1.411517454	0.307562911
4.1512E-07	1.41195314	0.306459598
4.14828E-07	1.412391261	0.305367984
4.14537E-07	1.412831726	0.304288061
4.14246E-07	1.413274441	0.303219821
4.13955E-07	1.413719311	0.30216325
4.13665E-07	1.414166237	0.301118336
4.13375E-07	1.41461512	0.300085064
4.13085E-07	1.415065858	0.299063418
4.12796E-07	1.415518347	0.29805338
4.12507E-07	1.41597248	0.297054929
4.12219E-07	1.416428151	0.296068045
4.11931E-07	1.416885246	0.295092705
4.11644E-07	1.417343655	0.294128885
4.11357E-07	1.417803261	0.293176559
4.1107E-07	1.418263946	0.2922357
4.10784E-07	1.41872559	0.291306278
4.10498E-07	1.419188069	0.290388265
4.10213E-07	1.419651259	0.289481628
4.09928E-07	1.420115029	0.288586335
4.09643E-07	1.420579249	0.28770235
4.09359E-07	1.421043784	0.286829639
4.09075E-07	1.421508496	0.285968163
4.08791E-07	1.421973244	0.285117884
4.08508E-07	1.422437883	0.284278763
4.08225E-07	1.422902266	0.283450757
4.07943E-07	1.423366241	0.282633826
4.07661E-07	1.423829653	0.281827924
4.0738E-07	1.424292341	0.281033007
4.07098E-07	1.424754142	0.280249028
4.06818E-07	1.425214888	0.27947594
4.06537E-07	1.425674406	0.278713695
4.06257E-07	1.426132519	0.277962241
4.05978E-07	1.426589044	0.277221529
4.05699E-07	1.427043794	0.276491505
4.0542E-07	1.427496574	0.275772116
4.05141E-07	1.427947187	0.275063309
4.04863E-07	1.428395426	0.274365026
4.04586E-07	1.428841081	0.273677212
4.04308E-07	1.429283933	0.272999809
4.04031E-07	1.429723758	0.272332758
4.03755E-07	1.430160324	0.271675998
4.03479E-07	1.430593391	0.27102947
4.03203E-07	1.431022711	0.270393111
4.02927E-07	1.43144803	0.269766858
4.02652E-07	1.431869082	0.269150649
4.02378E-07	1.432285596	0.268544417
4.02103E-07	1.432697288	0.267948097
4.0183E-07	1.433103868	0.267361624
4.01556E-07	1.433505035	0.266784929
4.01283E-07	1.433900476	0.266217944
4.0101E-07	1.43428987	0.265660601
4.00738E-07	1.434672885	0.265112828
4.00466E-07	1.435049177	0.264574557
4.00194E-07	1.435418393	0.264045714
3.99923E-07	1.435780166	0.263526228
3.99652E-07	1.43613412	0.263016026
3.99381E-07	1.436479868	0.262515035
3.99111E-07	1.436817011	0.262023178
3.98841E-07	1.437145137	0.261540383
3.98571E-07	1.437463828	0.261066572
3.98302E-07	1.437772651	0.26060167
3.98034E-07	1.438071168	0.260145599
3.97765E-07	1.438358927	0.259698282
3.97497E-07	1.438635473	0.25925964
3.97229E-07	1.438900341	0.258829594
3.96962E-07	1.439153062	0.258408066
3.96695E-07	1.439393164	0.257994975
3.96429E-07	1.439620172	0.25759024
3.96162E-07	1.439833612	0.257193782
3.95896E-07	1.440033015	0.256805517
3.95631E-07	1.440217916	0.256425366
3.95366E-07	1.440387862	0.256053244
3.95101E-07	1.440542413	0.25568907
3.94836E-07	1.440681148	0.25533276
3.94572E-07	1.440803667	0.25498423
3.94309E-07	1.4409096	0.254643397
3.94045E-07	1.440998611	0.254310177
3.93782E-07	1.441070403	0.253984485
3.93519E-07	1.441124726	0.253666235
3.93257E-07	1.441161385	0.253355343
3.92995E-07	1.441180242	0.253051724
3.92733E-07	1.441181232	0.25275529
3.92472E-07	1.441164361	0.252465958
3.92211E-07	1.441129722	0.252183639
3.91951E-07	1.441077494	0.251908248
3.9169E-07	1.441007957	0.251639699
3.9143E-07	1.440921494	0.251377904
3.91171E-07	1.440818595	0.251122776
3.90912E-07	1.440699866	0.250874229
3.90653E-07	1.440566031	0.250632175
3.90394E-07	1.440417932	0.250396527
3.90136E-07	1.440256532	0.250167198
3.89878E-07	1.440082911	0.249944099
3.89621E-07	1.439898266	0.249727145
3.89364E-07	1.439703901	0.249516247
3.89107E-07	1.439501223	0.249311317
3.8885E-07	1.439291729	0.249112269
3.88594E-07	1.439076995	0.248919014
3.88338E-07	1.43885866	0.248731466
3.88083E-07	1.438638412	0.248549536
3.87828E-07	1.438417967	0.248373138
3.87573E-07	1.43819905	0.248202184
3.87318E-07	1.437983377	0.248036588
3.87064E-07	1.437772632	0.247876261
3.8681E-07	1.437568445	0.247721118
3.86557E-07	1.437372376	0.247571072
3.86304E-07	1.437185891	0.247426035
3.86051E-07	1.43701035	0.247285922
3.85798E-07	1.436846984	0.247150646
3.85546E-07	1.43669689	0.247020122
3.85294E-07	1.436561013	0.246894264
3.85043E-07	1.436440143	0.246772985
3.84792E-07	1.436334908	0.246656202
3.84541E-07	1.43624577	0.246543828
3.8429E-07	1.436173031	0.24643578
3.8404E-07	1.436116832	0.246331973
3.8379E-07	1.436077158	0.246232322
3.83541E-07	1.43605385	0.246136745
3.83292E-07	1.436046612	0.246045157
3.83043E-07	1.436055021	0.245957475
3.82794E-07	1.436078543	0.245873617
3.82546E-07	1.436116543	0.245793501
3.82298E-07	1.436168296	0.245717045
3.8205E-07	1.436233008	0.245644166
3.81803E-07	1.436309822	0.245574784
3.81556E-07	1.436397834	0.245508819
3.81309E-07	1.436496104	0.245446189
3.81063E-07	1.436603667	0.245386816
3.80817E-07	1.436719548	0.24533062
3.80571E-07	1.436842763	0.245277522
3.80326E-07	1.436972336	0.245227443
3.80081E-07	1.437107302	0.245180306
3.79836E-07	1.437246713	0.245136034
3.79592E-07	1.437389646	0.245094549
3.79348E-07	1.437535207	0.245055776
3.79104E-07	1.437682533	0.245019638
3.7886E-07	1.437830796	0.24498606
3.78617E-07	1.437979206	0.244954968
3.78374E-07	1.43812701	0.244926287
3.78132E-07	1.438273497	0.244899944
3.7789E-07	1.438417994	0.244875866
3.77648E-07	1.438559868	0.244853981
3.77406E-07	1.438698529	0.244834217
3.77165E-07	1.438833421	0.244816502
3.76924E-07	1.43896403	0.244800766
3.76683E-07	1.439089878	0.244786939
3.76443E-07	1.43921052	0.244774953
3.76203E-07	1.43932555	0.244764737
3.75963E-07	1.439434591	0.244756225
3.75723E-07	1.4395373	0.244749348
3.75484E-07	1.439633361	0.244744041
3.75245E-07	1.439722488	0.244740236
3.75007E-07	1.439804422	0.24473787
3.74769E-07	1.439878928	0.244736876
3.74531E-07	1.439945795	0.244737191
3.74293E-07	1.440004833	0.244738752
3.74056E-07	1.440055875	0.244741495
3.73819E-07	1.440098772	0.244745359
3.73582E-07	1.440133394	0.244750283
3.73345E-07	1.440159627	0.244756207
3.73109E-07	1.440177372	0.244763069
3.72873E-07	1.440186548	0.244770811
3.72638E-07	1.440187083	0.244779375
3.72403E-07	1.440178922	0.244788702
3.72168E-07	1.440162019	0.244798736
3.71933E-07	1.440136341	0.244809421
3.71699E-07	1.440101862	0.244820701
3.71465E-07	1.440058569	0.244832521
3.71231E-07	1.440006455	0.244844826
3.70997E-07	1.439945524	0.244857564
3.70764E-07	1.439875783	0.244870682
3.70531E-07	1.439797251	0.244884128
3.70299E-07	1.439709949	0.24489785
3.70066E-07	1.439613908	0.244911798
3.69834E-07	1.43950916	0.244925923
3.69603E-07	1.439395746	0.244940175
3.69371E-07	1.439273709	0.244954506
3.6914E-07	1.439143098	0.244968869
3.68909E-07	1.439003966	0.244983217
3.68679E-07	1.438856368	0.244997503
3.68448E-07	1.438700365	0.245011682
3.68218E-07	1.438536018	0.245025711
3.67989E-07	1.438363393	0.245039543
3.67759E-07	1.438182559	0.245053138
3.6753E-07	1.437993587	0.245066452
3.67301E-07	1.43779655	0.245079443
3.67073E-07	1.437591523	0.24509207
3.66844E-07	1.437378582	0.245104294
3.66616E-07	1.437157809	0.245116075
3.66389E-07	1.436929282	0.245127373
3.66161E-07	1.436693085	0.245138152
3.65934E-07	1.4364493	0.245148372
3.65707E-07	1.436198013	0.245157998
3.65481E-07	1.435939311	0.245166994
3.65254E-07	1.43567328	0.245175325
3.65028E-07	1.435400008	0.245182955
3.64803E-07	1.435119585	0.245189852
3.64577E-07	1.434832101	0.245195981
3.64352E-07	1.434537647	0.245201311
3.64127E-07	1.434236313	0.245205809
3.63902E-07	1.433928192	0.245209444
3.63678E-07	1.433613377	0.245212187
3.63454E-07	1.43329196	0.245214007
3.6323E-07	1.432964036	0.245214876
3.63007E-07	1.432629698	0.245214764
3.62783E-07	1.432289041	0.245213644
3.6256E-07	1.431942158	0.245211489
3.62338E-07	1.431589145	0.245208273
3.62115E-07	1.431230097	0.245203969
3.61893E-07	1.43086511	0.245198553
3.61671E-07	1.430494277	0.245192
3.6145E-07	1.430117696	0.245184286
3.61228E-07	1.42973546	0.245175389
3.61007E-07	1.429347667	0.245165284
3.60786E-07	1.428954411	0.245153951
3.60566E-07	1.428555789	0.245141368
3.60346E-07	1.428151894	0.245127514
3.60126E-07	1.427742824	0.245112369
3.59906E-07	1.427328673	0.245095913
3.59686E-07	1.426909536	0.245078128
3.59467E-07	1.426485509	0.245058994
3.59248E-07	1.426056687	0.245038495
3.5903E-07	1.425623164	0.245016613
3.58811E-07	1.425185035	0.24499333
3.58593E-07	1.424742394	0.244968632
3.58375E-07	1.424295336	0.244942502
3.58158E-07	1.423843954	0.244914926
3.5794E-07	1.423388342	0.244885889
3.57723E-07	1.422928594	0.244855376
3.57506E-07	1.422464803	0.244823375
3.5729E-07	1.421997062	0.244789873
3.57074E-07	1.421525463	0.244754857
3.56858E-07	1.421050098	0.244718315
3.56642E-07	1.420571061	0.244680236
3.56426E-07	1.420088442	0.244640609
3.56211E-07	1.419602332	0.244599424
3.55996E-07	1.419112824	0.244556671
3.55781E-07	1.418620008	0.244512341
3.55567E-07	1.418123973	0.244466423
3.55353E-07	1.41762481	0.244418911
3.55139E-07	1.41712261	0.244369796
3.54925E-07	1.41661746	0.24431907
3.54712E-07	1.41610945	0.244266727
3.54499E-07	1.415598669	0.244212759
3.54286E-07	1.415085205	0.244157161
