8.85651E-07	2.028634764	2.54E-07
8.84893E-07	2.029218102	0.000414251
8.84135E-07	2.029801063	0.000830384
8.83317E-07	2.030432328	0.001283489
8.82562E-07	2.031014647	0.001703741
8.81809E-07	2.031596213	0.00212579
8.80995E-07	2.032225792	0.002584857
8.80244E-07	2.032805901	0.003010153
8.79433E-07	2.033433516	0.003472331
8.78685E-07	2.034011835	0.003900076
8.77876E-07	2.034637022	0.004364418
8.77131E-07	2.03521327	0.004793655
8.76325E-07	2.035836022	0.005259038
8.75583E-07	2.036409885	0.00568867
8.7478E-07	2.037030292	0.006153831
8.73978E-07	2.03764937	0.006618353
8.73239E-07	2.038220155	0.007046241
8.72441E-07	2.038837349	0.007508476
8.71705E-07	2.039406607	0.007933626
8.70909E-07	2.040022779	0.008392221
8.70114E-07	2.040638634	0.008848429
8.69321E-07	2.041254945	0.009301925
8.68591E-07	2.041824075	0.009717903
8.678E-07	2.042441732	0.010165454
8.67012E-07	2.043060759	0.010609603
8.66224E-07	2.043681442	0.011050207
8.65438E-07	2.044304872	0.01148715
8.64654E-07	2.044930941	0.011920411
8.63871E-07	2.045560431	0.012349996
8.63089E-07	2.046193959	0.01277597
8.62369E-07	2.046782368	0.013166091
8.6159E-07	2.047424859	0.013585518
8.60812E-07	2.048072443	0.014001843
8.60036E-07	2.048725686	0.014415319
8.59202E-07	2.04943623	0.014857744
8.58429E-07	2.050102515	0.015266272
8.57657E-07	2.05077569	0.015672934
8.56886E-07	2.051455939	0.016078096
8.56117E-07	2.05214317	0.016482141
8.55349E-07	2.052838207	0.016885421
8.54583E-07	2.053540581	0.017288333
8.53759E-07	2.054305467	0.017722244
8.52996E-07	2.055024016	0.018125531
8.52234E-07	2.055750053	0.01852955
8.51473E-07	2.056483988	0.01893461
8.50655E-07	2.057283084	0.019372351
8.49897E-07	2.058032863	0.019780557
8.49141E-07	2.058790619	0.020190682
8.48327E-07	2.059615004	0.020634806
8.47573E-07	2.060388099	0.021049726
8.46763E-07	2.061229371	0.021499489
8.46012E-07	2.062017946	0.021920068
8.45205E-07	2.062875208	0.022376357
8.44457E-07	2.063678948	0.022803315
8.43652E-07	2.06455214	0.023266811
8.42907E-07	2.065370267	0.023700746
8.42105E-07	2.066259166	0.024171999
8.41362E-07	2.067091399	0.024613369
8.40564E-07	2.067995449	0.025092831
8.39767E-07	2.068907247	0.025576691
8.39028E-07	2.069760531	0.026030016
8.38234E-07	2.070687181	0.026522584
8.37442E-07	2.071621303	0.027019779
8.36651E-07	2.072562731	0.027521669
8.35917E-07	2.073444004	0.027991936
8.35129E-07	2.074400105	0.028503007
8.34343E-07	2.075363441	0.029018934
8.33557E-07	2.076334722	0.029539729
8.32774E-07	2.077313251	0.030065476
8.31991E-07	2.078299017	0.030596224
8.31211E-07	2.079292776	0.031131985
8.30431E-07	2.08029383	0.031672843
8.29653E-07	2.081302192	0.032218851
8.28877E-07	2.08231866	0.032770022
8.28102E-07	2.08334253	0.033326447
8.27329E-07	2.084373839	0.033888186
8.26556E-07	2.085413425	0.034455255
8.25786E-07	2.086460574	0.035027758
8.25017E-07	2.087515347	0.035605762
8.24249E-07	2.088578609	0.036189293
8.23428E-07	2.089726473	0.036820767
8.22663E-07	2.090805976	0.037416069
8.219E-07	2.091894125	0.038017138
8.21138E-07	2.092990413	0.038624093
8.20323E-07	2.094174096	0.039281038
8.19564E-07	2.095287973	0.039900451
8.18806E-07	2.096410398	0.040526033
8.17996E-07	2.097622415	0.041203274
8.17241E-07	2.098762967	0.041841966
8.16434E-07	2.09999496	0.042533491
8.15682E-07	2.10115395	0.04318579
8.14878E-07	2.102405971	0.043892176
8.14129E-07	2.103584417	0.044558589
8.13328E-07	2.104857212	0.045280422
8.12582E-07	2.106054908	0.045961573
8.11784E-07	2.107349332	0.04669949
8.10988E-07	2.108654802	0.047446022
8.10246E-07	2.109883263	0.048150736
8.09452E-07	2.111211184	0.048914453
8.0866E-07	2.11255072	0.049687383
8.0787E-07	2.113901942	0.050469754
8.07134E-07	2.115174108	0.051208669
8.06347E-07	2.116549168	0.052009911
8.05561E-07	2.117936418	0.052821298
8.04777E-07	2.119336085	0.053643086
8.03994E-07	2.12074908	0.054475501
8.03213E-07	2.1221748	0.055318868
8.02433E-07	2.123613421	0.056173476
8.01655E-07	2.125065623	0.057039598
8.00878E-07	2.126531465	0.057917552
8.00103E-07	2.128010762	0.058807681
7.9933E-07	2.129503769	0.059710318
7.98557E-07	2.131011421	0.060625767
7.97787E-07	2.13253309	0.061554433
7.97018E-07	2.134068956	0.062496691
7.96199E-07	2.135723608	0.063517151
7.95433E-07	2.137290402	0.06448868
7.94668E-07	2.138871974	0.065475028
7.93905E-07	2.140468503	0.066476626
7.93092E-07	2.14218907	0.067562257
7.92332E-07	2.143818132	0.068596742
7.91574E-07	2.145462722	0.069647891
7.90766E-07	2.147234506	0.07078803
7.9001E-07	2.14891281	0.071875149
7.89206E-07	2.15072075	0.073054858
7.88453E-07	2.152432538	0.074180271
7.87652E-07	2.154276994	0.07540208
7.86902E-07	2.156024008	0.076568166
7.86104E-07	2.15790601	0.07783475
7.85357E-07	2.159687911	0.079044175
7.84562E-07	2.161608086	0.08035842
7.83768E-07	2.163548394	0.081698453
7.82977E-07	2.165508605	0.083065144
7.82236E-07	2.167364418	0.084371419
7.81447E-07	2.169364066	0.08579228
7.8066E-07	2.171384427	0.087242466
7.79874E-07	2.173425216	0.088722975
7.7909E-07	2.175486523	0.090234821
7.78357E-07	2.177438112	0.091681548
7.77576E-07	2.179540297	0.093257082
7.76796E-07	2.181663188	0.094867137
7.76019E-07	2.1838068	0.096512874
7.75242E-07	2.185971524	0.098195471
7.74468E-07	2.188157549	0.099916161
7.73646E-07	2.190502822	0.101787593
7.72875E-07	2.192731363	0.103590991
7.72105E-07	2.194980316	0.105436564
7.71336E-07	2.197250556	0.107325682
7.70569E-07	2.199540845	0.109259848
7.69756E-07	2.201996021	0.111365939
7.68992E-07	2.204326886	0.113397816
7.6823E-07	2.206677583	0.115479469
7.67422E-07	2.209196143	0.117747625
7.66663E-07	2.211585508	0.119937241
7.65905E-07	2.213992618	0.12218186
7.65101E-07	2.216569164	0.124629041
7.64347E-07	2.219012183	0.1269928
7.63547E-07	2.221625106	0.129570804
7.62795E-07	2.224099751	0.132061804
7.61998E-07	2.226744443	0.13477945
7.61203E-07	2.229404126	0.137572596
7.60456E-07	2.231920287	0.140272642
7.59664E-07	2.234605178	0.143219545
7.58874E-07	2.237300445	0.146249471
7.58132E-07	2.239844946	0.149179382
7.57344E-07	2.242555749	0.152378066
7.56559E-07	2.245271736	0.155667681
7.55775E-07	2.247990218	0.159050994
7.54993E-07	2.250708734	0.162530789
7.54212E-07	2.253424622	0.166109865
7.53433E-07	2.256135412	0.169791026
7.52656E-07	2.258838331	0.173577078
7.5188E-07	2.261529334	0.177470811
7.51105E-07	2.26420483	0.181474985
7.50333E-07	2.266860971	0.185592311
7.49562E-07	2.2694938	0.189825446
7.48792E-07	2.272099814	0.194176971
7.47979E-07	2.274823527	0.198916255
7.47213E-07	2.277357215	0.203519179
7.46448E-07	2.279847785	0.208247655
7.45685E-07	2.282289616	0.213103709
7.44879E-07	2.284816133	0.218386514
7.44119E-07	2.287139982	0.223510763
7.43316E-07	2.289526396	0.229080787
7.42559E-07	2.291703085	0.234478756
7.4176E-07	2.293917944	0.240340475
7.41006E-07	2.295916826	0.246014928
7.4021E-07	2.297926925	0.252169565
7.3946E-07	2.299716246	0.258119887
7.38667E-07	2.301485113	0.264564625
7.37876E-07	2.303114851	0.271155923
7.37086E-07	2.304595045	0.277891052
7.36342E-07	2.305845985	0.284380915
7.35556E-07	2.307005227	0.291384951
7.34771E-07	2.307984301	0.298520145
7.33988E-07	2.308771661	0.305780386
7.33207E-07	2.309356676	0.31315867
7.32428E-07	2.309728905	0.320647024
7.3165E-07	2.309878203	0.328236498
7.30874E-07	2.309794819	0.335917152
7.30099E-07	2.309469916	0.343678109
7.29326E-07	2.308895327	0.351507545
7.28555E-07	2.308062299	0.359392588
7.27785E-07	2.306963759	0.367319564
7.26974E-07	2.305509428	0.375716412
7.26208E-07	2.303847077	0.383683304
7.25443E-07	2.301903855	0.391645685
7.2468E-07	2.299677156	0.399587155
7.23876E-07	2.297018914	0.407928713
7.23116E-07	2.29420812	0.415774315
7.22316E-07	2.290933762	0.423976288
7.21559E-07	2.287543794	0.431653308
7.20763E-07	2.283666391	0.439639242
7.20009E-07	2.279715762	0.447076026
7.19216E-07	2.275261258	0.454771823
7.18424E-07	2.270524525	0.462291398
7.17676E-07	2.2657876	0.469237037
7.16887E-07	2.260536817	0.476365033
7.16101E-07	2.255041886	0.483269192
7.15316E-07	2.249318102	0.489935877
7.14533E-07	2.243381704	0.496352904
7.13751E-07	2.237249703	0.502509609
7.13012E-07	2.231275853	0.508093866
7.12234E-07	2.224813762	0.513718957
7.11458E-07	2.218208967	0.51906148
7.10642E-07	2.211122821	0.524375135
7.09869E-07	2.204282772	0.529125509
7.09098E-07	2.197356496	0.53358471
7.08329E-07	2.190360715	0.537752544
7.07561E-07	2.183312581	0.54163032
7.06754E-07	2.175855057	0.545401589
7.0599E-07	2.168750698	0.548693078
7.05227E-07	2.161642384	0.551705509
7.04425E-07	2.154171495	0.55458113
7.03666E-07	2.147099071	0.55703896
7.02868E-07	2.139694924	0.559345609
7.02112E-07	2.132711341	0.561278237
7.01318E-07	2.125425695	0.563049405
7.00565E-07	2.118576318	0.564490633
6.99774E-07	2.11145349	0.565763727
6.98985E-07	2.104428627	0.566796618
6.98198E-07	2.097510015	0.567599785
6.97452E-07	2.09104288	0.568159755
6.96668E-07	2.084352339	0.568545476
6.95886E-07	2.077787798	0.568732717
6.95106E-07	2.071354306	0.568731906
6.94328E-07	2.065056166	0.56855331
6.93551E-07	2.058896985	0.568206984
6.92776E-07	2.052879728	0.567702747
6.92003E-07	2.047006771	0.567050151
6.91231E-07	2.041279951	0.56625846
6.90423E-07	2.035425662	0.565287334
6.89655E-07	2.030002178	0.564238189
6.88889E-07	2.02472758	0.563076289
6.88086E-07	2.019349847	0.561743767
6.87323E-07	2.014380525	0.560375339
6.86562E-07	2.009559475	0.558917478
6.85765E-07	2.004656473	0.557298267
6.85007E-07	2.000136837	0.555678603
6.84213E-07	1.995548011	0.553903891
6.83422E-07	1.991117915	0.552060035
6.82669E-07	1.987044362	0.550245586
6.81881E-07	1.982919081	0.548285562
6.81094E-07	1.978947082	0.546275042
6.80309E-07	1.975126305	0.544219705
6.79564E-07	1.971625601	0.542225243
6.78783E-07	1.968093866	0.54009765
6.78003E-07	1.964706921	0.537940331
6.77226E-07	1.961462526	0.535757877
6.7645E-07	1.958358429	0.533554638
6.75639E-07	1.955255118	0.531229016
6.74867E-07	1.952431307	0.52899589
6.74096E-07	1.94974099	0.526753926
6.73328E-07	1.947181985	0.524506658
6.72561E-07	1.944752145	0.522257457
6.71759E-07	1.942343413	0.51990295
6.70996E-07	1.940171554	0.517659687
6.70198E-07	1.938028587	0.515317997
6.69438E-07	1.936106312	0.513093028
6.68644E-07	1.934220551	0.510776579
6.67888E-07	1.932539938	0.508581331
6.67097E-07	1.930903336	0.506301686
6.66308E-07	1.929391238	0.504045101
6.65557E-07	1.928061999	0.501914938
6.64772E-07	1.926787895	0.499711463
6.63989E-07	1.925632882	0.497539132
6.63208E-07	1.924595256	0.495400606
6.62429E-07	1.923673376	0.493298531
6.61651E-07	1.922865656	0.491235548
6.60875E-07	1.922170565	0.489214307
6.60101E-07	1.921586613	0.487237476
6.59329E-07	1.921112352	0.485307756
6.58559E-07	1.920746366	0.483427887
6.57755E-07	1.920477485	0.48151828
6.56988E-07	1.920328564	0.479749015
6.56224E-07	1.92028371	0.478038305
6.55426E-07	1.920345885	0.476314749
6.54664E-07	1.920511314	0.474735795
6.5387E-07	1.920791589	0.473159173
6.53113E-07	1.921159421	0.471723357
6.52323E-07	1.921647694	0.470303469
6.51534E-07	1.922239457	0.468969489
6.50782E-07	1.922900402	0.467777593
6.49997E-07	1.923688879	0.46662424
6.49215E-07	1.92457449	0.465569632
6.48434E-07	1.925554733	0.464618409
6.47655E-07	1.926626883	0.463775367
6.46878E-07	1.927787958	0.463045454
6.46103E-07	1.929034685	0.462433761
6.45329E-07	1.930365485	0.461954273
6.44558E-07	1.931774075	0.461605275
6.43755E-07	1.933321913	0.46138615
6.42987E-07	1.934874545	0.461318573
6.42221E-07	1.936489752	0.461397356
6.41424E-07	1.938235474	0.461640916
6.40661E-07	1.939959515	0.462035524
6.39868E-07	1.941804126	0.462619139
6.39109E-07	1.943607397	0.463352102
6.3832E-07	1.945514489	0.464316055
6.37532E-07	1.947437972	0.465476436
6.36779E-07	1.949286838	0.466773927
6.35995E-07	1.951209598	0.46832787
6.35213E-07	1.953113457	0.470087911
6.34433E-07	1.954984786	0.472056788
6.33655E-07	1.956809187	0.474236313
6.32879E-07	1.958564973	0.476637574
6.32105E-07	1.960233306	0.479260939
6.31332E-07	1.96180427	0.482092635
6.3053E-07	1.963319164	0.485259774
6.29761E-07	1.964639744	0.488502846
6.28995E-07	1.96581138	0.491938019
6.28198E-07	1.966856512	0.495710002
6.27435E-07	1.967646309	0.499522842
6.26642E-07	1.968252648	0.503661446
6.25883E-07	1.96861571	0.507777179
6.25095E-07	1.96874978	0.512195668
6.24308E-07	1.968623113	0.516727206
6.23554E-07	1.9682395	0.52116423
6.22771E-07	1.967524253	0.525854179
6.2199E-07	1.966520506	0.530580981
6.21211E-07	1.96522498	0.535318669
6.20434E-07	1.963637216	0.540040809
6.19659E-07	1.961759652	0.544720876
6.18886E-07	1.959566268	0.549320532
6.18084E-07	1.956982677	0.553993994
6.17315E-07	1.95423478	0.558362283
6.16547E-07	1.951240094	0.562583725
6.15751E-07	1.947885016	0.566798998
6.14988E-07	1.94441301	0.570631079
6.14196E-07	1.940604168	0.57439641
6.13436E-07	1.936777359	0.577795896
6.12648E-07	1.93265071	0.581091014
6.11862E-07	1.928393327	0.584118165
6.11108E-07	1.924199434	0.586759187
6.10326E-07	1.919771088	0.589247748
6.09546E-07	1.915300219	0.591477541
6.08768E-07	1.910810359	0.593451963
6.07992E-07	1.9063244	0.59513795
6.07218E-07	1.9018682	0.596581148
6.06416E-07	1.897292323	0.597838042
6.05646E-07	1.892953717	0.598825743
6.04878E-07	1.888708526	0.599576888
6.04082E-07	1.884406842	0.600153194
6.03318E-07	1.880377648	0.600531087
6.02527E-07	1.876322468	0.600753724
6.01766E-07	1.872568297	0.60079723
6.00979E-07	1.868816552	0.60070828
6.00194E-07	1.865218193	0.600500161
5.99439E-07	1.861909245	0.600195959
5.98658E-07	1.858648784	0.599782145
5.97878E-07	1.855550003	0.599298229
5.97101E-07	1.852612967	0.598758139
5.96326E-07	1.849854416	0.598169665
5.95524E-07	1.847168757	0.597528817
5.94753E-07	1.844736724	0.596896759
5.93984E-07	1.842465192	0.596261755
5.93216E-07	1.840355994	0.595636372
5.92423E-07	1.838318636	0.595010224
5.9166E-07	1.836493965	0.594437657
5.9087E-07	1.834761351	0.593892117
5.90083E-07	1.833161137	0.593400113
5.89326E-07	1.831738409	0.592984446
5.88542E-07	1.830395188	0.592631217
5.87761E-07	1.829165038	0.592357669
5.86982E-07	1.828037953	0.592168488
5.86205E-07	1.827017758	0.592082808
5.8543E-07	1.826085762	0.592096765
5.84657E-07	1.825232009	0.592212734
5.83859E-07	1.824429243	0.592461577
5.8309E-07	1.823716307	0.592817399
5.82324E-07	1.823055276	0.593288259
5.81532E-07	1.82241972	0.593921285
5.80769E-07	1.821839473	0.594655917
5.79981E-07	1.821263908	0.595550863
5.79196E-07	1.8207026	0.59659851
5.78412E-07	1.820146042	0.597780783
5.77658E-07	1.819600662	0.599063491
5.76878E-07	1.819015891	0.600538268
5.76101E-07	1.818404533	0.602148625
5.75326E-07	1.817745497	0.603913568
5.74526E-07	1.817009579	0.60588367
5.73755E-07	1.81623236	0.607927839
5.72986E-07	1.815370227	0.610115756
5.72193E-07	1.814392184	0.612508541
5.71429E-07	1.813331991	0.614959222
5.7064E-07	1.812118866	0.61761737
5.69879E-07	1.810820017	0.620300245
5.69094E-07	1.809318971	0.623191995
5.68312E-07	1.807672197	0.626179047
5.67532E-07	1.805832177	0.629263409
5.66754E-07	1.803820513	0.63242124
5.65977E-07	1.80160604	0.635643078
5.65204E-07	1.799184855	0.638911947
5.64432E-07	1.796558006	0.642210151
5.63636E-07	1.793592295	0.645628414
5.62869E-07	1.790513042	0.648929569
5.62078E-07	1.787056258	0.652299911
5.61315E-07	1.783496265	0.655512316
5.60528E-07	1.779552752	0.65873951
5.59769E-07	1.775514375	0.661762285
5.58987E-07	1.77109868	0.664743128
5.58207E-07	1.766456641	0.667558768
5.57429E-07	1.761600071	0.670178161
5.56653E-07	1.756545089	0.672572734
5.55879E-07	1.751321528	0.674725446
5.55083E-07	1.745771533	0.676655122
5.54314E-07	1.740283423	0.678238657
5.53522E-07	1.734532713	0.679542222
5.52757E-07	1.728923472	0.680494409
5.5197E-07	1.72313391	0.681129695
5.51209E-07	1.717569214	0.681433019
5.50426E-07	1.711917712	0.681410294
5.49645E-07	1.70640006	0.681085507
5.48867E-07	1.701062178	0.6804694
5.48091E-07	1.695938149	0.679603561
5.47316E-07	1.691057878	0.678524262
5.46544E-07	1.686449011	0.677274822
5.45751E-07	1.681983206	0.675862623
5.44983E-07	1.677957732	0.674417265
5.44194E-07	1.674082816	0.672905435
5.43431E-07	1.670622087	0.671463945
5.42646E-07	1.667290569	0.670042225
5.41863E-07	1.664210653	0.66873401
5.41083E-07	1.661317156	0.667558449
5.40305E-07	1.658586916	0.666545089
5.39529E-07	1.655974687	0.665706013
5.38756E-07	1.65343975	0.665040135
5.37984E-07	1.650947726	0.664560581
5.37192E-07	1.648386197	0.664233035
5.36425E-07	1.645873882	0.664081113
5.35637E-07	1.643233155	0.664063828
5.34875E-07	1.640598653	0.664166008
5.34091E-07	1.637788823	0.664373741
5.3331E-07	1.634879734	0.664656204
5.32532E-07	1.631851693	0.664994793
5.31755E-07	1.628710516	0.665363373
5.30981E-07	1.625457248	0.665742976
5.30209E-07	1.622084583	0.666111144
5.29417E-07	1.618506784	0.666464287
5.28649E-07	1.614929475	0.666765072
5.27862E-07	1.611150334	0.667015487
5.27076E-07	1.607288898	0.667200498
5.26316E-07	1.603464123	0.667303294
5.25535E-07	1.599463786	0.667324392
5.24757E-07	1.595412166	0.667259842
5.23981E-07	1.591316479	0.66709744
5.23207E-07	1.58718892	0.666839426
5.22413E-07	1.582920313	0.666477414
5.21644E-07	1.578756056	0.666025484
5.20855E-07	1.574467527	0.665460165
5.20091E-07	1.570299975	0.664820033
5.19306E-07	1.566022402	0.664067007
5.18525E-07	1.561761632	0.663217588
5.17745E-07	1.557521564	0.662282371
5.16968E-07	1.553306623	0.661264734
5.16193E-07	1.549124161	0.660161142
5.15421E-07	1.544975339	0.658981787
5.14651E-07	1.540862154	0.65773176
5.13862E-07	1.53667563	0.656374956
5.13075E-07	1.532534893	0.654946342
5.12312E-07	1.528548452	0.653495793
5.1153E-07	1.524495758	0.65194634
5.1075E-07	1.520490167	0.650339462
5.09973E-07	1.516534247	0.64867657
5.09198E-07	1.512624943	0.646964283
5.08426E-07	1.508762189	0.645205338
5.07635E-07	1.504843708	0.643352558
5.06867E-07	1.501078241	0.641503611
5.06081E-07	1.497258493	0.639563611
5.05297E-07	1.493486162	0.637584031
5.04537E-07	1.489857679	0.635620446
5.03758E-07	1.486176948	0.633567727
5.02981E-07	1.482543633	0.631478727
5.02187E-07	1.478860376	0.629300189
5.01415E-07	1.47531552	0.627144668
5.00646E-07	1.471813031	0.624957723
4.99859E-07	1.468261931	0.622681094
4.99094E-07	1.464844278	0.620431684
4.98312E-07	1.461379621	0.618091484
4.97532E-07	1.457956868	0.615720203
4.96755E-07	1.454575521	0.613318039
4.9598E-07	1.451235186	0.610885096
4.95188E-07	1.447851656	0.608357714
4.94418E-07	1.444593699	0.605862366
4.93631E-07	1.441294573	0.603270703
4.92865E-07	1.438120085	0.600711559
4.92083E-07	1.434906307	0.598054439
4.91303E-07	1.431735722	0.595364188
4.90526E-07	1.428608777	0.592640608
4.89751E-07	1.425526044	0.589883515
4.88978E-07	1.422488218	0.587092757
4.88189E-07	1.419421985	0.584197095
4.87421E-07	1.41647773	0.581337836
4.86637E-07	1.413509517	0.578371845
4.85855E-07	1.410592685	0.575370334
4.85076E-07	1.407728551	0.572333482
4.84299E-07	1.404918522	0.569261572
4.83525E-07	1.402164335	0.566154757
4.82753E-07	1.399467461	0.563013646
4.81965E-07	1.396765619	0.559761353
4.81198E-07	1.3941895	0.556553234
4.80415E-07	1.391614922	0.553234094
4.79635E-07	1.389107498	0.549882786
4.78857E-07	1.3866691	0.546500642
4.78082E-07	1.384301597	0.54308917
4.77309E-07	1.382006837	0.539650045
4.7652E-07	1.379734534	0.536102473
4.75752E-07	1.377592501	0.53261323
4.74968E-07	1.375480172	0.529018793
4.74187E-07	1.373451393	0.525404352
4.73409E-07	1.371508184	0.521772327
4.72633E-07	1.369651771	0.518125876
4.7186E-07	1.367883469	0.514468127
4.71089E-07	1.366204516	0.510802311
4.70303E-07	1.36458025	0.507046336
4.69519E-07	1.363051552	0.503289282
4.68756E-07	1.361650612	0.499620347
4.67978E-07	1.360312904	0.495872771
4.67184E-07	1.359045195	0.492051398
4.66411E-07	1.357903947	0.488330352
4.6564E-07	1.356859664	0.484628905
4.64855E-07	1.35589122	0.480868296
4.64089E-07	1.355042003	0.477219643
4.63309E-07	1.354271992	0.473521999
4.62531E-07	1.353599527	0.469863732
4.61756E-07	1.353022893	0.466249596
4.60967E-07	1.352530306	0.462605695
4.60197E-07	1.352140874	0.45909517
4.59412E-07	1.351834259	0.455566877
4.58631E-07	1.351619203	0.452103536
4.57852E-07	1.351490023	0.448710523
4.57075E-07	1.351442882	0.445392305
4.56302E-07	1.351473624	0.442153169
4.55531E-07	1.35157778	0.438997194
4.54745E-07	1.351756713	0.435862172
4.53963E-07	1.352002307	0.432821799
4.53183E-07	1.352308213	0.429879744
4.52406E-07	1.352668445	0.427039208
4.51632E-07	1.353078027	0.424302874
4.5086E-07	1.353530341	0.421673297
4.50074E-07	1.35402807	0.419100332
4.49308E-07	1.35454341	0.416692894
4.48528E-07	1.355092209	0.414349724
4.4775E-07	1.355655669	0.412124158
4.46976E-07	1.356224659	0.410016626
4.46188E-07	1.356803256	0.40798669
4.45418E-07	1.35736156	0.406116355
4.44636E-07	1.357912003	0.404326421
4.43856E-07	1.358434107	0.402655048
4.43079E-07	1.358922337	0.401099526
4.42304E-07	1.359365314	0.399656602
4.41517E-07	1.359762409	0.39829618
4.40748E-07	1.360092055	0.39706804
4.39966E-07	1.360356992	0.395916565
4.39187E-07	1.360543067	0.394861701
4.3841E-07	1.360643968	0.393896663
4.37637E-07	1.36065087	0.393013929
4.3685E-07	1.360557018	0.392190181
4.36082E-07	1.360358904	0.391448999
4.35302E-07	1.360043653	0.390751406
4.34524E-07	1.359611239	0.390103116
4.33748E-07	1.359055799	0.389493681
4.32961E-07	1.358363324	0.388901843
4.32191E-07	1.357555752	0.388339238
4.31409E-07	1.356602986	0.387773037
4.3063E-07	1.355518176	0.38720296
4.29854E-07	1.354303755	0.386618176
4.29081E-07	1.352961089	0.386007777
4.28295E-07	1.35146435	0.385348636
4.27527E-07	1.349873685	0.384655472
4.26747E-07	1.34813319	0.383891966
4.2597E-07	1.34627771	0.383061637
4.25182E-07	1.344276281	0.382138332
4.2441E-07	1.342209133	0.381148129
4.23627E-07	1.340007704	0.380047098
4.22862E-07	1.337759504	0.378869266
4.2207E-07	1.335346146	0.377540723
4.21296E-07	1.33290369	0.376125719
4.20524E-07	1.330399186	0.374598178
4.19741E-07	1.327793166	0.372923824
4.18961E-07	1.325140124	0.371127787
4.18184E-07	1.32245065	0.369210016
4.1741E-07	1.319731702	0.367169448
4.16639E-07	1.316992472	0.365007197
4.15856E-07	1.314190852	0.362682043
4.15077E-07	1.311383647	0.360233685
4.143E-07	1.308578955	0.357665248
4.13526E-07	1.305783383	0.354979694
4.12742E-07	1.302953246	0.352129098
4.1196E-07	1.300144953	0.34916475
4.11181E-07	1.297364107	0.34609127
4.10406E-07	1.294614958	0.342912646
4.09633E-07	1.29190179	0.339633625
4.0885E-07	1.289182302	0.336199832
4.08069E-07	1.286507303	0.332672551
4.07292E-07	1.283879545	0.329056922
4.06517E-07	1.281301363	0.325358192
4.05746E-07	1.278774818	0.32158213
4.04964E-07	1.276258964	0.317666597
4.04185E-07	1.273798846	0.313681229
4.03409E-07	1.271395169	0.309631263
4.02637E-07	1.269048292	0.30552182
4.01854E-07	1.266719935	0.301287275
4.01074E-07	1.264450045	0.297001745
4.00297E-07	1.262238079	0.292670002
3.99523E-07	1.260083278	0.28829686
3.98739E-07	1.257950166	0.283813228
3.97959E-07	1.255873932	0.279296425
3.97181E-07	1.253853216	0.274751057
3.96407E-07	1.251886526	0.27018159
3.95635E-07	1.249972245	0.265592415
3.94854E-07	1.248078474	0.260912323
3.94076E-07	1.246235277	0.256220484
3.93301E-07	1.244440788	0.251521076
3.92517E-07	1.24266534	0.246742246
3.91736E-07	1.240936264	0.241963972
3.90958E-07	1.239251606	0.237190321
3.90183E-07	1.237609448	0.232425269
3.89411E-07	1.236007933	0.227672709
3.88629E-07	1.234420816	0.222861355
3.87851E-07	1.23287203	0.218070739
3.87077E-07	1.23135991	0.213304707
3.86293E-07	1.229860059	0.208493353
3.85524E-07	1.228417194	0.203788508
3.84735E-07	1.226963143	0.198974301
3.8396E-07	1.22556377	0.194273871
3.83189E-07	1.224195796	0.189617707
3.82409E-07	1.222838131	0.184938835
3.81632E-07	1.221511508	0.180312783
3.80847E-07	1.220196196	0.175674137
3.80077E-07	1.218931223	0.171165042
3.79298E-07	1.217678158	0.16665296
3.78522E-07	1.216457055	0.162208857
3.77738E-07	1.21525099	0.157770991
3.76957E-07	1.214079273	0.153409053
3.76179E-07	1.212942862	0.149126497
3.75405E-07	1.211843076	0.144926151
3.74634E-07	1.210781554	0.140809206
3.73854E-07	1.209745253	0.136718854
3.73078E-07	1.20875203	0.132718985
3.72294E-07	1.207790685	0.128755253
3.71513E-07	1.206878208	0.124885985
3.70736E-07	1.206017145	0.121112944
3.69962E-07	1.205210216	0.117437247
3.69179E-07	1.204449386	0.113806753
3.68401E-07	1.20374965	0.110275847
3.67625E-07	1.203113683	0.106843546
3.66853E-07	1.202543655	0.103507502
3.66073E-07	1.202036611	0.100223935
3.65297E-07	1.201602506	0.097036138
3.64513E-07	1.201240001	0.093901168
3.63743E-07	1.200960888	0.090901782
3.62966E-07	1.200759397	0.08795182
3.62181E-07	1.2006411	0.085052438
3.614E-07	1.200610428	0.08224055
3.60622E-07	1.200668977	0.079512939
3.59848E-07	1.200817536	0.076865593
3.59066E-07	1.201060459	0.074260265
3.58299E-07	1.201392092	0.071762832
3.57514E-07	1.201826586	0.069268367
3.56742E-07	1.202350143	0.066873902
3.55964E-07	1.202974027	0.064509854
3.55179E-07	1.20370225	0.062175277
3.54407E-07	1.20451439	0.059926444
