8.85714E-07	1.805821254	-0.00552015
8.84388E-07	1.806258804	-0.00543207
8.83065E-07	1.806697859	-0.0053439
8.81746E-07	1.80713843	-0.00525564
8.80432E-07	1.807580528	-0.0051673
8.79121E-07	1.808024167	-0.00507888
8.77814E-07	1.808469357	-0.00499038
8.76511E-07	1.808916112	-0.0049018
8.75212E-07	1.809364444	-0.00481316
8.73916E-07	1.809814366	-0.00472444
8.72625E-07	1.81026589	-0.00463567
8.71337E-07	1.81071903	-0.00454683
8.70053E-07	1.811173799	-0.00445794
8.68773E-07	1.81163021	-0.004369
8.67497E-07	1.812088277	-0.00428001
8.66224E-07	1.812548014	-0.00419098
8.64955E-07	1.813009435	-0.0041019
8.6369E-07	1.813472555	-0.0040128
8.62429E-07	1.813937387	-0.00392366
8.61171E-07	1.814403946	-0.00383449
8.59917E-07	1.814872248	-0.00374531
8.58666E-07	1.815342306	-0.0036561
8.57419E-07	1.815814138	-0.00356689
8.56176E-07	1.816287758	-0.00347766
8.54878E-07	1.816763183	-0.00338843
8.53642E-07	1.817240427	-0.0032992
8.52409E-07	1.817719508	-0.00320998
8.51181E-07	1.818200442	-0.00312077
8.49955E-07	1.818683246	-0.00303158
8.48734E-07	1.819167937	-0.00294241
8.47516E-07	1.819654532	-0.00285326
8.46301E-07	1.820143049	-0.00276415
8.4509E-07	1.820633505	-0.00267508
8.43882E-07	1.82112592	-0.00258604
8.42678E-07	1.821620311	-0.00249706
8.41477E-07	1.822116696	-0.00240813
8.40279E-07	1.822615096	-0.00231926
8.39085E-07	1.823115529	-0.00223045
8.37894E-07	1.823618016	-0.00214171
8.36707E-07	1.824122575	-0.00205306
8.35523E-07	1.824629227	-0.00196448
8.34343E-07	1.825137993	-0.001876
8.33165E-07	1.825648894	-0.00178761
8.31991E-07	1.82616195	-0.00169932
8.30821E-07	1.826677185	-0.00161114
8.29653E-07	1.827194618	-0.00152308
8.28489E-07	1.827714274	-0.00143514
8.27329E-07	1.828236173	-0.00134732
8.26171E-07	1.828760341	-0.00125964
8.25017E-07	1.829286799	-0.00117211
8.23866E-07	1.829815572	-0.00108472
8.22718E-07	1.830346684	-0.000997483
8.21573E-07	1.83088016	-0.000910413
8.20431E-07	1.831416024	-0.000823513
8.19293E-07	1.831954303	-0.000736791
8.18158E-07	1.832495021	-0.000650254
8.17026E-07	1.833038206	-0.000563909
8.15897E-07	1.833583884	-0.000477765
8.14771E-07	1.834132082	-0.000391828
8.13648E-07	1.834682828	-0.000306108
8.12529E-07	1.835236151	-0.000220611
8.11412E-07	1.835792078	-0.000135346
8.10299E-07	1.836350639	-5.03E-05
8.09188E-07	1.836911864	3.45E-05
8.08081E-07	1.837475783	0.000118975
8.06976E-07	1.838042427	0.00020323
8.05875E-07	1.838611826	0.000287212
8.04777E-07	1.839184013	0.000370911
8.03681E-07	1.839759021	0.000454319
8.02589E-07	1.840336881	0.000537427
8.015E-07	1.840917627	0.000620226
8.00413E-07	1.841501294	0.000702707
7.99278E-07	1.842087917	0.000784861
7.98198E-07	1.842677531	0.000866678
7.9712E-07	1.843270171	0.00094815
7.96045E-07	1.843865874	0.00102927
7.94974E-07	1.844464679	0.00111002
7.93905E-07	1.845066622	0.00119039
7.92839E-07	1.845671742	0.00127039
7.91776E-07	1.84628008	0.00134998
7.90715E-07	1.846891674	0.00142918
7.89658E-07	1.847506566	0.00150796
7.88603E-07	1.848124798	0.00158631
7.87552E-07	1.848746412	0.00166423
7.86503E-07	1.849371451	0.0017417
7.85456E-07	1.849999959	0.00181872
7.84413E-07	1.850631981	0.00189528
7.83372E-07	1.851267563	0.00197135
7.82334E-07	1.851906752	0.00204694
7.81299E-07	1.852549594	0.00212203
7.80267E-07	1.853196138	0.00219661
7.79237E-07	1.853846434	0.00227066
7.7821E-07	1.854500532	0.00234419
7.77186E-07	1.855158482	0.00241718
7.76164E-07	1.855820337	0.00248961
7.75145E-07	1.856486151	0.00256147
7.74129E-07	1.857155977	0.00263276
7.73116E-07	1.857829871	0.00270346
7.72105E-07	1.85850789	0.00277356
7.71096E-07	1.85919009	0.00284304
7.70091E-07	1.85987653	0.00291191
7.69088E-07	1.860567271	0.00298014
7.68087E-07	1.861262372	0.00304772
7.67089E-07	1.861961898	0.00311464
7.66094E-07	1.86266591	0.0031809
7.65101E-07	1.863374473	0.00324647
7.64111E-07	1.864087654	0.00331134
7.63124E-07	1.864805521	0.00337551
7.62139E-07	1.86552814	0.00343896
7.61156E-07	1.866255584	0.00350168
7.60177E-07	1.866987924	0.00356366
7.59199E-07	1.867725231	0.00362489
7.58224E-07	1.868467582	0.00368535
7.57252E-07	1.869215053	0.00374502
7.56282E-07	1.86996772	0.00380391
7.55315E-07	1.870725663	0.003862
7.5435E-07	1.871488963	0.00391927
7.53387E-07	1.872257704	0.00397572
7.52427E-07	1.873031968	0.00403132
7.51424E-07	1.873811843	0.00408608
7.50469E-07	1.874597417	0.00413998
7.49516E-07	1.875388778	0.004193
7.48566E-07	1.87618602	0.00424514
7.47618E-07	1.876989236	0.00429638
7.46673E-07	1.877798521	0.00434672
7.4573E-07	1.878613974	0.00439614
7.44789E-07	1.879435695	0.00444462
7.43851E-07	1.880263785	0.00449217
7.42915E-07	1.88109835	0.00453877
7.41982E-07	1.881939495	0.00458441
7.41051E-07	1.882787331	0.00462908
7.40122E-07	1.883641967	0.00467276
7.39195E-07	1.884503519	0.00471546
7.38271E-07	1.885372103	0.00475716
7.37349E-07	1.886247838	0.00479785
7.3643E-07	1.887130845	0.00483752
7.35512E-07	1.888021249	0.00487616
7.34597E-07	1.888919177	0.00491378
7.33684E-07	1.88982476	0.00495035
7.32774E-07	1.89073813	0.00498588
7.31866E-07	1.891659425	0.00502035
7.3096E-07	1.892588782	0.00505376
7.30056E-07	1.893526346	0.00508611
7.29154E-07	1.894472261	0.00511739
7.28255E-07	1.895426676	0.0051476
7.27358E-07	1.896389745	0.00517672
7.26463E-07	1.897361625	0.00520477
7.25571E-07	1.898342473	0.00523173
7.2468E-07	1.899332456	0.00525762
7.23792E-07	1.900331739	0.00528241
7.22906E-07	1.901340496	0.00530613
7.22022E-07	1.902358901	0.00532876
7.2114E-07	1.903387135	0.00535031
7.2026E-07	1.904425381	0.00537079
7.19383E-07	1.905473829	0.0053902
7.18507E-07	1.906532673	0.00540854
7.17634E-07	1.907602109	0.00542582
7.16763E-07	1.908682342	0.00544206
7.15894E-07	1.909773578	0.00545725
7.15027E-07	1.910876032	0.00547142
7.14162E-07	1.911989921	0.00548457
7.133E-07	1.91311547	0.00549673
7.12439E-07	1.914252908	0.0055079
7.1158E-07	1.91540247	0.00551811
7.10724E-07	1.916564397	0.00552737
7.09869E-07	1.917738937	0.00553572
7.09017E-07	1.918926344	0.00554316
7.08126E-07	1.920126877	0.00554974
7.07278E-07	1.921340804	0.00555548
7.06432E-07	1.922568398	0.00556042
7.05588E-07	1.92380994	0.00556458
7.04746E-07	1.925065719	0.00556801
7.03906E-07	1.92633603	0.00557075
7.03067E-07	1.927621177	0.00557284
7.02231E-07	1.928921471	0.00557433
7.01397E-07	1.930237233	0.00557528
7.00565E-07	1.931568791	0.00557573
6.99735E-07	1.932916482	0.00557575
6.98907E-07	1.934280653	0.00557541
6.9808E-07	1.93566166	0.00557476
6.97256E-07	1.937059867	0.00557389
6.96434E-07	1.938475651	0.00557288
6.95613E-07	1.939909397	0.0055718
6.94795E-07	1.941361502	0.00557074
6.93978E-07	1.942832373	0.00556981
6.93163E-07	1.944322429	0.00556911
6.92351E-07	1.945832101	0.00556874
6.9154E-07	1.947361831	0.00556882
6.90731E-07	1.948912074	0.00556947
6.89924E-07	1.950483299	0.00557083
6.89119E-07	1.952075987	0.00557303
6.88315E-07	1.953690632	0.00557623
6.87514E-07	1.955327745	0.00558058
6.86714E-07	1.956987849	0.00558625
6.85917E-07	1.958671485	0.00559342
6.85121E-07	1.960379206	0.00560229
6.84327E-07	1.962111583	0.00561305
6.83535E-07	1.963869206	0.00562592
6.82744E-07	1.965652679	0.00564112
6.81956E-07	1.967462626	0.00565891
6.81169E-07	1.969299687	0.00567954
6.80384E-07	1.971164525	0.00570328
6.79601E-07	1.973057818	0.00573043
6.7882E-07	1.974980269	0.00576129
6.7804E-07	1.976932598	0.0057962
6.77263E-07	1.97891555	0.00583549
6.76487E-07	1.98092989	0.00587955
6.75712E-07	1.982976408	0.00592877
6.7494E-07	1.985055916	0.00598356
6.7417E-07	1.987169253	0.00604438
6.73401E-07	1.98931728	0.00611169
6.72634E-07	1.991500888	0.00618599
6.71868E-07	1.993720993	0.00626782
6.71105E-07	1.995978537	0.00635776
6.70343E-07	1.998274495	0.00645639
6.69546E-07	2.000609867	0.00656436
6.68788E-07	2.002985685	0.00668236
6.68031E-07	2.005403012	0.00681111
6.67277E-07	2.007862943	0.00695139
6.66523E-07	2.010366605	0.00710401
6.65772E-07	2.012915158	0.00726985
6.65022E-07	2.015509795	0.00744985
6.64274E-07	2.018151747	0.00764499
6.63527E-07	2.020842275	0.00785633
6.62783E-07	2.02358268	0.008085
6.6204E-07	2.026374297	0.00833221
6.61298E-07	2.029218497	0.00859922
6.60558E-07	2.032116689	0.0088874
6.5982E-07	2.035070316	0.00919822
6.59084E-07	2.03808086	0.00953321
6.58349E-07	2.041149837	0.00989405
6.57616E-07	2.044278798	0.0102825
6.56884E-07	2.04746933	0.0107004
6.56154E-07	2.05072305	0.0111499
6.55426E-07	2.054041609	0.011633
6.54699E-07	2.057426684	0.012152
6.53974E-07	2.060879979	0.0127095
6.5325E-07	2.06440322	0.013308
6.52529E-07	2.067998152	0.0139504
6.51808E-07	2.071666533	0.0146396
6.5109E-07	2.075410125	0.0153789
6.50372E-07	2.079230693	0.0161717
6.49657E-07	2.083129992	0.0170217
6.48943E-07	2.087109757	0.0179327
6.4823E-07	2.091171693	0.0189091
6.4752E-07	2.09531746	0.0199552
6.4681E-07	2.099548659	0.0210758
6.46103E-07	2.10386681	0.0222762
6.45396E-07	2.108273335	0.0235617
6.44692E-07	2.112769531	0.0249382
6.43989E-07	2.117356542	0.026412
6.43287E-07	2.122035329	0.0279896
6.42587E-07	2.126806632	0.0296783
6.41888E-07	2.131670927	0.0314856
6.41191E-07	2.136628384	0.0334195
6.40496E-07	2.141678807	0.0354886
6.39802E-07	2.146821579	0.0377019
6.39109E-07	2.152055595	0.0400691
6.38418E-07	2.15737918	0.0426003
6.37729E-07	2.162790013	0.0453064
6.37041E-07	2.168285031	0.0481985
6.36354E-07	2.173860321	0.0512885
6.35637E-07	2.179511016	0.0545889
6.34953E-07	2.185231164	0.0581125
6.34271E-07	2.191013601	0.0618727
6.33591E-07	2.196849803	0.0658834
6.32911E-07	2.202729742	0.0701585
6.32234E-07	2.208641721	0.0747124
6.31558E-07	2.214572217	0.0795596
6.30883E-07	2.220505716	0.0847143
6.30209E-07	2.226424553	0.0901907
6.29537E-07	2.232308762	0.096002
6.28867E-07	2.238135944	0.102161
6.28198E-07	2.24388115	0.10868
6.2753E-07	2.249516814	0.115567
6.26864E-07	2.255012726	0.122832
6.26199E-07	2.26033606	0.130479
6.25536E-07	2.26545149	0.138512
6.24874E-07	2.270321385	0.146929
6.24213E-07	2.274906117	0.155725
6.23554E-07	2.279164488	0.16489
6.22896E-07	2.283054275	0.17441
6.2224E-07	2.28653293	0.184264
6.21585E-07	2.289558394	0.194425
6.20931E-07	2.292090059	0.204861
6.20279E-07	2.294089821	0.215532
6.19628E-07	2.295523222	0.226392
6.18979E-07	2.296360631	0.237391
6.18331E-07	2.296578415	0.24847
6.17684E-07	2.296160036	0.259568
6.17038E-07	2.295097019	0.270621
6.16394E-07	2.293389723	0.28156
6.15751E-07	2.291047858	0.292319
6.1511E-07	2.288090694	0.302828
6.1447E-07	2.284546943	0.313025
6.13831E-07	2.280454294	0.322849
6.13194E-07	2.275858613	0.332244
6.12557E-07	2.270812851	0.341164
6.11923E-07	2.265375706	0.349568
6.11289E-07	2.259610106	0.357426
6.10657E-07	2.253581604	0.364717
6.10026E-07	2.247356752	0.371428
6.09397E-07	2.241001545	0.377557
6.08768E-07	2.234579982	0.383109
6.08141E-07	2.228152816	0.388098
6.07516E-07	2.221776522	0.392545
6.06891E-07	2.215502489	0.396477
6.06268E-07	2.209376465	0.399925
6.05646E-07	2.203438222	0.402925
6.05026E-07	2.197721432	0.405515
6.04377E-07	2.192253728	0.407734
6.03759E-07	2.187056909	0.409623
6.03142E-07	2.182147267	0.411224
6.02527E-07	2.177535996	0.412574
6.01913E-07	2.17322966	0.413715
6.013E-07	2.169230687	0.414681
6.00688E-07	2.165537881	0.415509
6.00077E-07	2.162146919	0.416231
5.99468E-07	2.159050825	0.416878
5.9886E-07	2.156240425	0.417478
5.98253E-07	2.153704753	0.418056
5.97648E-07	2.151431424	0.418635
5.97044E-07	2.149406968	0.419236
5.96441E-07	2.147617119	0.419878
5.95839E-07	2.146047065	0.420576
5.95238E-07	2.144681666	0.421346
5.94639E-07	2.143505634	0.4222
5.9404E-07	2.142503689	0.423148
5.93443E-07	2.141660679	0.424199
5.92848E-07	2.140961683	0.425361
5.92253E-07	2.140392094	0.42664
5.9166E-07	2.139937681	0.428041
5.91067E-07	2.139584639	0.429568
5.90476E-07	2.139319622	0.431224
5.89886E-07	2.139129775	0.43301
5.89298E-07	2.139002743	0.434928
5.8871E-07	2.138926689	0.436977
5.88124E-07	2.138890295	0.439158
5.87538E-07	2.138882766	0.44147
5.86954E-07	2.138893821	0.44391
5.86372E-07	2.138913695	0.446477
5.8579E-07	2.138933126	0.449168
5.85209E-07	2.13894335	0.451981
5.8463E-07	2.138936089	0.454911
5.84052E-07	2.138903542	0.457957
5.83474E-07	2.138838375	0.461113
5.82899E-07	2.138733708	0.464375
5.82324E-07	2.138583106	0.46774
5.8175E-07	2.138380568	0.471203
5.81177E-07	2.138120516	0.474759
5.80606E-07	2.137797783	0.478404
5.80036E-07	2.137407607	0.482132
5.79466E-07	2.136945616	0.485938
5.78898E-07	2.136407819	0.489818
5.78331E-07	2.135790598	0.493766
5.77765E-07	2.135090696	0.497777
5.77201E-07	2.13430521	0.501845
5.7661E-07	2.133431575	0.505967
5.76048E-07	2.132467561	0.510135
5.75486E-07	2.131411257	0.514346
5.74926E-07	2.130261065	0.518594
5.74367E-07	2.129015688	0.522873
5.73808E-07	2.127674119	0.52718
5.73251E-07	2.126235631	0.531508
5.72695E-07	2.124699764	0.535852
5.7214E-07	2.123066319	0.540209
5.71587E-07	2.121335341	0.544573
5.71034E-07	2.11950711	0.54894
5.70482E-07	2.117582131	0.553305
5.69932E-07	2.11556112	0.557664
5.69382E-07	2.113444994	0.562013
5.68833E-07	2.111234856	0.566347
5.68286E-07	2.108931988	0.570662
5.6774E-07	2.106537835	0.574955
5.67194E-07	2.104053995	0.579223
5.6665E-07	2.101482207	0.583461
5.66107E-07	2.098824338	0.587666
5.65564E-07	2.096082374	0.591836
5.65023E-07	2.093258407	0.595966
5.64483E-07	2.090354622	0.600055
5.63944E-07	2.08737329	0.6041
5.63406E-07	2.084316755	0.608098
5.62869E-07	2.081187424	0.612046
5.62333E-07	2.077987756	0.615944
5.61798E-07	2.074720255	0.619788
5.61264E-07	2.071387457	0.623576
5.60731E-07	2.067991925	0.627308
5.60199E-07	2.064536238	0.630982
5.59668E-07	2.061022982	0.634596
5.59138E-07	2.057454747	0.638149
5.58609E-07	2.053834114	0.641639
5.58081E-07	2.050163652	0.645067
5.57554E-07	2.046445913	0.64843
5.57028E-07	2.04268342	0.651729
5.56503E-07	2.038878669	0.654963
5.55979E-07	2.035034119	0.658131
5.55456E-07	2.031152191	0.661233
5.54934E-07	2.027235259	0.664269
5.54413E-07	2.023285654	0.667238
5.53893E-07	2.019305652	0.670141
5.53374E-07	2.015297478	0.672977
5.52856E-07	2.0112633	0.675747
5.52339E-07	2.00720523	0.678451
5.51822E-07	2.003125317	0.681089
5.51307E-07	1.999025549	0.683662
5.50768E-07	1.994907855	0.686169
5.50255E-07	1.990774095	0.688612
5.49743E-07	1.98662607	0.690991
5.49232E-07	1.982465514	0.693307
5.48721E-07	1.978294097	0.695559
5.48212E-07	1.974113424	0.69775
5.47703E-07	1.969925038	0.699879
5.47196E-07	1.965730415	0.701947
5.46689E-07	1.961530971	0.703955
5.46183E-07	1.957328059	0.705904
5.45679E-07	1.95312297	0.707795
5.45175E-07	1.948916934	0.709628
5.44672E-07	1.944711124	0.711405
5.4417E-07	1.940506654	0.713125
5.43669E-07	1.936304581	0.714791
5.43169E-07	1.932105908	0.716403
5.4267E-07	1.927911584	0.717962
5.42171E-07	1.923722505	0.719469
5.41674E-07	1.919539518	0.720925
5.41177E-07	1.915363418	0.72233
5.40682E-07	1.911194956	0.723686
5.40187E-07	1.907034835	0.724993
5.39694E-07	1.902883714	0.726253
5.39201E-07	1.89874221	0.727466
5.38709E-07	1.894610898	0.728633
5.38218E-07	1.890490316	0.729756
5.37728E-07	1.88638096	0.730834
5.37238E-07	1.882283294	0.731869
5.3675E-07	1.878197745	0.732861
5.36263E-07	1.874124707	0.733812
5.35776E-07	1.870064543	0.734723
5.3529E-07	1.866017585	0.735593
5.34805E-07	1.861984137	0.736424
5.34322E-07	1.857964476	0.737217
5.33838E-07	1.853958851	0.737973
5.33356E-07	1.849967489	0.738691
5.32875E-07	1.845990591	0.739374
5.32394E-07	1.842028338	0.740021
5.31915E-07	1.83808089	0.740633
5.31436E-07	1.834148385	0.741212
5.30958E-07	1.830230945	0.741757
5.30481E-07	1.826328673	0.742269
5.30005E-07	1.822441657	0.74275
5.2953E-07	1.818569968	0.743199
5.29055E-07	1.814713662	0.743617
5.28582E-07	1.810872785	0.744005
5.28109E-07	1.807047366	0.744363
5.27615E-07	1.803237426	0.744692
5.27144E-07	1.799442972	0.744993
5.26673E-07	1.795664003	0.745266
5.26204E-07	1.791900508	0.745511
5.25736E-07	1.788152467	0.745729
5.25268E-07	1.784419853	0.745921
5.24801E-07	1.780702631	0.746086
5.24335E-07	1.777000759	0.746226
5.2387E-07	1.773314189	0.74634
5.23406E-07	1.76964287	0.74643
5.22942E-07	1.765986742	0.746496
5.22479E-07	1.762345743	0.746537
5.22017E-07	1.758719807	0.746555
5.21556E-07	1.755108864	0.74655
5.21096E-07	1.751512841	0.746522
5.20637E-07	1.747931663	0.746471
5.20178E-07	1.744365252	0.746398
5.1972E-07	1.740813529	0.746303
5.19263E-07	1.737276411	0.746187
5.18807E-07	1.733753818	0.746049
5.18351E-07	1.730245665	0.745891
5.17897E-07	1.726751869	0.745712
5.17443E-07	1.723272345	0.745512
5.1699E-07	1.719807011	0.745292
5.16538E-07	1.716355781	0.745053
5.16086E-07	1.712918571	0.744793
5.15635E-07	1.7094953	0.744515
5.15186E-07	1.706085884	0.744217
5.14736E-07	1.702690243	0.7439
5.14288E-07	1.699308296	0.743564
5.13841E-07	1.695939964	0.74321
5.13394E-07	1.69258517	0.742837
5.12948E-07	1.689243838	0.742447
5.12503E-07	1.685915894	0.742038
5.12058E-07	1.682601265	0.741611
5.11614E-07	1.679299882	0.741167
5.11172E-07	1.676011675	0.740706
5.10729E-07	1.672736578	0.740227
5.10288E-07	1.669474527	0.739731
5.09847E-07	1.666225459	0.739217
5.09408E-07	1.662989316	0.738687
5.08969E-07	1.659766039	0.738141
5.0853E-07	1.656555573	0.737577
5.08093E-07	1.653357867	0.736997
5.07656E-07	1.650172868	0.736401
5.0722E-07	1.647000531	0.735789
5.06784E-07	1.643840809	0.73516
5.0635E-07	1.64069366	0.734515
5.05895E-07	1.637559043	0.733855
5.05462E-07	1.634436921	0.733178
5.0503E-07	1.631327258	0.732486
5.04598E-07	1.628230023	0.731779
5.04168E-07	1.625145185	0.731056
5.03737E-07	1.622072716	0.730317
5.03308E-07	1.619012591	0.729563
5.02879E-07	1.615964788	0.728794
5.02451E-07	1.612929288	0.72801
5.02024E-07	1.609906071	0.727211
5.01598E-07	1.606895124	0.726397
5.01172E-07	1.603896433	0.725568
5.00747E-07	1.600909988	0.724724
5.00323E-07	1.597935781	0.723865
4.99899E-07	1.594973808	0.722992
4.99476E-07	1.592024064	0.722104
4.99054E-07	1.589086548	0.721201
4.98633E-07	1.586161262	0.720284
4.98212E-07	1.58324821	0.719353
4.97792E-07	1.580347396	0.718408
4.97373E-07	1.577458829	0.717448
4.96954E-07	1.574582519	0.716474
4.96536E-07	1.571718477	0.715486
4.96119E-07	1.568866717	0.714484
4.95703E-07	1.566027257	0.713468
4.95287E-07	1.563200112	0.712438
4.94872E-07	1.560385303	0.711394
4.94457E-07	1.557582852	0.710337
4.94044E-07	1.554792782	0.709266
4.93631E-07	1.552015118	0.708181
4.93218E-07	1.549249887	0.707083
4.92807E-07	1.546497118	0.705971
4.92396E-07	1.543756839	0.704845
4.91985E-07	1.541029085	0.703707
4.91576E-07	1.538313886	0.702555
4.91167E-07	1.535611279	0.701389
4.90759E-07	1.532921299	0.700211
4.90351E-07	1.530243984	0.699019
4.89944E-07	1.527579372	0.697815
4.89538E-07	1.524927505	0.696597
4.89133E-07	1.522288422	0.695367
4.88728E-07	1.519662168	0.694123
4.88324E-07	1.517048785	0.692867
4.8792E-07	1.514448318	0.691599
4.87517E-07	1.511860814	0.690317
4.87115E-07	1.509286319	0.689023
4.86714E-07	1.506724882	0.687717
4.86313E-07	1.504176551	0.686398
4.85893E-07	1.501641376	0.685066
4.85494E-07	1.499119407	0.683723
4.85095E-07	1.496610697	0.682367
4.84697E-07	1.494115297	0.680999
4.84299E-07	1.49163326	0.679619
4.83902E-07	1.48916464	0.678227
4.83506E-07	1.486709491	0.676823
4.83111E-07	1.484267868	0.675408
4.82716E-07	1.481839825	0.67398
4.82321E-07	1.47942542	0.672541
4.81928E-07	1.477024708	0.67109
4.81535E-07	1.474637747	0.669628
4.81142E-07	1.472264592	0.668154
4.80751E-07	1.469905303	0.666669
4.80359E-07	1.467559936	0.665173
4.79969E-07	1.465228549	0.663666
4.79579E-07	1.462911202	0.662147
4.7919E-07	1.460607952	0.660618
4.78801E-07	1.458318859	0.659077
4.78414E-07	1.45604398	0.657526
4.78026E-07	1.453783375	0.655964
4.7764E-07	1.451537103	0.654391
4.77253E-07	1.449305223	0.652808
4.76868E-07	1.447087794	0.651214
4.76483E-07	1.444884875	0.64961
4.76099E-07	1.442696523	0.647996
4.75715E-07	1.440522799	0.646371
4.75333E-07	1.438363761	0.644737
4.7495E-07	1.436219467	0.643092
4.74568E-07	1.434089975	0.641438
4.74187E-07	1.431975342	0.639774
4.73807E-07	1.429875628	0.6381
4.73427E-07	1.427790889	0.636416
4.73048E-07	1.425721181	0.634724
4.72669E-07	1.423666562	0.633021
4.72291E-07	1.421627087	0.63131
4.71914E-07	1.419602813	0.629589
4.71537E-07	1.417593795	0.627859
4.7116E-07	1.415600087	0.626121
4.70785E-07	1.413621744	0.624373
4.7041E-07	1.411658819	0.622617
4.70035E-07	1.409711366	0.620852
4.69661E-07	1.407779437	0.619079
4.69288E-07	1.405863084	0.617297
4.68915E-07	1.403962359	0.615507
4.68543E-07	1.402077311	0.613709
4.68172E-07	1.400207992	0.611903
4.67783E-07	1.398354449	0.610089
4.67413E-07	1.396516732	0.608267
4.67043E-07	1.394694889	0.606438
4.66674E-07	1.392888965	0.604601
4.66306E-07	1.391099007	0.602756
4.65938E-07	1.38932506	0.600905
4.6557E-07	1.387567169	0.599046
4.65204E-07	1.385825377	0.59718
4.64837E-07	1.384099726	0.595307
4.64472E-07	1.382390257	0.593427
4.64107E-07	1.380697013	0.59154
4.63742E-07	1.379020031	0.589647
4.63378E-07	1.377359351	0.587748
4.63015E-07	1.37571501	0.585842
4.62652E-07	1.374087045	0.58393
4.6229E-07	1.37247549	0.582013
4.61928E-07	1.370880382	0.580089
4.61567E-07	1.369301752	0.578159
4.61207E-07	1.367739633	0.576224
4.60847E-07	1.366194056	0.574283
4.60487E-07	1.364665051	0.572337
4.60128E-07	1.363152646	0.570386
4.5977E-07	1.361656869	0.568429
4.59412E-07	1.360177746	0.566468
4.59055E-07	1.358715303	0.564501
4.58699E-07	1.357269562	0.56253
4.58343E-07	1.355840547	0.560555
4.57987E-07	1.354428278	0.558575
4.57632E-07	1.353032776	0.556591
4.57278E-07	1.351654059	0.554603
4.56924E-07	1.350292144	0.55261
4.56571E-07	1.348947048	0.550614
4.56218E-07	1.347618785	0.548614
4.55866E-07	1.346307369	0.546611
4.55514E-07	1.34501281	0.544604
4.55163E-07	1.34373512	0.542594
4.54812E-07	1.342474307	0.54058
4.54462E-07	1.341230379	0.538564
4.54113E-07	1.340003343	0.536545
4.53764E-07	1.338793203	0.534523
4.53415E-07	1.337599962	0.532499
4.53067E-07	1.336423622	0.530472
4.5272E-07	1.335264183	0.528443
4.52373E-07	1.334121644	0.526411
4.52027E-07	1.332996003	0.524378
4.51681E-07	1.331887256	0.522343
4.51336E-07	1.330795395	0.520306
4.50991E-07	1.329720415	0.518268
4.50631E-07	1.328662307	0.516228
4.50287E-07	1.32762106	0.514187
4.49944E-07	1.326596662	0.512145
4.49601E-07	1.3255891	0.510102
4.49259E-07	1.324598358	0.508058
4.48918E-07	1.323624421	0.506013
4.48576E-07	1.32266727	0.503968
4.48236E-07	1.321726886	0.501923
4.47896E-07	1.320803246	0.499877
4.47556E-07	1.319896328	0.497831
4.47218E-07	1.319006108	0.495786
4.46879E-07	1.318132559	0.49374
4.46541E-07	1.317275654	0.491695
4.46204E-07	1.316435363	0.48965
4.45867E-07	1.315611655	0.487606
4.4553E-07	1.314804498	0.485563
4.45194E-07	1.314013858	0.483521
4.44859E-07	1.313239698	0.48148
4.44524E-07	1.312481982	0.47944
4.4419E-07	1.31174067	0.477401
4.43856E-07	1.311015722	0.475364
4.43522E-07	1.310307095	0.473328
4.4319E-07	1.309614746	0.471295
4.42857E-07	1.308938629	0.469263
4.42525E-07	1.308278697	0.467234
4.42194E-07	1.307634901	0.465206
4.41863E-07	1.307007192	0.463181
4.41533E-07	1.306395517	0.461159
4.41203E-07	1.305799823	0.459139
4.40873E-07	1.305220055	0.457122
4.40544E-07	1.304656156	0.455108
4.40216E-07	1.304108068	0.453096
4.39888E-07	1.303575732	0.451089
4.3956E-07	1.303059086	0.449084
4.39233E-07	1.302558067	0.447083
4.38907E-07	1.302072612	0.445086
4.38581E-07	1.301602653	0.443092
4.38255E-07	1.301148124	0.441102
4.3793E-07	1.300708956	0.439116
4.37606E-07	1.300285078	0.437135
4.37282E-07	1.299876419	0.435157
4.36958E-07	1.299482905	0.433184
4.36635E-07	1.299104462	0.431216
4.36312E-07	1.298741012	0.429252
4.3599E-07	1.298392479	0.427293
4.35669E-07	1.298058782	0.425339
4.35347E-07	1.297739843	0.42339
4.35011E-07	1.297435578	0.421446
4.34691E-07	1.297145904	0.419508
4.34371E-07	1.296870737	0.417575
4.34052E-07	1.296609991	0.415647
4.33733E-07	1.296363577	0.413725
4.33415E-07	1.296131409	0.411809
4.33097E-07	1.295913394	0.409899
4.3278E-07	1.295709443	0.407994
4.32463E-07	1.295519463	0.406096
4.32146E-07	1.295343359	0.404205
4.3183E-07	1.295181037	0.402319
4.31514E-07	1.295032401	0.40044
4.31199E-07	1.294897353	0.398568
4.30885E-07	1.294775795	0.396702
4.30571E-07	1.294667626	0.394843
4.30257E-07	1.294572746	0.392991
4.29943E-07	1.294491053	0.391146
4.29631E-07	1.294422444	0.389308
4.29318E-07	1.294366815	0.387477
4.29006E-07	1.29432406	0.385654
4.28695E-07	1.294294074	0.383838
4.28384E-07	1.294276748	0.38203
4.28073E-07	1.294271976	0.380229
4.27763E-07	1.294279647	0.378436
4.27454E-07	1.294299652	0.37665
4.27144E-07	1.29433188	0.374873
4.26836E-07	1.294376218	0.373104
4.26527E-07	1.294432554	0.371342
4.26219E-07	1.294500774	0.369589
4.25912E-07	1.294580765	0.367844
4.25605E-07	1.29467241	0.366108
4.25298E-07	1.294775593	0.36438
4.24992E-07	1.294890199	0.36266
4.24687E-07	1.295016109	0.360949
4.24381E-07	1.295153206	0.359247
4.24077E-07	1.29530137	0.357554
4.23772E-07	1.295460482	0.355869
4.23468E-07	1.295630421	0.354193
4.23165E-07	1.295811068	0.352526
4.22862E-07	1.296002301	0.350868
4.22559E-07	1.296203998	0.34922
4.22257E-07	1.296416037	0.34758
4.21955E-07	1.296638294	0.34595
4.21654E-07	1.296870647	0.344329
4.21353E-07	1.297112971	0.342718
4.21053E-07	1.297365143	0.341115
4.20753E-07	1.297627037	0.339523
4.20453E-07	1.297898529	0.33794
4.2014E-07	1.298179493	0.336366
4.19841E-07	1.298469804	0.334803
4.19543E-07	1.298769336	0.333249
4.19245E-07	1.299077961	0.331704
4.18947E-07	1.299395555	0.33017
4.1865E-07	1.299721989	0.328646
4.18354E-07	1.300057137	0.327131
4.18057E-07	1.300400872	0.325626
4.17762E-07	1.300753066	0.324132
4.17466E-07	1.301113592	0.322647
4.17171E-07	1.301482322	0.321173
4.16877E-07	1.301859128	0.319708
4.16583E-07	1.302243883	0.318254
4.16289E-07	1.302636459	0.31681
4.15996E-07	1.303036728	0.315377
4.15703E-07	1.303444562	0.313954
4.1541E-07	1.303859833	0.31254
4.15118E-07	1.304282413	0.311138
4.14827E-07	1.304712175	0.309745
4.14535E-07	1.305148991	0.308364
4.14245E-07	1.305592733	0.306992
4.13954E-07	1.306043275	0.305631
4.13664E-07	1.306500487	0.30428
4.13375E-07	1.306964245	0.30294
4.13085E-07	1.30743442	0.301611
4.12797E-07	1.307910886	0.300292
4.12508E-07	1.308393516	0.298983
4.1222E-07	1.308882184	0.297685
4.11933E-07	1.309376765	0.296398
4.11646E-07	1.309877132	0.295121
4.11359E-07	1.31038316	0.293855
4.11072E-07	1.310894724	0.292599
4.10786E-07	1.311411699	0.291354
4.10501E-07	1.311933962	0.29012
4.10216E-07	1.312461387	0.288896
4.09931E-07	1.312993852	0.287683
4.09647E-07	1.313531233	0.286481
4.09363E-07	1.314073407	0.285289
4.09079E-07	1.314620253	0.284107
4.08796E-07	1.315171649	0.282937
4.08513E-07	1.315727472	0.281777
4.0823E-07	1.316287603	0.280627
4.07948E-07	1.316851921	0.279489
4.07667E-07	1.317420307	0.27836
4.07386E-07	1.31799264	0.277243
4.07105E-07	1.318568803	0.276136
4.06824E-07	1.319148678	0.275039
4.06531E-07	1.319732146	0.273953
4.06251E-07	1.320319091	0.272878
4.05972E-07	1.320909398	0.271813
4.05693E-07	1.321502949	0.270758
4.05414E-07	1.322099631	0.269714
4.05136E-07	1.322699328	0.268681
4.04858E-07	1.323301928	0.267658
4.04581E-07	1.323907318	0.266645
4.04304E-07	1.324515384	0.265643
4.04027E-07	1.325126016	0.264651
4.03751E-07	1.325739103	0.26367
4.03475E-07	1.326354535	0.262699
4.032E-07	1.326972203	0.261738
4.02924E-07	1.327591997	0.260787
4.0265E-07	1.328213811	0.259847
4.02375E-07	1.328837537	0.258916
4.02101E-07	1.329463069	0.257996
4.01828E-07	1.330090302	0.257086
4.01554E-07	1.330719131	0.256187
4.01282E-07	1.331349453	0.255297
4.01009E-07	1.331981164	0.254417
4.00737E-07	1.332614162	0.253547
4.00465E-07	1.333248347	0.252688
4.00194E-07	1.333883618	0.251838
3.99923E-07	1.334519875	0.250998
3.99652E-07	1.33515702	0.250168
3.99382E-07	1.335794955	0.249347
3.99112E-07	1.336433584	0.248537
3.98842E-07	1.33707281	0.247736
3.98573E-07	1.337712539	0.246944
3.98304E-07	1.338352676	0.246163
3.98036E-07	1.338993128	0.245391
3.97767E-07	1.339633803	0.244628
3.975E-07	1.340274611	0.243875
3.97232E-07	1.340915459	0.243131
3.96965E-07	1.34155626	0.242397
3.96698E-07	1.342196924	0.241672
3.96432E-07	1.342837365	0.240956
3.96166E-07	1.343477495	0.240249
3.95901E-07	1.344117229	0.239552
3.95635E-07	1.344756483	0.238864
3.9537E-07	1.345395173	0.238185
3.95106E-07	1.346033217	0.237514
3.94842E-07	1.346670533	0.236853
3.94578E-07	1.34730704	0.236201
3.94314E-07	1.347942659	0.235557
3.94051E-07	1.348577312	0.234922
3.93788E-07	1.34921092	0.234296
3.93513E-07	1.349843407	0.233679
3.93251E-07	1.350474698	0.23307
3.9299E-07	1.351104718	0.23247
3.92728E-07	1.351733394	0.231878
3.92467E-07	1.352360653	0.231294
3.92206E-07	1.352986424	0.230719
3.91946E-07	1.353610636	0.230153
3.91686E-07	1.354233221	0.229594
3.91426E-07	1.354854109	0.229044
3.91167E-07	1.355473233	0.228501
3.90908E-07	1.356090527	0.227967
3.9065E-07	1.356705926	0.227441
3.90391E-07	1.357319366	0.226923
3.90133E-07	1.357930783	0.226412
3.89876E-07	1.358540116	0.225909
3.89619E-07	1.359147302	0.225414
3.89362E-07	1.359752283	0.224927
3.89105E-07	1.360354999	0.224447
3.88849E-07	1.360955392	0.223975
3.88593E-07	1.361553406	0.22351
3.88337E-07	1.362148983	0.223053
3.88082E-07	1.36274207	0.222602
3.87827E-07	1.363332613	0.222159
3.87573E-07	1.363920558	0.221724
3.87318E-07	1.364505855	0.221295
3.87065E-07	1.365088451	0.220873
3.86811E-07	1.365668299	0.220459
3.86558E-07	1.366245348	0.220051
3.86305E-07	1.366819551	0.21965
3.86052E-07	1.367390862	0.219256
3.858E-07	1.367959235	0.218869
3.85548E-07	1.368524626	0.218488
3.85297E-07	1.36908699	0.218114
3.85045E-07	1.369646285	0.217746
3.84794E-07	1.37020247	0.217384
3.84544E-07	1.370755504	0.217029
3.84294E-07	1.371305347	0.216681
3.84044E-07	1.371851961	0.216338
3.83794E-07	1.372395309	0.216002
3.83545E-07	1.372935354	0.215671
3.83296E-07	1.373472059	0.215347
3.83047E-07	1.374005392	0.215028
3.82799E-07	1.374535317	0.214716
3.82551E-07	1.375061802	0.214409
3.82303E-07	1.375584816	0.214108
3.82056E-07	1.376104328	0.213812
3.81809E-07	1.376620308	0.213522
3.81562E-07	1.377132727	0.213238
3.81304E-07	1.377641557	0.212959
3.81058E-07	1.378146772	0.212685
3.80812E-07	1.378648345	0.212417
3.80567E-07	1.379146251	0.212153
3.80321E-07	1.379640466	0.211895
3.80077E-07	1.380130967	0.211642
3.79832E-07	1.380617732	0.211394
3.79588E-07	1.381100739	0.211151
3.79344E-07	1.381579967	0.210913
3.79101E-07	1.382055397	0.21068
3.78857E-07	1.38252701	0.210451
3.78614E-07	1.382994789	0.210227
3.78372E-07	1.383458715	0.210008
3.78129E-07	1.383918774	0.209793
3.77887E-07	1.384374949	0.209583
3.77646E-07	1.384827227	0.209377
3.77404E-07	1.385275593	0.209175
3.77163E-07	1.385720035	0.208977
3.76923E-07	1.386160541	0.208784
3.76682E-07	1.3865971	0.208595
3.76442E-07	1.387029702	0.20841
3.76202E-07	1.387458336	0.208229
3.75963E-07	1.387882994	0.208052
3.75723E-07	1.388303669	0.207878
3.75484E-07	1.388720352	0.207709
3.75246E-07	1.389133038	0.207543
3.75008E-07	1.389541721	0.207381
3.7477E-07	1.389946396	0.207222
3.74532E-07	1.390347059	0.207067
3.74294E-07	1.390743706	0.206916
3.74057E-07	1.391136335	0.206768
3.73821E-07	1.391524943	0.206623
3.73584E-07	1.39190953	0.206482
3.73348E-07	1.392290095	0.206343
3.73112E-07	1.392666638	0.206208
3.72876E-07	1.393039159	0.206076
3.72641E-07	1.39340766	0.205947
3.72406E-07	1.393772144	0.205821
3.72171E-07	1.394132613	0.205698
3.71937E-07	1.39448907	0.205578
3.71703E-07	1.394841519	0.20546
3.71469E-07	1.395189965	0.205346
3.71235E-07	1.395534414	0.205233
3.71002E-07	1.395874871	0.205124
3.70769E-07	1.396211343	0.205017
3.70536E-07	1.396543836	0.204913
3.70304E-07	1.396872359	0.204811
3.70061E-07	1.397196919	0.204711
3.69829E-07	1.397517525	0.204614
3.69598E-07	1.397834187	0.204519
3.69366E-07	1.398146915	0.204427
3.69136E-07	1.398455718	0.204336
3.68905E-07	1.398760608	0.204248
3.68675E-07	1.399061597	0.204162
3.68445E-07	1.399358695	0.204077
3.68215E-07	1.399651915	0.203995
3.67985E-07	1.399941271	0.203915
3.67756E-07	1.400226775	0.203836
3.67527E-07	1.400508442	0.203759
3.67299E-07	1.400786286	0.203684
3.6707E-07	1.401060321	0.203611
3.66842E-07	1.401330562	0.20354
3.66614E-07	1.401597025	0.20347
3.66387E-07	1.401859727	0.203401
3.6616E-07	1.402118683	0.203334
3.65933E-07	1.40237391	0.203269
3.65706E-07	1.402625425	0.203205
3.6548E-07	1.402873247	0.203142
3.65254E-07	1.403117392	0.203081
3.65028E-07	1.403357879	0.203021
3.64802E-07	1.403594727	0.202962
3.64577E-07	1.403827955	0.202905
3.64352E-07	1.404057582	0.202848
3.64128E-07	1.404283627	0.202793
3.63903E-07	1.404506111	0.202739
3.63679E-07	1.404725054	0.202686
3.63455E-07	1.404940476	0.202633
3.63232E-07	1.405152398	0.202582
3.63008E-07	1.405360841	0.202532
3.62785E-07	1.405565827	0.202482
3.62562E-07	1.405767377	0.202434
3.6234E-07	1.405965514	0.202386
3.62118E-07	1.406160259	0.202339
3.61896E-07	1.406351634	0.202292
3.61674E-07	1.406539663	0.202246
3.61453E-07	1.406724368	0.202201
3.61232E-07	1.406905772	0.202157
3.61011E-07	1.407083899	0.202113
3.6079E-07	1.407258771	0.202069
3.6057E-07	1.407430413	0.202027
3.6035E-07	1.407598848	0.201984
3.6013E-07	1.407764101	0.201942
3.59911E-07	1.407926195	0.201901
3.59691E-07	1.408085154	0.201859
3.59472E-07	1.408241004	0.201818
3.59243E-07	1.408393769	0.201778
3.59025E-07	1.408543474	0.201737
3.58807E-07	1.408690142	0.201697
3.58589E-07	1.408833801	0.201657
3.58371E-07	1.408974474	0.201618
3.58154E-07	1.409112186	0.201578
3.57937E-07	1.409246964	0.201539
3.5772E-07	1.409378832	0.201499
3.57503E-07	1.409507816	0.20146
3.57287E-07	1.409633942	0.201421
3.57071E-07	1.409757235	0.201382
3.56855E-07	1.409877721	0.201342
3.5664E-07	1.409995426	0.201303
3.56424E-07	1.410110375	0.201264
3.56209E-07	1.410222595	0.201224
3.55994E-07	1.410332111	0.201185
3.5578E-07	1.410438949	0.201145
3.55566E-07	1.410543136	0.201105
3.55352E-07	1.410644697	0.201065
3.55138E-07	1.410743659	0.201025
3.54925E-07	1.410840047	0.200985
3.54711E-07	1.410933888	0.200944
3.54498E-07	1.411025208	0.200903
3.54286E-07	1.411114032	0.200862
