8.85714E-07	1.933965199	0.017816615
8.84388E-07	1.934863937	0.017957428
8.83065E-07	1.935771291	0.018098161
8.81746E-07	1.93668742	0.018238848
8.80432E-07	1.937612487	0.018379521
8.79121E-07	1.938546657	0.018520216
8.77814E-07	1.939490099	0.018660971
8.76511E-07	1.940442986	0.018801826
8.75212E-07	1.941405496	0.018942823
8.73916E-07	1.942377808	0.019084008
8.72625E-07	1.943360108	0.019225426
8.71337E-07	1.944352582	0.019367128
8.70053E-07	1.945355424	0.019509167
8.68773E-07	1.946368831	0.019651597
8.67497E-07	1.947393003	0.019794476
8.66224E-07	1.948428146	0.019937866
8.64955E-07	1.94947447	0.020081831
8.6369E-07	1.950532189	0.020226438
8.62429E-07	1.951601522	0.02037176
8.61171E-07	1.952682693	0.020517871
8.59917E-07	1.953775931	0.020664849
8.58666E-07	1.954881469	0.020812777
8.57419E-07	1.955999547	0.020961743
8.56176E-07	1.957130408	0.021111837
8.54878E-07	1.958274303	0.021263155
8.53642E-07	1.959431485	0.021415797
8.52409E-07	1.960602217	0.02156987
8.51181E-07	1.961786763	0.021725483
8.49955E-07	1.962985395	0.021882753
8.48734E-07	1.964198393	0.022041801
8.47516E-07	1.96542604	0.022202755
8.46301E-07	1.966668625	0.022365749
8.4509E-07	1.967926447	0.022530922
8.43882E-07	1.969199807	0.022698423
8.42678E-07	1.970489016	0.022868405
8.41477E-07	1.971794389	0.023041029
8.40279E-07	1.973116251	0.023216466
8.39085E-07	1.97445493	0.02339489
8.37894E-07	1.975810765	0.02357649
8.36707E-07	1.977184099	0.023761458
8.35523E-07	1.978575285	0.023949999
8.34343E-07	1.979984682	0.024142326
8.33165E-07	1.981412656	0.024338662
8.31991E-07	1.982859583	0.024539241
8.30821E-07	1.984325844	0.024744309
8.29653E-07	1.985811831	0.024954121
8.28489E-07	1.987317942	0.025168946
8.27329E-07	1.988844583	0.025389065
8.26171E-07	1.990392169	0.025614772
8.25017E-07	1.991961124	0.025846376
8.23866E-07	1.99355188	0.026084199
8.22718E-07	1.995164877	0.026328579
8.21573E-07	1.996800564	0.026579869
8.20431E-07	1.998459399	0.026838439
8.19293E-07	2.000141848	0.027104677
8.18158E-07	2.001848387	0.027378987
8.17026E-07	2.0035795	0.027661794
8.15897E-07	2.00533568	0.027953541
8.14771E-07	2.007117428	0.028254695
8.13648E-07	2.008925255	0.028565741
8.12529E-07	2.01075968	0.028887188
8.11412E-07	2.012621232	0.029219569
8.10299E-07	2.014510445	0.029563442
8.09188E-07	2.016427867	0.029919391
8.08081E-07	2.018374048	0.030288027
8.06976E-07	2.020349552	0.030669989
8.05875E-07	2.022354946	0.031065946
8.04777E-07	2.024390807	0.031476599
8.03681E-07	2.026457719	0.03190268
8.02589E-07	2.028556272	0.032344957
8.015E-07	2.030687063	0.032804232
8.00413E-07	2.032850694	0.033281344
7.99278E-07	2.035047774	0.033777173
7.98198E-07	2.037278915	0.034292638
7.9712E-07	2.039544734	0.034828702
7.96045E-07	2.04184585	0.03538637
7.94974E-07	2.044182885	0.035966697
7.93905E-07	2.046556461	0.036570784
7.92839E-07	2.048967201	0.037199782
7.91776E-07	2.051415727	0.037854899
7.90715E-07	2.053902658	0.038537394
7.89658E-07	2.056428608	0.039248586
7.88603E-07	2.058994187	0.039989853
7.87552E-07	2.061599994	0.040762638
7.86503E-07	2.064246622	0.041568445
7.85456E-07	2.066934649	0.042408851
7.84413E-07	2.06966464	0.043285502
7.83372E-07	2.072437142	0.044200116
7.82334E-07	2.075252681	0.04515449
7.81299E-07	2.078111762	0.0461505
7.80267E-07	2.081014861	0.047190104
7.79237E-07	2.083962423	0.048275348
7.7821E-07	2.086954858	0.049408365
7.77186E-07	2.089992539	0.050591381
7.76164E-07	2.09307579	0.051826717
7.75145E-07	2.096204889	0.053116792
7.74129E-07	2.099380056	0.054464128
7.73116E-07	2.102601451	0.05587135
7.72105E-07	2.105869162	0.057341192
7.71096E-07	2.109183204	0.058876498
7.70091E-07	2.112543508	0.060480225
7.69088E-07	2.11594991	0.062155444
7.68087E-07	2.119402147	0.063905348
7.67089E-07	2.122899845	0.065733246
7.66094E-07	2.126442505	0.067642571
7.65101E-07	2.130029499	0.069636878
7.64111E-07	2.133660051	0.071719845
7.63124E-07	2.13733323	0.073895274
7.62139E-07	2.141047931	0.076167092
7.61156E-07	2.144802867	0.078539345
7.60177E-07	2.148596547	0.081016202
7.59199E-07	2.152427265	0.083601947
7.58224E-07	2.156293082	0.086300977
7.57252E-07	2.160191805	0.089117798
7.56282E-07	2.164120976	0.092057013
7.55315E-07	2.168077843	0.095123322
7.5435E-07	2.172059348	0.098321503
7.53387E-07	2.176062103	0.101656408
7.52427E-07	2.180082369	0.105132941
7.51424E-07	2.184116035	0.10875605
7.50469E-07	2.188158597	0.112530701
7.49516E-07	2.192205132	0.116461861
7.48566E-07	2.196250284	0.120554472
7.47618E-07	2.200288235	0.124813424
7.46673E-07	2.204312688	0.129243522
7.4573E-07	2.208316847	0.133849456
7.44789E-07	2.212293399	0.138635758
7.43851E-07	2.216234497	0.143606765
7.42915E-07	2.220131745	0.14876657
7.41982E-07	2.223976191	0.154118974
7.41051E-07	2.227758312	0.159667433
7.40122E-07	2.231468019	0.165414997
7.39195E-07	2.235094651	0.171364257
7.38271E-07	2.238626985	0.177517271
7.37349E-07	2.24205325	0.183875504
7.3643E-07	2.245361143	0.190439753
7.35512E-07	2.24853786	0.197210077
7.34597E-07	2.251570132	0.204185723
7.33684E-07	2.254444267	0.211365052
7.32774E-07	2.257146207	0.218745466
7.31866E-07	2.259661594	0.226323335
7.3096E-07	2.261975845	0.23409393
7.30056E-07	2.264074238	0.24205136
7.29154E-07	2.265942008	0.250188512
7.28255E-07	2.26756446	0.258497002
7.27358E-07	2.268927082	0.266967139
7.26463E-07	2.270015675	0.27558789
7.25571E-07	2.270816489	0.284346872
7.2468E-07	2.271316365	0.293230346
7.23792E-07	2.271502883	0.302223237
7.22906E-07	2.271364512	0.311309168
7.22022E-07	2.270890763	0.320470515
7.2114E-07	2.270072339	0.329688475
7.2026E-07	2.268901274	0.338943164
7.19383E-07	2.267371079	0.348213731
7.18507E-07	2.265476856	0.357478486
7.17634E-07	2.263215421	0.366715052
7.16763E-07	2.260585391	0.375900534
7.15894E-07	2.257587259	0.385011697
7.15027E-07	2.254223454	0.394025161
7.14162E-07	2.250498363	0.402917597
7.133E-07	2.246418337	0.411665939
7.12439E-07	2.241991673	0.420247585
7.1158E-07	2.237228562	0.428640603
7.10724E-07	2.232141015	0.436823928
7.09869E-07	2.226742769	0.444777547
7.09017E-07	2.221049162	0.452482674
7.08126E-07	2.215076998	0.459921905
7.07278E-07	2.20884438	0.467079355
7.06432E-07	2.202370547	0.473940768
7.05588E-07	2.195675683	0.480493614
7.04746E-07	2.188780729	0.486727153
7.03906E-07	2.181707192	0.492632473
7.03067E-07	2.174476946	0.498202513
7.02231E-07	2.167112043	0.503432056
7.01397E-07	2.159634531	0.508317698
7.00565E-07	2.152066278	0.512857799
6.99735E-07	2.144428808	0.51705242
6.98907E-07	2.136743154	0.520903235
6.9808E-07	2.129029721	0.524413438
6.97256E-07	2.121308172	0.527587635
6.96434E-07	2.113597322	0.530431726
6.95613E-07	2.105915057	0.532952786
6.94795E-07	2.098278263	0.535158938
6.93978E-07	2.090702779	0.53705923
6.93163E-07	2.083203353	0.538663507
6.92351E-07	2.07579363	0.539982291
6.9154E-07	2.068486131	0.541026658
6.90731E-07	2.061292269	0.541808132
6.89924E-07	2.054222351	0.542338569
6.89119E-07	2.047285608	0.542630066
6.88315E-07	2.040490223	0.542694863
6.87514E-07	2.03384337	0.542545259
6.86714E-07	2.027351255	0.542193538
6.85917E-07	2.021019163	0.541651898
6.85121E-07	2.014851508	0.540932394
6.84327E-07	2.008851886	0.54004688
6.83535E-07	2.003023128	0.53900697
6.82744E-07	1.997367353	0.537823995
6.81956E-07	1.991886022	0.536508969
6.81169E-07	1.98657999	0.535072572
6.80384E-07	1.981449561	0.53352512
6.79601E-07	1.976494533	0.531876555
6.7882E-07	1.97171425	0.530136432
6.7804E-07	1.967107646	0.528313915
6.77263E-07	1.96267329	0.526417771
6.76487E-07	1.958409426	0.524456373
6.75712E-07	1.954314011	0.522437699
6.7494E-07	1.950384753	0.520369343
6.7417E-07	1.946619144	0.518258518
6.73401E-07	1.94301449	0.516112066
6.72634E-07	1.93956794	0.513936469
6.71868E-07	1.936276512	0.511737862
6.71105E-07	1.933137117	0.509522042
6.70343E-07	1.930146582	0.507294485
6.69546E-07	1.927301665	0.505060358
6.68788E-07	1.924599079	0.502824534
6.68031E-07	1.922035503	0.500591604
6.67277E-07	1.919607595	0.498365893
6.66523E-07	1.91731201	0.496151475
6.65772E-07	1.915145403	0.493952187
6.65022E-07	1.913104446	0.491771639
6.64274E-07	1.911185829	0.489613234
6.63527E-07	1.909386272	0.487480175
6.62783E-07	1.907702527	0.485375485
6.6204E-07	1.906131385	0.48330201
6.61298E-07	1.904669677	0.481262439
6.60558E-07	1.903314279	0.479259314
6.5982E-07	1.902062113	0.477295038
6.59084E-07	1.900910147	0.475371887
6.58349E-07	1.899855397	0.473492021
6.57616E-07	1.898894928	0.471657495
6.56884E-07	1.898025848	0.469870261
6.56154E-07	1.897245312	0.468132187
6.55426E-07	1.896550517	0.466445056
6.54699E-07	1.895938704	0.464810579
6.53974E-07	1.895407148	0.463230398
6.5325E-07	1.894953163	0.461706095
6.52529E-07	1.894574092	0.460239201
6.51808E-07	1.894267308	0.458831193
6.5109E-07	1.894030207	0.457483507
6.50372E-07	1.893860206	0.456197539
6.49657E-07	1.893754734	0.454974649
6.48943E-07	1.893711235	0.453816168
6.4823E-07	1.893727155	0.452723394
6.4752E-07	1.89379994	0.451697602
6.4681E-07	1.893927033	0.450740041
6.46103E-07	1.894105864	0.449851937
6.45396E-07	1.894333847	0.449034496
6.44692E-07	1.894608373	0.448288899
6.43989E-07	1.894926806	0.447616307
6.43287E-07	1.895286474	0.447017859
6.42587E-07	1.895684664	0.446494666
6.41888E-07	1.896118618	0.446047817
6.41191E-07	1.896585522	0.445678368
6.40496E-07	1.897082506	0.445387343
6.39802E-07	1.897606634	0.445175729
6.39109E-07	1.898154897	0.44504447
6.38418E-07	1.898724214	0.444994462
6.37729E-07	1.899311418	0.445026545
6.37041E-07	1.899913255	0.445141497
6.36354E-07	1.900526383	0.445340025
6.35637E-07	1.901147361	0.445622756
6.34953E-07	1.901772648	0.445990226
6.34271E-07	1.902398603	0.446442869
6.33591E-07	1.903021479	0.446981005
6.32911E-07	1.903637424	0.447604829
6.32234E-07	1.90424248	0.448314394
6.31558E-07	1.904832584	0.449109598
6.30883E-07	1.905403571	0.44999017
6.30209E-07	1.905951177	0.45095565
6.29537E-07	1.906471047	0.452005377
6.28867E-07	1.906958737	0.453138467
6.28198E-07	1.907409732	0.454353801
6.2753E-07	1.907819447	0.45565
6.26864E-07	1.908183249	0.457025415
6.26199E-07	1.90849647	0.458478105
6.25536E-07	1.908754426	0.460005819
6.24874E-07	1.908952439	0.461605983
6.24213E-07	1.909085857	0.463275684
6.23554E-07	1.909150088	0.465011656
6.22896E-07	1.909140625	0.466810268
6.2224E-07	1.909053076	0.468667515
6.21585E-07	1.908883203	0.470579014
6.20931E-07	1.90862696	0.472539995
6.20279E-07	1.908280524	0.474545307
6.19628E-07	1.907840347	0.476589419
6.18979E-07	1.907303189	0.47866643
6.18331E-07	1.906666167	0.480770082
6.17684E-07	1.905926796	0.482893779
6.17038E-07	1.905083032	0.485030612
6.16394E-07	1.904133317	0.487173388
6.15751E-07	1.903076613	0.489314666
6.1511E-07	1.90191245	0.4914468
6.1447E-07	1.90064095	0.493561982
6.13831E-07	1.899262863	0.4956523
6.13194E-07	1.897779592	0.497709791
6.12557E-07	1.896193208	0.499726503
6.11923E-07	1.894506467	0.501694564
6.11289E-07	1.892722812	0.503606246
6.10657E-07	1.89084637	0.505454037
6.10026E-07	1.888881943	0.507230714
6.09397E-07	1.886834986	0.508929408
6.08768E-07	1.884711579	0.510543682
6.08141E-07	1.882518391	0.512067591
6.07516E-07	1.880262631	0.513495745
6.06891E-07	1.877952002	0.514823372
6.06268E-07	1.875594633	0.516046366
6.05646E-07	1.873199018	0.51716133
6.05026E-07	1.870773944	0.518165618
6.04377E-07	1.868328411	0.519057358
6.03759E-07	1.86587156	0.519835477
6.03142E-07	1.863412588	0.520499704
6.02527E-07	1.860960668	0.521050577
6.01913E-07	1.858524872	0.521489427
6.013E-07	1.856114092	0.521818369
6.00688E-07	1.853736965	0.522040268
6.00077E-07	1.851401806	0.522158708
5.99468E-07	1.849116541	0.522177951
5.9886E-07	1.84688865	0.522102888
5.98253E-07	1.844725116	0.521938989
5.97648E-07	1.842632376	0.521692242
5.97044E-07	1.84061629	0.521369097
5.96441E-07	1.838682106	0.520976402
5.95839E-07	1.836834441	0.52052134
5.95238E-07	1.835077263	0.520011365
5.94639E-07	1.833413883	0.519454141
5.9404E-07	1.831846952	0.518857478
5.93443E-07	1.830378469	0.518229276
5.92848E-07	1.829009785	0.517577464
5.92253E-07	1.82774162	0.516909952
5.9166E-07	1.826574083	0.516234577
5.91067E-07	1.825506689	0.515559058
5.90476E-07	1.824538389	0.514890955
5.89886E-07	1.823667596	0.514237628
5.89298E-07	1.822892213	0.513606204
5.8871E-07	1.822209664	0.513003547
5.88124E-07	1.821616928	0.512436232
5.87538E-07	1.821110568	0.511910518
5.86954E-07	1.820686765	0.511432333
5.86372E-07	1.82034135	0.511007254
5.8579E-07	1.820069836	0.510640493
5.85209E-07	1.819867445	0.510336888
5.8463E-07	1.819729146	0.510100894
5.84052E-07	1.819649677	0.509936573
5.83474E-07	1.819623576	0.509847593
5.82899E-07	1.819645212	0.50983722
5.82324E-07	1.819708805	0.509908323
5.8175E-07	1.819808456	0.510063364
5.81177E-07	1.81993817	0.510304406
5.80606E-07	1.820091878	0.510633111
5.80036E-07	1.820263466	0.511050742
5.79466E-07	1.82044679	0.511558165
5.78898E-07	1.820635702	0.512155853
5.78331E-07	1.82082407	0.51284389
5.77765E-07	1.821005798	0.513621973
5.77201E-07	1.821174849	0.51448942
5.7661E-07	1.821325263	0.515445175
5.76048E-07	1.821451178	0.516487808
5.75486E-07	1.82154685	0.51761553
5.74926E-07	1.821606672	0.518826195
5.74367E-07	1.821625196	0.520117307
5.73808E-07	1.821597153	0.521486035
5.73251E-07	1.821517469	0.522929216
5.72695E-07	1.82138129	0.524443367
5.7214E-07	1.821183999	0.526024701
5.71587E-07	1.820921237	0.527669137
5.71034E-07	1.820588923	0.529372314
5.70482E-07	1.820183269	0.53112961
5.69932E-07	1.819700805	0.532936157
5.69382E-07	1.819138393	0.53478686
5.68833E-07	1.818493245	0.53667642
5.68286E-07	1.817762941	0.538599354
5.6774E-07	1.816945441	0.540550023
5.67194E-07	1.816039102	0.542522653
5.6665E-07	1.81504269	0.544511364
5.66107E-07	1.813955388	0.546510203
5.65564E-07	1.812776806	0.548513169
5.65023E-07	1.811506988	0.550514248
5.64483E-07	1.810146414	0.552507446
5.63944E-07	1.808696002	0.554486821
5.63406E-07	1.807157106	0.55644652
5.62869E-07	1.805531511	0.558380814
5.62333E-07	1.803821423	0.56028413
5.61798E-07	1.802029461	0.562151091
5.61264E-07	1.80015864	0.563976548
5.60731E-07	1.798212354	0.565755613
5.60199E-07	1.796194353	0.567483693
5.59668E-07	1.794108718	0.569156522
5.59138E-07	1.791959836	0.570770185
5.58609E-07	1.789752364	0.572321148
5.58081E-07	1.787491199	0.573806282
5.57554E-07	1.785181441	0.575222881
5.57028E-07	1.782828354	0.576568678
5.56503E-07	1.780437324	0.57784186
5.55979E-07	1.778013818	0.579041078
5.55456E-07	1.775563345	0.580165446
5.54934E-07	1.773091407	0.581214546
5.54413E-07	1.77060346	0.582188423
5.53893E-07	1.768104869	0.583087575
5.53374E-07	1.765600869	0.583912939
5.52856E-07	1.763096524	0.584665878
5.52339E-07	1.760596688	0.585348153
5.51822E-07	1.758105974	0.585961902
5.51307E-07	1.755628716	0.586509613
5.50768E-07	1.753168948	0.586994086
5.50255E-07	1.750730373	0.587418406
5.49743E-07	1.748316343	0.587785901
5.49232E-07	1.745929847	0.588100105
5.48721E-07	1.743573494	0.588364723
5.48212E-07	1.741249506	0.588583584
5.47703E-07	1.738959718	0.588760609
5.47196E-07	1.736705574	0.588899766
5.46689E-07	1.734488135	0.589005034
5.46183E-07	1.732308089	0.589080367
5.45679E-07	1.730165759	0.589129659
5.45175E-07	1.728061125	0.589156709
5.44672E-07	1.725993837	0.589165195
5.4417E-07	1.723963241	0.589158645
5.43669E-07	1.721968398	0.58914041
5.43169E-07	1.720008116	0.589113651
5.4267E-07	1.718080968	0.589081313
5.42171E-07	1.716185327	0.589046116
5.41674E-07	1.714319388	0.589010545
5.41177E-07	1.7124812	0.588976837
5.40682E-07	1.710668691	0.588946981
5.40187E-07	1.708879698	0.588922717
5.39694E-07	1.707111986	0.588905532
5.39201E-07	1.705363284	0.588896671
5.38709E-07	1.703631296	0.588897134
5.38218E-07	1.701913732	0.588907692
5.37728E-07	1.700208325	0.588928892
5.37238E-07	1.698512848	0.588961071
5.3675E-07	1.696825132	0.589004363
5.36263E-07	1.69514308	0.589058719
5.35776E-07	1.69346468	0.589123916
5.3529E-07	1.691788015	0.589199575
5.34805E-07	1.690111272	0.58928517
5.34322E-07	1.688432752	0.589380051
5.33838E-07	1.686750869	0.58948345
5.33356E-07	1.685064162	0.589594503
5.32875E-07	1.683371292	0.589712258
5.32394E-07	1.681671045	0.589835693
5.31915E-07	1.679962331	0.589963725
5.31436E-07	1.678244186	0.590095227
5.30958E-07	1.676515765	0.590229033
5.30481E-07	1.674776345	0.590363956
5.30005E-07	1.673025317	0.590498792
5.2953E-07	1.671262182	0.590632335
5.29055E-07	1.669486552	0.590763377
5.28582E-07	1.667698135	0.590890726
5.28109E-07	1.66589674	0.591013203
5.27615E-07	1.664082264	0.591129655
5.27144E-07	1.66225469	0.591238956
5.26673E-07	1.66041408	0.591340015
5.26204E-07	1.65856057	0.591431777
5.25736E-07	1.656694363	0.591513227
5.25268E-07	1.654815722	0.591583392
5.24801E-07	1.652924971	0.591641348
5.24335E-07	1.651022479	0.591686213
5.2387E-07	1.649108666	0.591717155
5.23406E-07	1.647183989	0.591733392
5.22942E-07	1.645248941	0.591734189
5.22479E-07	1.643304049	0.591718861
5.22017E-07	1.641349863	0.591686772
5.21556E-07	1.639386957	0.591637332
5.21096E-07	1.637415926	0.591570002
5.20637E-07	1.635437376	0.591484287
5.20178E-07	1.633451929	0.591379739
5.1972E-07	1.631460213	0.591255952
5.19263E-07	1.629462862	0.591112564
5.18807E-07	1.627460516	0.590949255
5.18351E-07	1.625453814	0.590765744
5.17897E-07	1.623443391	0.590561785
5.17443E-07	1.621429884	0.590337174
5.1699E-07	1.619413922	0.590091736
5.16538E-07	1.617396127	0.589825332
5.16086E-07	1.615377115	0.589537854
5.15635E-07	1.613357489	0.589229221
5.15186E-07	1.611337847	0.588899384
5.14736E-07	1.609318771	0.588548315
5.14288E-07	1.607300833	0.588176015
5.13841E-07	1.605284593	0.587782503
5.13394E-07	1.603270596	0.587367825
5.12948E-07	1.601259373	0.586932042
5.12503E-07	1.599251443	0.586475235
5.12058E-07	1.59724731	0.585997502
5.11614E-07	1.595247461	0.585498957
5.11172E-07	1.593252371	0.584979728
5.10729E-07	1.591262501	0.584439954
5.10288E-07	1.589278294	0.58387979
5.09847E-07	1.587300181	0.583299398
5.09408E-07	1.585328579	0.582698952
5.08969E-07	1.583363888	0.582078633
5.0853E-07	1.581406498	0.58143863
5.08093E-07	1.579456781	0.580779141
5.07656E-07	1.577515099	0.580100368
5.0722E-07	1.575581799	0.579402517
5.06784E-07	1.573657215	0.578685801
5.0635E-07	1.571741671	0.577950437
5.05895E-07	1.569835475	0.577196642
5.05462E-07	1.567938928	0.576424638
5.0503E-07	1.566052315	0.575634648
5.04598E-07	1.564175914	0.574826898
5.04168E-07	1.56230999	0.574001613
5.03737E-07	1.560454799	0.573159019
5.03308E-07	1.558610588	0.572299343
5.02879E-07	1.556777594	0.57142281
5.02451E-07	1.554956045	0.570529646
5.02024E-07	1.553146161	0.569620077
5.01598E-07	1.551348155	0.568694324
5.01172E-07	1.549562231	0.567752612
5.00747E-07	1.547788586	0.566795159
5.00323E-07	1.546027412	0.565822184
4.99899E-07	1.544278893	0.564833905
4.99476E-07	1.542543207	0.563830535
4.99054E-07	1.540820528	0.562812287
4.98633E-07	1.539111025	0.561779372
4.98212E-07	1.537414859	0.560731996
4.97792E-07	1.535732191	0.559670364
4.97373E-07	1.534063175	0.55859468
4.96954E-07	1.532407962	0.557505142
4.96536E-07	1.5307667	0.55640195
4.96119E-07	1.529139534	0.555285297
4.95703E-07	1.527526606	0.554155376
4.95287E-07	1.525928056	0.553012377
4.94872E-07	1.524344022	0.551856488
4.94457E-07	1.522774639	0.550687893
4.94044E-07	1.521220042	0.549506776
4.93631E-07	1.519680365	0.548313317
4.93218E-07	1.518155739	0.547107696
4.92807E-07	1.516646296	0.545890087
4.92396E-07	1.515152167	0.544660667
4.91985E-07	1.513673483	0.543419609
4.91576E-07	1.512210375	0.542167083
4.91167E-07	1.510762974	0.54090326
4.90759E-07	1.509331413	0.539628308
4.90351E-07	1.507915822	0.538342396
4.89944E-07	1.506516336	0.537045689
4.89538E-07	1.505133089	0.535738353
4.89133E-07	1.503766216	0.534420554
4.88728E-07	1.502415854	0.533092457
4.88324E-07	1.501082141	0.531754227
4.8792E-07	1.499765218	0.530406027
4.87517E-07	1.498465227	0.529048024
4.87115E-07	1.497182311	0.527680384
4.86714E-07	1.495916617	0.526303271
4.86313E-07	1.494668293	0.524916854
4.85893E-07	1.493437489	0.523521302
4.85494E-07	1.492224358	0.522116784
4.85095E-07	1.491029056	0.520703472
4.84697E-07	1.48985174	0.51928154
4.84299E-07	1.488692572	0.517851164
4.83902E-07	1.487551714	0.516412523
4.83506E-07	1.486429332	0.514965799
4.83111E-07	1.485325594	0.513511176
4.82716E-07	1.484240672	0.512048843
4.82321E-07	1.48317474	0.510578992
4.81928E-07	1.482127973	0.509101819
4.81535E-07	1.481100552	0.507617524
4.81142E-07	1.480092658	0.506126314
4.80751E-07	1.479104475	0.504628397
4.80359E-07	1.47813619	0.503123991
4.79969E-07	1.477187991	0.501613316
4.79579E-07	1.476260072	0.5000966
4.7919E-07	1.475352623	0.498574077
4.78801E-07	1.474465842	0.497045988
4.78414E-07	1.473599925	0.495512581
4.78026E-07	1.472755072	0.493974112
4.7764E-07	1.471931481	0.492430842
4.77253E-07	1.471129355	0.490883043
4.76868E-07	1.470348896	0.489330996
4.76483E-07	1.469590308	0.487774988
4.76099E-07	1.468853793	0.486215318
4.75715E-07	1.468139555	0.484652293
4.75333E-07	1.467447798	0.483086231
4.7495E-07	1.466778724	0.481517457
4.74568E-07	1.466132535	0.479946311
4.74187E-07	1.465509432	0.478373142
4.73807E-07	1.464909613	0.476798309
4.73427E-07	1.464333274	0.475222184
4.73048E-07	1.463780609	0.47364515
4.72669E-07	1.463251809	0.472067603
4.72291E-07	1.46274706	0.47048995
4.71914E-07	1.462266544	0.468912611
4.71537E-07	1.461810439	0.467336019
4.7116E-07	1.461378916	0.465760621
4.70785E-07	1.460972141	0.464186875
4.7041E-07	1.460590272	0.462615254
4.70035E-07	1.460233461	0.461046244
4.69661E-07	1.459901851	0.459480345
4.69288E-07	1.459595574	0.457918069
4.68915E-07	1.459314757	0.456359944
4.68543E-07	1.459059511	0.45480651
4.68172E-07	1.458829938	0.453258322
4.67783E-07	1.458626129	0.451715948
4.67413E-07	1.458448161	0.450179969
4.67043E-07	1.458296094	0.44865098
4.66674E-07	1.458169979	0.447129589
4.66306E-07	1.458069845	0.445616418
4.65938E-07	1.457995709	0.444112099
4.6557E-07	1.457947567	0.442617279
4.65204E-07	1.4579254	0.441132615
4.64837E-07	1.457929165	0.439658777
4.64472E-07	1.457958802	0.438196444
4.64107E-07	1.458014229	0.436746307
4.63742E-07	1.458095339	0.435309065
4.63378E-07	1.458202006	0.433885427
4.63015E-07	1.458334076	0.43247611
4.62652E-07	1.458491371	0.431081837
4.6229E-07	1.458673689	0.42970334
4.61928E-07	1.458880798	0.428341353
4.61567E-07	1.45911244	0.426996617
4.61207E-07	1.459368329	0.425669874
4.60847E-07	1.45964815	0.42436187
4.60487E-07	1.459951556	0.42307335
4.60128E-07	1.460278172	0.421805059
4.5977E-07	1.46062759	0.420557741
4.59412E-07	1.460999373	0.419332133
4.59055E-07	1.461393049	0.418128971
4.58699E-07	1.461808117	0.416948983
4.58343E-07	1.46224404	0.415792888
4.57987E-07	1.462700251	0.414661396
4.57632E-07	1.463176149	0.413555205
4.57278E-07	1.4636711	0.412475
4.56924E-07	1.464184438	0.41142145
4.56571E-07	1.464715463	0.410395208
4.56218E-07	1.465263445	0.409396908
4.55866E-07	1.46582762	0.408427164
4.55514E-07	1.466407195	0.407486566
4.55163E-07	1.467001344	0.406575681
4.54812E-07	1.467609213	0.405695049
4.54462E-07	1.468229919	0.404845184
4.54113E-07	1.46886255	0.404026569
4.53764E-07	1.469506169	0.403239654
4.53415E-07	1.470159812	0.402484858
4.53067E-07	1.470822493	0.401762565
4.5272E-07	1.4714932	0.401073122
4.52373E-07	1.472170904	0.40041684
4.52027E-07	1.472854554	0.399793987
4.51681E-07	1.473543084	0.399204794
4.51336E-07	1.474235412	0.398649449
4.50991E-07	1.47493044	0.398128097
4.50631E-07	1.475627063	0.397640839
4.50287E-07	1.476324163	0.397187731
4.49944E-07	1.477020618	0.396768785
4.49601E-07	1.477715302	0.396383966
4.49259E-07	1.478407083	0.396033192
4.48918E-07	1.479094833	0.395716334
4.48576E-07	1.479777426	0.395433217
4.48236E-07	1.480453741	0.395183618
4.47896E-07	1.481122664	0.394967269
4.47556E-07	1.481783092	0.394783854
4.47218E-07	1.482433934	0.394633009
4.46879E-07	1.483074115	0.394514329
4.46541E-07	1.483702577	0.394427361
4.46204E-07	1.484318281	0.394371609
4.45867E-07	1.484920212	0.394346534
4.4553E-07	1.485507377	0.394351557
4.45194E-07	1.486078811	0.394386057
4.44859E-07	1.486633576	0.394449376
4.44524E-07	1.487170767	0.394540817
4.4419E-07	1.487689508	0.39465965
4.43856E-07	1.48818896	0.394805109
4.43522E-07	1.488668316	0.394976399
4.4319E-07	1.489126808	0.395172694
4.42857E-07	1.489563708	0.39539314
4.42525E-07	1.489978324	0.395636858
4.42194E-07	1.490370007	0.395902948
4.41863E-07	1.490738147	0.396190487
4.41533E-07	1.491082179	0.396498533
4.41203E-07	1.491401578	0.396826129
4.40873E-07	1.491695865	0.397172304
4.40544E-07	1.491964601	0.397536075
4.40216E-07	1.492207393	0.397916451
4.39888E-07	1.492423892	0.398312432
4.3956E-07	1.49261379	0.398723014
4.39233E-07	1.492776825	0.399147191
4.38907E-07	1.492912775	0.399583957
4.38581E-07	1.493021462	0.400032308
4.38255E-07	1.493102751	0.400491242
4.3793E-07	1.493156544	0.400959765
4.37606E-07	1.493182785	0.40143689
4.37282E-07	1.493181459	0.401921639
4.36958E-07	1.493152587	0.402413048
4.36635E-07	1.493096226	0.402910162
4.36312E-07	1.49301247	0.403412044
4.3599E-07	1.492901447	0.403917771
4.35669E-07	1.492763319	0.40442644
4.35347E-07	1.492598277	0.404937164
4.35011E-07	1.492406547	0.405449076
4.34691E-07	1.492188378	0.405961332
4.34371E-07	1.491944051	0.406473108
4.34052E-07	1.49167387	0.406983603
4.33733E-07	1.491378165	0.40749204
4.33415E-07	1.491057288	0.407997666
4.33097E-07	1.490711612	0.408499752
4.3278E-07	1.490341529	0.408997595
4.32463E-07	1.489947452	0.409490516
4.32146E-07	1.489529807	0.409977862
4.3183E-07	1.489089039	0.410459008
4.31514E-07	1.488625604	0.410933352
4.31199E-07	1.488139971	0.41140032
4.30885E-07	1.487632621	0.411859363
4.30571E-07	1.487104044	0.412309958
4.30257E-07	1.486554739	0.412751609
4.29943E-07	1.485985211	0.413183844
4.29631E-07	1.485395971	0.413606216
4.29318E-07	1.484787536	0.414018303
4.29006E-07	1.484160426	0.414419709
4.28695E-07	1.483515164	0.414810059
4.28384E-07	1.482852273	0.415189005
4.28073E-07	1.48217228	0.415556219
4.27763E-07	1.481475707	0.415911397
4.27454E-07	1.480763079	0.416254258
4.27144E-07	1.480034917	0.416584539
4.26836E-07	1.479291739	0.416902
4.26527E-07	1.478534062	0.417206422
4.26219E-07	1.477762395	0.417497604
4.25912E-07	1.476977246	0.417775363
4.25605E-07	1.476179117	0.418039536
4.25298E-07	1.475368501	0.418289977
4.24992E-07	1.474545889	0.418526556
4.24687E-07	1.473711763	0.41874916
4.24381E-07	1.472866599	0.418957691
4.24077E-07	1.472010863	0.419152066
4.23772E-07	1.471145018	0.419332217
4.23468E-07	1.470269514	0.419498088
4.23165E-07	1.469384795	0.419649638
4.22862E-07	1.468491297	0.419786835
4.22559E-07	1.467589447	0.419909663
4.22257E-07	1.466679662	0.420018113
4.21955E-07	1.465762351	0.420112189
4.21654E-07	1.464837914	0.420191904
4.21353E-07	1.463906741	0.420257281
4.21053E-07	1.462969215	0.420308351
4.20753E-07	1.462025708	0.420345154
4.20453E-07	1.461076583	0.420367736
4.2014E-07	1.460122193	0.420376153
4.19841E-07	1.459162884	0.420370465
4.19543E-07	1.458198991	0.420350741
4.19245E-07	1.457230842	0.420317053
4.18947E-07	1.456258753	0.42026948
4.1865E-07	1.455283035	0.420208107
4.18354E-07	1.454303986	0.420133021
4.18057E-07	1.453321899	0.420044315
4.17762E-07	1.452337057	0.419942085
4.17466E-07	1.451349734	0.419826432
4.17171E-07	1.450360196	0.419697458
4.16877E-07	1.449368702	0.419555269
4.16583E-07	1.448375503	0.419399973
4.16289E-07	1.44738084	0.41923168
4.15996E-07	1.446384949	0.419050503
4.15703E-07	1.445388057	0.418856556
4.1541E-07	1.444390384	0.418649955
4.15118E-07	1.443392143	0.418430815
4.14827E-07	1.442393541	0.418199254
4.14535E-07	1.441394777	0.417955391
4.14245E-07	1.440396043	0.417699344
4.13954E-07	1.439397526	0.417431232
4.13664E-07	1.438399406	0.417151174
4.13375E-07	1.437401857	0.416859289
4.13085E-07	1.436405047	0.416555697
4.12797E-07	1.435409139	0.416240515
4.12508E-07	1.43441429	0.415913862
4.1222E-07	1.43342065	0.415575855
4.11933E-07	1.432428368	0.415226611
4.11646E-07	1.431437583	0.414866246
4.11359E-07	1.430448434	0.414494874
4.11072E-07	1.429461051	0.41411261
4.10786E-07	1.428475562	0.413719566
4.10501E-07	1.427492091	0.413315853
4.10216E-07	1.426510756	0.412901582
4.09931E-07	1.425531672	0.412476862
4.09647E-07	1.42455495	0.412041799
4.09363E-07	1.423580699	0.4115965
4.09079E-07	1.422609021	0.411141069
4.08796E-07	1.421640017	0.410675608
4.08513E-07	1.420673785	0.410200219
4.0823E-07	1.419710419	0.409715001
4.07948E-07	1.418750009	0.409220051
4.07667E-07	1.417792645	0.408715465
4.07386E-07	1.416838411	0.408201338
4.07105E-07	1.415887391	0.407677762
4.06824E-07	1.414939667	0.407144826
4.06531E-07	1.413995315	0.406602621
4.06251E-07	1.413054412	0.406051232
4.05972E-07	1.412117034	0.405490746
4.05693E-07	1.411183251	0.404921244
4.05414E-07	1.410253134	0.404342808
4.05136E-07	1.409326753	0.403755519
4.04858E-07	1.408404173	0.403159453
4.04581E-07	1.407485462	0.402554686
4.04304E-07	1.406570683	0.401941293
4.04027E-07	1.4056599	0.401319346
4.03751E-07	1.404753173	0.400688916
4.03475E-07	1.403850565	0.40005007
4.032E-07	1.402952135	0.399402876
4.02924E-07	1.402057942	0.3987474
4.0265E-07	1.401168045	0.398083705
4.02375E-07	1.4002825	0.397411852
4.02101E-07	1.399401366	0.396731903
4.01828E-07	1.398524697	0.396043916
4.01554E-07	1.397652551	0.395347947
4.01282E-07	1.396784984	0.394644052
4.01009E-07	1.39592205	0.393932286
4.00737E-07	1.395063805	0.393212701
4.00465E-07	1.394210303	0.392485348
4.00194E-07	1.393361602	0.391750276
3.99923E-07	1.392517754	0.391007534
3.99652E-07	1.391678817	0.390257169
3.99382E-07	1.390844845	0.389499226
3.99112E-07	1.390015894	0.38873375
3.98842E-07	1.38919202	0.387960784
3.98573E-07	1.38837328	0.38718037
3.98304E-07	1.387559731	0.386392549
3.98036E-07	1.386751431	0.38559736
3.97767E-07	1.385948436	0.384794844
3.975E-07	1.385150807	0.383985037
3.97232E-07	1.384358602	0.383167977
3.96965E-07	1.383571882	0.3823437
3.96698E-07	1.382790708	0.381512241
3.96432E-07	1.382015141	0.380673635
3.96166E-07	1.381245245	0.379827916
3.95901E-07	1.380481083	0.378975117
3.95635E-07	1.37972272	0.378115271
3.9537E-07	1.378970221	0.37724841
3.95106E-07	1.378223654	0.376374566
3.94842E-07	1.377483087	0.37549377
3.94578E-07	1.376748588	0.374606054
3.94314E-07	1.376020229	0.373711449
3.94051E-07	1.375298082	0.372809984
3.93788E-07	1.374582219	0.371901691
3.93513E-07	1.373872714	0.370986601
3.93251E-07	1.373169644	0.370064744
3.9299E-07	1.372473086	0.36913615
3.92728E-07	1.371783118	0.368200851
3.92467E-07	1.37109982	0.367258877
3.92206E-07	1.370423275	0.366310261
3.91946E-07	1.369753565	0.365355035
3.91686E-07	1.369090775	0.364393229
3.91426E-07	1.36843499	0.363424879
3.91167E-07	1.3677863	0.362450017
3.90908E-07	1.367144793	0.361468678
3.9065E-07	1.36651056	0.360480896
3.90391E-07	1.365883694	0.359486709
3.90133E-07	1.365264289	0.358486154
3.89876E-07	1.364652441	0.357479268
3.89619E-07	1.364048247	0.356466092
3.89362E-07	1.363451806	0.355446665
3.89105E-07	1.36286322	0.354421031
3.88849E-07	1.36228259	0.353389233
3.88593E-07	1.36171002	0.352351316
3.88337E-07	1.361145616	0.351307327
3.88082E-07	1.360589486	0.350257314
3.87827E-07	1.360041736	0.349201328
3.87573E-07	1.359502479	0.348139422
3.87318E-07	1.358971825	0.34707165
3.87065E-07	1.358449888	0.345998069
3.86811E-07	1.357936783	0.344918737
3.86558E-07	1.357432624	0.343833717
3.86305E-07	1.356937531	0.342743072
3.86052E-07	1.356451622	0.341646867
3.858E-07	1.355975016	0.340545173
3.85548E-07	1.355507835	0.339438062
3.85297E-07	1.355050202	0.338325607
3.85045E-07	1.35460224	0.337207887
3.84794E-07	1.354164073	0.336084983
3.84544E-07	1.353735827	0.334956978
3.84294E-07	1.353317628	0.33382396
3.84044E-07	1.352909604	0.332686019
3.83794E-07	1.352511883	0.331543251
3.83545E-07	1.352124593	0.330395752
3.83296E-07	1.351747862	0.329243624
3.83047E-07	1.351381822	0.328086973
3.82799E-07	1.351026601	0.326925908
3.82551E-07	1.350682329	0.325760542
3.82303E-07	1.350349137	0.324590992
3.82056E-07	1.350027155	0.323417379
3.81809E-07	1.349716512	0.32223983
3.81562E-07	1.349417338	0.321058474
3.81304E-07	1.349129762	0.319873447
3.81058E-07	1.348853914	0.318684885
3.80812E-07	1.34858992	0.317492934
3.80567E-07	1.348337908	0.316297741
3.80321E-07	1.348098003	0.315099458
3.80077E-07	1.34787033	0.313898243
3.79832E-07	1.347655014	0.312694259
3.79588E-07	1.347452174	0.311487672
3.79344E-07	1.347261932	0.310278655
3.79101E-07	1.347084405	0.309067383
3.78857E-07	1.346919709	0.307854039
3.78614E-07	1.346767958	0.306638809
3.78372E-07	1.346629263	0.305421885
3.78129E-07	1.346503733	0.304203464
3.77887E-07	1.346391473	0.302983746
3.77646E-07	1.346292585	0.301762939
3.77404E-07	1.346207168	0.300541254
3.77163E-07	1.346135318	0.299318906
3.76923E-07	1.346077126	0.298096118
3.76682E-07	1.346032681	0.296873115
3.76442E-07	1.346002065	0.295650127
3.76202E-07	1.345985358	0.294427391
3.75963E-07	1.345982634	0.293205146
3.75723E-07	1.345993962	0.291983637
3.75484E-07	1.346019407	0.290763112
3.75246E-07	1.346059028	0.289543826
3.75008E-07	1.346112878	0.288326035
3.7477E-07	1.346181005	0.287110002
3.74532E-07	1.346263451	0.285895992
3.74294E-07	1.346360251	0.284684273
3.74057E-07	1.346471434	0.28347512
3.73821E-07	1.346597023	0.282268809
3.73584E-07	1.346737034	0.281065619
3.73348E-07	1.346891474	0.279865833
3.73112E-07	1.347060345	0.278669737
3.72876E-07	1.347243641	0.277477619
3.72641E-07	1.347441348	0.276289771
3.72406E-07	1.347653445	0.275106484
3.72171E-07	1.347879902	0.273928053
3.71937E-07	1.348120681	0.272754777
3.71703E-07	1.348375738	0.271586951
3.71469E-07	1.348645017	0.270424876
3.71235E-07	1.348928457	0.26926885
3.71002E-07	1.349225984	0.268119176
3.70769E-07	1.349537521	0.266976153
3.70536E-07	1.349862977	0.265840082
3.70304E-07	1.350202255	0.264711263
3.70061E-07	1.350555248	0.263589997
3.69829E-07	1.350921841	0.26247658
3.69598E-07	1.351301908	0.26137131
3.69366E-07	1.351695316	0.260274484
3.69136E-07	1.352101921	0.259186393
3.68905E-07	1.352521573	0.258107329
3.68675E-07	1.352954108	0.257037579
3.68445E-07	1.353399359	0.255977429
3.68215E-07	1.353857145	0.25492716
3.67985E-07	1.354327278	0.25388705
3.67756E-07	1.354809562	0.252857372
3.67527E-07	1.355303792	0.251838394
3.67299E-07	1.355809753	0.250830382
3.6707E-07	1.356327223	0.249833592
3.66842E-07	1.356855972	0.24884828
3.66614E-07	1.35739576	0.24787469
3.66387E-07	1.357946341	0.246913066
3.6616E-07	1.358507461	0.245963641
3.65933E-07	1.359078857	0.245026642
3.65706E-07	1.359660262	0.24410229
3.6548E-07	1.360251398	0.243190797
3.65254E-07	1.360851982	0.24229237
3.65028E-07	1.361461727	0.241407204
3.64802E-07	1.362080335	0.240535489
3.64577E-07	1.362707505	0.239677404
3.64352E-07	1.363342932	0.238833121
3.64128E-07	1.363986302	0.238002803
3.63903E-07	1.364637299	0.237186603
3.63679E-07	1.3652956	0.236384664
3.63455E-07	1.365960881	0.23559712
3.63232E-07	1.366632811	0.234824097
3.63008E-07	1.367311058	0.234065709
3.62785E-07	1.367995285	0.23332206
3.62562E-07	1.368685153	0.232593244
3.6234E-07	1.369380322	0.231879347
3.62118E-07	1.370080447	0.231180442
3.61896E-07	1.370785185	0.230496592
3.61674E-07	1.371494189	0.229827852
3.61453E-07	1.372207113	0.229174264
3.61232E-07	1.37292361	0.22853586
3.61011E-07	1.373643333	0.227912663
3.6079E-07	1.374365935	0.227304685
3.6057E-07	1.37509107	0.226711927
3.6035E-07	1.375818395	0.226134381
3.6013E-07	1.376547565	0.225572027
3.59911E-07	1.37727824	0.225024838
3.59691E-07	1.378010081	0.224492773
3.59472E-07	1.378742751	0.223975786
3.59243E-07	1.379475918	0.223473817
3.59025E-07	1.380209252	0.2229868
3.58807E-07	1.380942426	0.222514656
3.58589E-07	1.381675117	0.222057302
3.58371E-07	1.382407009	0.22161464
3.58154E-07	1.383137787	0.221186569
3.57937E-07	1.383867144	0.220772976
3.5772E-07	1.384594775	0.220373741
3.57503E-07	1.385320383	0.219988735
3.57287E-07	1.386043675	0.219617824
3.57071E-07	1.386764365	0.219260863
3.56855E-07	1.387482173	0.218917703
3.5664E-07	1.388196824	0.218588185
3.56424E-07	1.38890805	0.218272146
3.56209E-07	1.389615591	0.217969416
3.55994E-07	1.390319194	0.217679818
3.5578E-07	1.391018609	0.217403171
3.55566E-07	1.391713599	0.217139286
3.55352E-07	1.392403929	0.216887971
3.55138E-07	1.393089375	0.21664903
3.54925E-07	1.393769719	0.216422259
3.54711E-07	1.394444749	0.216207453
3.54498E-07	1.395114264	0.216004402
3.54286E-07	1.395778067	0.215812891
