8.85651E-07	1.794234485	0.002216765
8.84893E-07	1.794446465	0.002254337
8.84135E-07	1.794658726	0.002291908
8.83317E-07	1.794889291	0.002332609
8.82562E-07	1.795102687	0.002370176
8.81809E-07	1.795316372	0.002407742
8.80995E-07	1.795548722	0.002448435
8.80244E-07	1.795763481	0.002485996
8.79433E-07	1.79599685	0.002526682
8.78685E-07	1.79621277	0.002564235
8.77876E-07	1.796447088	0.002604915
8.77131E-07	1.796664183	0.002642459
8.76325E-07	1.79689967	0.002683128
8.75583E-07	1.797117738	0.002720663
8.7478E-07	1.79735449	0.00276132
8.73978E-07	1.797591703	0.002801973
8.73239E-07	1.797811485	0.002839489
8.72441E-07	1.798049891	0.002880127
8.71705E-07	1.798270675	0.00291763
8.70909E-07	1.798510377	0.002958251
8.70114E-07	1.798750556	0.002998865
8.69321E-07	1.798991644	0.003039467
8.68591E-07	1.799214489	0.00307694
8.678E-07	1.799456687	0.003117523
8.67012E-07	1.799699491	0.003158096
8.66224E-07	1.799942711	0.003198662
8.65438E-07	1.800186937	0.003239209
8.64654E-07	1.80043156	0.003279749
8.63871E-07	1.80067685	0.003320276
8.63089E-07	1.800922917	0.003360788
8.62369E-07	1.801150356	0.003398176
8.6159E-07	1.80139775	0.003438659
8.60812E-07	1.801645604	0.003479132
8.60036E-07	1.801894064	0.003519591
8.59202E-07	1.802162594	0.00356314
8.58429E-07	1.802412425	0.003603566
8.57657E-07	1.802663045	0.003643974
8.56886E-07	1.802914382	0.003684362
8.56117E-07	1.803166138	0.00372474
8.55349E-07	1.803418954	0.00376509
8.54583E-07	1.80367224	0.003805426
8.53759E-07	1.803945701	0.003848846
8.52996E-07	1.804200619	0.003889137
8.52234E-07	1.804455971	0.003929414
8.51473E-07	1.804712153	0.003969666
8.50655E-07	1.804988871	0.00401299
8.49897E-07	1.80524632	0.004053203
8.49141E-07	1.805504798	0.004093384
8.48327E-07	1.805783818	0.004136634
8.47573E-07	1.806043458	0.004176776
8.46763E-07	1.806324276	0.004219965
8.46012E-07	1.806585575	0.004260051
8.45205E-07	1.806867725	0.004303194
8.44457E-07	1.807130761	0.004343218
8.43652E-07	1.807414596	0.0043863
8.42907E-07	1.807678991	0.004426274
8.42105E-07	1.807964686	0.004469286
8.41362E-07	1.808230511	0.004509206
8.40564E-07	1.808517876	0.004552154
8.39767E-07	1.808806121	0.004595067
8.39028E-07	1.809074315	0.004634893
8.38234E-07	1.809364359	0.004677733
8.37442E-07	1.809655199	0.00472054
8.36651E-07	1.809946717	0.004763318
8.35917E-07	1.810218579	0.004802991
8.35129E-07	1.81051206	0.004845685
8.34343E-07	1.810806232	0.004888349
8.33557E-07	1.811101787	0.004930951
8.32774E-07	1.811398059	0.004973521
8.31991E-07	1.811695034	0.005016058
8.31211E-07	1.811993424	0.00505853
8.30431E-07	1.812292539	0.005100968
8.29653E-07	1.812592371	0.005143372
8.28877E-07	1.812893649	0.005185706
8.28102E-07	1.813195663	0.005228004
8.27329E-07	1.813498407	0.005270266
8.26556E-07	1.81380263	0.005312455
8.25786E-07	1.814107599	0.005354606
8.25017E-07	1.814413315	0.005396718
8.24249E-07	1.814720536	0.005438753
8.23428E-07	1.815050571	0.005483745
8.22663E-07	1.815359421	0.005525694
8.219E-07	1.815669707	0.005567567
8.21138E-07	1.815980871	0.005609393
8.20323E-07	1.816315197	0.005654154
8.19564E-07	1.816628606	0.005695857
8.18806E-07	1.81694302	0.005737503
8.17996E-07	1.817280838	0.005782071
8.17241E-07	1.817597434	0.005823595
8.16434E-07	1.817937893	0.005868013
8.15682E-07	1.818256549	0.005909418
8.14878E-07	1.818599241	0.005953706
8.14129E-07	1.818920477	0.005994961
8.13328E-07	1.819265623	0.006039104
8.12582E-07	1.819588787	0.006080243
8.11784E-07	1.819936687	0.006124222
8.10988E-07	1.820285678	0.006168134
8.10246E-07	1.820612314	0.006209062
8.09452E-07	1.820964032	0.006252807
8.0866E-07	1.821316952	0.006296476
8.0787E-07	1.821670991	0.006340075
8.07134E-07	1.822002756	0.006380684
8.06347E-07	1.822359694	0.006424099
8.05561E-07	1.822717777	0.006467441
8.04777E-07	1.823077063	0.006510705
8.03994E-07	1.82343824	0.006553846
8.03213E-07	1.823800591	0.006596911
8.02433E-07	1.82416412	0.006639898
8.01655E-07	1.824529298	0.006682775
8.00878E-07	1.824896018	0.00672555
8.00103E-07	1.825263947	0.006768244
7.9933E-07	1.825633159	0.00681085
7.98557E-07	1.826004352	0.006853323
7.97787E-07	1.826376786	0.006895711
7.97018E-07	1.826750464	0.006938013
7.96199E-07	1.827150927	0.006983006
7.95433E-07	1.827528116	0.007025066
7.94668E-07	1.827906585	0.007067036
7.93905E-07	1.828286336	0.007108915
7.93092E-07	1.82869366	0.007153429
7.92332E-07	1.82907704	0.007195053
7.91574E-07	1.829461739	0.007236584
7.90766E-07	1.829873766	0.007280763
7.9001E-07	1.830262184	0.007322027
7.89206E-07	1.830678011	0.007365934
7.88453E-07	1.8310693	0.007406991
7.87652E-07	1.831488589	0.007450647
7.86902E-07	1.831883725	0.007491426
7.86104E-07	1.832306781	0.007534807
7.85357E-07	1.832704886	0.007575368
7.84562E-07	1.833131695	0.007618475
7.83768E-07	1.833560618	0.007661426
7.82977E-07	1.833991318	0.007704245
7.82236E-07	1.834396643	0.007744275
7.81447E-07	1.834831241	0.007786805
7.8066E-07	1.835268021	0.007829174
7.79874E-07	1.835706642	0.007871406
7.7909E-07	1.836147116	0.007913499
7.78357E-07	1.836562121	0.007952808
7.77576E-07	1.837007047	0.007994568
7.76796E-07	1.837453881	0.008036186
7.76019E-07	1.837902637	0.008077659
7.75242E-07	1.838353685	0.008118961
7.74468E-07	1.838807239	0.008160074
7.73646E-07	1.839291326	0.008203593
7.72875E-07	1.839749044	0.008244393
7.72105E-07	1.840208785	0.008285042
7.71336E-07	1.840671487	0.008325468
7.70569E-07	1.841136254	0.008365739
7.69756E-07	1.841632398	0.008408353
7.68992E-07	1.842101529	0.008448296
7.6823E-07	1.842573387	0.008488036
7.67422E-07	1.843077444	0.008530057
7.66663E-07	1.843554177	0.008569433
7.65905E-07	1.844033094	0.008608646
7.65101E-07	1.844544541	0.008650117
7.64347E-07	1.845029113	0.00868891
7.63547E-07	1.84554644	0.008729946
7.62795E-07	1.846035758	0.008768389
7.61998E-07	1.846558286	0.008809041
7.61203E-07	1.847083832	0.008849473
7.60456E-07	1.847581618	0.008887296
7.59664E-07	1.848113131	0.008927294
7.58874E-07	1.848647484	0.008967087
7.58132E-07	1.849152913	0.009004358
7.57344E-07	1.849693337	0.009043715
7.56559E-07	1.850237072	0.009082836
7.55775E-07	1.850783779	0.009121748
7.54993E-07	1.851333485	0.009160449
7.54212E-07	1.851886219	0.009198939
7.53433E-07	1.852442361	0.009237192
7.52656E-07	1.853002224	0.00927519
7.5188E-07	1.853565232	0.009312974
7.51105E-07	1.854131417	0.009350544
7.50333E-07	1.85470081	0.009387898
7.49562E-07	1.85527358	0.009425029
7.48792E-07	1.855850522	0.009461885
7.47979E-07	1.856465001	0.009500677
7.47213E-07	1.857048907	0.009537085
7.46448E-07	1.85763622	0.009573277
7.45685E-07	1.858226973	0.009609253
7.44879E-07	1.858856923	0.00964707
7.44119E-07	1.859456063	0.009682532
7.43316E-07	1.860094335	0.009719847
7.42559E-07	1.860700965	0.009754864
7.4176E-07	1.861347372	0.009791703
7.41006E-07	1.861961659	0.009826278
7.4021E-07	1.862616906	0.009862617
7.3946E-07	1.863240235	0.009896691
7.38667E-07	1.863904428	0.009932545
7.37876E-07	1.864573137	0.009968161
7.37086E-07	1.865246418	0.010003542
7.36342E-07	1.865886409	0.010036751
7.35556E-07	1.866568964	0.010071672
7.34771E-07	1.86725697	0.010106334
7.33988E-07	1.86794981	0.010140775
7.33207E-07	1.868647546	0.010174997
7.32428E-07	1.86935024	0.010209006
7.3165E-07	1.870057957	0.010242805
7.30874E-07	1.870770762	0.010276398
7.30099E-07	1.871489068	0.01030978
7.29326E-07	1.872213334	0.010342942
7.28555E-07	1.872942926	0.010375919
7.27785E-07	1.873677915	0.010408718
7.26974E-07	1.874459716	0.01044315
7.26208E-07	1.875206093	0.0104756
7.25443E-07	1.875958093	0.010507895
7.2468E-07	1.876715836	0.01054004
7.23876E-07	1.877522991	0.010573798
7.23116E-07	1.878293954	0.010605647
7.22316E-07	1.879114181	0.010639142
7.21559E-07	1.879897607	0.010670768
7.20763E-07	1.880731294	0.010704052
7.20009E-07	1.881527549	0.010735504
7.19216E-07	1.882375099	0.010768634
7.18424E-07	1.883229956	0.010801708
7.17676E-07	1.88404697	0.010833007
7.16887E-07	1.884917262	0.01086603
7.16101E-07	1.885795237	0.010899061
7.15316E-07	1.886681019	0.010932121
7.14533E-07	1.887574732	0.010965233
7.13751E-07	1.888476506	0.010998423
7.13012E-07	1.889338285	0.01102996
7.12234E-07	1.890256078	0.011063375
7.11458E-07	1.891182323	0.011096947
7.10642E-07	1.892166862	0.011132497
7.09869E-07	1.893111204	0.0111665
7.09098E-07	1.894065277	0.011200788
7.08329E-07	1.89502843	0.011235379
7.07561E-07	1.896000815	0.01127031
7.06754E-07	1.897034453	0.011307488
7.0599E-07	1.898026343	0.011343249
7.05227E-07	1.899027958	0.011379482
7.04425E-07	1.90009306	0.011418188
7.03666E-07	1.901115229	0.011455544
7.02868E-07	1.902202457	0.011495555
7.02112E-07	1.903245928	0.011534259
7.01318E-07	1.904356094	0.011575827
7.00565E-07	1.905421648	0.01161613
6.99774E-07	1.906556083	0.011659576
6.98985E-07	1.907703306	0.011704111
6.98198E-07	1.908863364	0.011749808
6.97452E-07	1.909977753	0.011794403
6.96668E-07	1.911163526	0.011842635
6.95886E-07	1.912362882	0.011892317
6.95106E-07	1.913576087	0.011943558
6.94328E-07	1.914803415	0.011996472
6.93551E-07	1.916045145	0.01205118
6.92776E-07	1.917301562	0.01210781
6.92003E-07	1.918572959	0.012166495
6.91231E-07	1.919859636	0.012227379
6.90423E-07	1.921227552	0.012293856
6.89655E-07	1.922546567	0.012359731
6.88889E-07	1.923881822	0.012428288
6.88086E-07	1.925301904	0.012503391
6.87323E-07	1.926671542	0.012578016
6.86562E-07	1.92805845	0.01265589
6.85765E-07	1.929534018	0.012741452
6.85007E-07	1.930957502	0.012826662
6.84213E-07	1.932472351	0.012920444
6.83422E-07	1.934007971	0.013018852
6.82669E-07	1.935489787	0.013117052
6.81881E-07	1.937067265	0.01322537
6.81094E-07	1.93866688	0.013339254
6.80309E-07	1.940289116	0.013459059
6.79564E-07	1.941855084	0.013578865
6.78783E-07	1.943522905	0.013711323
6.78003E-07	1.945214836	0.013850875
6.77226E-07	1.946931401	0.013997963
6.7645E-07	1.948673137	0.014153054
6.75639E-07	1.950525969	0.014324851
6.74867E-07	1.95232097	0.014497919
6.74096E-07	1.954142837	0.014680589
6.73328E-07	1.955992145	0.014873448
6.72561E-07	1.957869476	0.015077115
6.71759E-07	1.959867477	0.015303024
6.70996E-07	1.961804065	0.01553092
6.70198E-07	1.963865429	0.015783778
6.69438E-07	1.965863822	0.01603898
6.68644E-07	1.967991242	0.016322192
6.67888E-07	1.970054039	0.016608143
6.67097E-07	1.972250252	0.01692552
6.66308E-07	1.974482692	0.017261979
6.65557E-07	1.976647842	0.01760187
6.64772E-07	1.978953235	0.017979115
6.63989E-07	1.981296973	0.018379119
6.63208E-07	1.983679759	0.018803267
6.62429E-07	1.986102286	0.019253025
6.61651E-07	1.988565229	0.019729941
6.60875E-07	1.991069246	0.02023565
6.60101E-07	1.993614972	0.020771876
6.59329E-07	1.996203011	0.02134044
6.58559E-07	1.998833933	0.021943261
6.57755E-07	2.001630327	0.022611832
6.56988E-07	2.004350472	0.023291031
6.56224E-07	2.007114954	0.024010971
6.55426E-07	2.010052144	0.024809012
6.54664E-07	2.012910206	0.025621699
6.5387E-07	2.015947232	0.026524055
6.53113E-07	2.018897761	0.027438834
6.52323E-07	2.022031256	0.028453808
6.51534E-07	2.025213787	0.029531201
6.50782E-07	2.028303431	0.030623294
6.49997E-07	2.031580942	0.031833424
6.49215E-07	2.034905965	0.033116884
6.48434E-07	2.038277579	0.03447765
6.47655E-07	2.041694619	0.035919835
6.46878E-07	2.045155654	0.037447689
6.46103E-07	2.048658962	0.039065584
6.45329E-07	2.052205233	0.040785167
6.44558E-07	2.055789255	0.042605285
6.43755E-07	2.059566181	0.044616798
6.42987E-07	2.063217314	0.046655065
6.42221E-07	2.06689596	0.048807434
6.41424E-07	2.070759288	0.051179546
6.40661E-07	2.074480629	0.053579257
6.39868E-07	2.078377755	0.056218316
6.39109E-07	2.082120208	0.058884291
6.3832E-07	2.086025802	0.06182397
6.37532E-07	2.089923379	0.064918993
6.36779E-07	2.093643254	0.06803171
6.35995E-07	2.097499763	0.071438155
6.35213E-07	2.101321112	0.075007757
6.34433E-07	2.105096873	0.078742687
6.33655E-07	2.108816018	0.082644338
6.32879E-07	2.112462685	0.086722034
6.32105E-07	2.116022473	0.090976089
6.31332E-07	2.119486984	0.095394782
6.3053E-07	2.122980847	0.100169252
6.29761E-07	2.126211593	0.104912467
6.28995E-07	2.129307992	0.109806982
6.28198E-07	2.132377786	0.115057694
6.27435E-07	2.135142304	0.120250768
6.26642E-07	2.137835785	0.125791336
6.25883E-07	2.140234445	0.131222018
6.25095E-07	2.142526625	0.136981789
6.24308E-07	2.144599922	0.142829993
6.23554E-07	2.146372472	0.148512534
6.22771E-07	2.147960945	0.154487569
6.2199E-07	2.149311774	0.160491918
6.21211E-07	2.150423414	0.166505616
6.20434E-07	2.1512965	0.17250843
6.19659E-07	2.151933895	0.178480146
6.18886E-07	2.15231749	0.184393401
6.18084E-07	2.152472667	0.190461165
6.17315E-07	2.152408902	0.19620128
6.16547E-07	2.152146334	0.201831276
6.15751E-07	2.151679437	0.207555204
6.14988E-07	2.151035271	0.212895533
6.14196E-07	2.150206297	0.218285349
6.13436E-07	2.149276768	0.223303204
6.12648E-07	2.148191713	0.228343221
6.11862E-07	2.147001944	0.233185438
6.11108E-07	2.14577819	0.237643507
6.10326E-07	2.14445101	0.242090462
6.09546E-07	2.143088364	0.246348314
6.08768E-07	2.141708979	0.250420631
6.07992E-07	2.140333482	0.254286393
6.07218E-07	2.138980296	0.257978845
6.06416E-07	2.137614539	0.261642322
6.05646E-07	2.13635186	0.265014653
6.04878E-07	2.135164617	0.268225805
6.04082E-07	2.134015707	0.271423751
6.03318E-07	2.132998194	0.274387165
6.02527E-07	2.132043149	0.277356686
6.01766E-07	2.131245164	0.280113527
6.00979E-07	2.130532353	0.2828999
6.00194E-07	2.129940354	0.285623229
5.99439E-07	2.129494196	0.288197053
5.98658E-07	2.12917148	0.290832707
5.97878E-07	2.128975472	0.293449841
5.97101E-07	2.128905799	0.296061368
5.96326E-07	2.128977165	0.298682269
5.95524E-07	2.129187254	0.301424839
5.94753E-07	2.129510393	0.30410435
5.93984E-07	2.129956177	0.306833148
5.93216E-07	2.130525149	0.309626964
5.92423E-07	2.131225101	0.312597258
5.9166E-07	2.13200069	0.315541895
5.9087E-07	2.132919664	0.318707365
5.90083E-07	2.13392774	0.321978304
5.89326E-07	2.134977884	0.325241494
5.88542E-07	2.136150277	0.328766895
5.87761E-07	2.137387372	0.332427621
5.86982E-07	2.138678141	0.336226772
5.86205E-07	2.140019379	0.340195896
5.8543E-07	2.141393757	0.344321942
5.84657E-07	2.14278995	0.348605209
5.83859E-07	2.144248345	0.353241268
5.8309E-07	2.14565412	0.357890836
5.82324E-07	2.147046408	0.362710339
5.81532E-07	2.148455243	0.367919045
5.80769E-07	2.149775157	0.373125723
5.79981E-07	2.151085683	0.378709859
5.79196E-07	2.152315109	0.384512392
5.78412E-07	2.153460702	0.390500613
5.77658E-07	2.154463351	0.396477187
5.76878E-07	2.155378977	0.402865645
5.76101E-07	2.156168193	0.409432162
5.75326E-07	2.156791736	0.416202274
5.74526E-07	2.157266907	0.423388453
5.73755E-07	2.157543255	0.430508363
5.72986E-07	2.15760815	0.437803885
5.72193E-07	2.157469297	0.445500767
5.71429E-07	2.157085118	0.45309911
5.7064E-07	2.156443268	0.461092314
5.69879E-07	2.155570522	0.468936258
5.69094E-07	2.154369291	0.477166104
5.68312E-07	2.152897741	0.485480761
5.67532E-07	2.151087054	0.493877155
5.66754E-07	2.148980834	0.502323893
5.65977E-07	2.146538873	0.510804971
5.65204E-07	2.143763638	0.519297592
5.64432E-07	2.14066455	0.527779277
5.63636E-07	2.137078655	0.53650377
5.62869E-07	2.1332931	0.544891378
5.62078E-07	2.128980008	0.553456952
5.61315E-07	2.124494568	0.561642214
5.60528E-07	2.119484015	0.569942851
5.59769E-07	2.11432158	0.577815581
5.58987E-07	2.108647865	0.585742136
5.58207E-07	2.102657507	0.593438048
5.57429E-07	2.096365304	0.600872109
5.56653E-07	2.089789816	0.608016142
5.55879E-07	2.082965831	0.614855571
5.55083E-07	2.075677818	0.621556365
5.54314E-07	2.068427782	0.627700631
5.53522E-07	2.060773179	0.63364705
5.52757E-07	2.053240792	0.639036504
5.5197E-07	2.045378762	0.644186517
5.51209E-07	2.037725002	0.648800767
5.50426E-07	2.029826174	0.653157712
5.49645E-07	2.021972204	0.657139861
5.48867E-07	2.014204452	0.660750787
5.48091E-07	2.006558852	0.66402698
5.47316E-07	1.999065917	0.666997811
5.46544E-07	1.991754514	0.669697674
5.45751E-07	1.984414951	0.672248347
5.44983E-07	1.97751868	0.674524503
5.44194E-07	1.970612261	0.676730076
5.43431E-07	1.964141813	0.678754184
5.42646E-07	1.957654501	0.680777555
5.41863E-07	1.95136893	0.682760954
5.41083E-07	1.945237264	0.684737746
5.40305E-07	1.939245388	0.686728787
5.39529E-07	1.933360606	0.688750402
5.38756E-07	1.927552466	0.690809705
5.37984E-07	1.921797672	0.692914089
5.37192E-07	1.915892637	0.69512193
5.36425E-07	1.910163254	0.697301782
5.35637E-07	1.904241067	0.69957204
5.34875E-07	1.898459078	0.701788424
5.34091E-07	1.892450928	0.70407028
5.3331E-07	1.886387147	0.706336618
5.32532E-07	1.880254624	0.708569208
5.31755E-07	1.874055833	0.710755318
5.30981E-07	1.867791152	0.712882861
5.30209E-07	1.8614563	0.714931717
5.29417E-07	1.854873748	0.716956098
5.28649E-07	1.848421195	0.718825967
5.27862E-07	1.841725206	0.720640091
5.27076E-07	1.834985416	0.72234265
5.26316E-07	1.828400922	0.723876983
5.25535E-07	1.821593597	0.72533133
5.24757E-07	1.814765485	0.726662422
5.23981E-07	1.807923059	0.727858332
5.23207E-07	1.801074917	0.728923665
5.22413E-07	1.794032317	0.729888164
5.21644E-07	1.787193502	0.730692018
5.20855E-07	1.780174641	0.731384275
5.20091E-07	1.773370377	0.731934924
5.19306E-07	1.766397865	0.732373425
5.18525E-07	1.759458253	0.732681012
5.17745E-07	1.752553698	0.732869621
5.16968E-07	1.745687693	0.732942539
5.16193E-07	1.738867121	0.73289407
5.15421E-07	1.73209216	0.732735622
5.14651E-07	1.725364304	0.732472474
5.13862E-07	1.718502178	0.732093477
5.13075E-07	1.711697618	0.73160411
5.12312E-07	1.705130407	0.731031849
5.1153E-07	1.698436659	0.73034842
5.1075E-07	1.691801805	0.729569509
5.09973E-07	1.68522886	0.72869507
5.09198E-07	1.67871488	0.727733547
5.08426E-07	1.672260178	0.726687702
5.07635E-07	1.665693459	0.725527858
5.06867E-07	1.659363818	0.724313286
5.06081E-07	1.652925568	0.722985663
5.05297E-07	1.646550511	0.721579096
5.04537E-07	1.64040349	0.720136157
5.03758E-07	1.634153094	0.718579629
5.02981E-07	1.627968545	0.716946701
5.02187E-07	1.621686089	0.715197251
5.01415E-07	1.61562811	0.713422214
5.00646E-07	1.609632208	0.711579523
4.99859E-07	1.603543321	0.709619041
4.99094E-07	1.597674597	0.707641623
4.98312E-07	1.591717344	0.705544309
4.97532E-07	1.5858253	0.703381096
4.96755E-07	1.579998436	0.701153209
4.9598E-07	1.57423677	0.698861818
4.95188E-07	1.568395444	0.696446613
4.94418E-07	1.562766227	0.694029857
4.93631E-07	1.557061379	0.691488024
4.92865E-07	1.55156805	0.688947791
4.92083E-07	1.546002217	0.686282337
4.91303E-07	1.540506386	0.683556706
4.90526E-07	1.535080918	0.680772001
4.89751E-07	1.529726214	0.677929332
4.88978E-07	1.524442711	0.675029823
4.88189E-07	1.519101712	0.671999869
4.87421E-07	1.513963947	0.668988705
4.86637E-07	1.508773544	0.665846683
4.85855E-07	1.503660242	0.662649869
4.85076E-07	1.498624632	0.659399622
4.84299E-07	1.493667311	0.65609734
4.83525E-07	1.488789519	0.65274406
4.82753E-07	1.483991617	0.649341451
4.81965E-07	1.479159326	0.645806798
4.81198E-07	1.474524179	0.642309524
4.80415E-07	1.469859833	0.638681195
4.79635E-07	1.465281319	0.635008093
4.78857E-07	1.460789163	0.631292047
4.78082E-07	1.456383851	0.627534932
4.77309E-07	1.452065825	0.623738665
4.7652E-07	1.447735422	0.619813655
4.75752E-07	1.443595182	0.615944161
4.74968E-07	1.439447388	0.61194839
4.74187E-07	1.435392319	0.607920088
4.73409E-07	1.43143099	0.603861214
4.72633E-07	1.427562777	0.599774279
4.7186E-07	1.423787517	0.595661602
4.71089E-07	1.420105122	0.591525458
4.70303E-07	1.416433307	0.587271157
4.69519E-07	1.412858126	0.582997157
4.68756E-07	1.409457139	0.578803599
4.67978E-07	1.406071945	0.574497759
4.67184E-07	1.40270822	0.570081138
4.66411E-07	1.399514938	0.565752421
4.6564E-07	1.396415504	0.561415925
4.64855E-07	1.393341397	0.55697523
4.64089E-07	1.390430355	0.552629917
4.63309E-07	1.387548302	0.548184885
4.62531E-07	1.38476006	0.543741173
4.61756E-07	1.382064384	0.539300971
4.60967E-07	1.379402969	0.53476792
4.60197E-07	1.376890243	0.530341193
4.59412E-07	1.374412589	0.525826046
4.58631E-07	1.37202895	0.521323469
4.57852E-07	1.369733952	0.516834945
4.57075E-07	1.36752587	0.512362247
4.56302E-07	1.365402937	0.507907046
4.55531E-07	1.363363351	0.503470913
4.54745E-07	1.361366168	0.498960254
4.53963E-07	1.359452669	0.494472759
4.53183E-07	1.357619868	0.490009494
4.52406E-07	1.355865791	0.48557167
4.51632E-07	1.35419035	0.481161082
4.5086E-07	1.352591354	0.476778765
4.50074E-07	1.351033261	0.472332639
4.49308E-07	1.349579037	0.468008773
4.48528E-07	1.34816674	0.463624794
4.4775E-07	1.346825528	0.459273532
4.46976E-07	1.345551717	0.454954779
4.46188E-07	1.34431939	0.450580327
4.45418E-07	1.343179478	0.446330533
4.44636E-07	1.342079385	0.442027026
4.43856E-07	1.341041506	0.437758884
4.43079E-07	1.340067794	0.433528619
4.42304E-07	1.33915263	0.429334148
4.41517E-07	1.338277686	0.425091275
4.40748E-07	1.337479206	0.420971767
4.39966E-07	1.336719611	0.416805353
4.39187E-07	1.336015323	0.412677326
4.3841E-07	1.335365883	0.408588537
4.37637E-07	1.334767396	0.404537228
4.3685E-07	1.334210574	0.400445531
4.36082E-07	1.33371405	0.396472515
4.35302E-07	1.333256647	0.392459304
4.34524E-07	1.3328489	0.388487006
4.33748E-07	1.332486911	0.384553401
4.32961E-07	1.332166882	0.38058545
4.32191E-07	1.331896713	0.37673293
4.31409E-07	1.331666849	0.372846979
4.3063E-07	1.331480085	0.369001955
4.29854E-07	1.331336333	0.365199095
4.29081E-07	1.33123356	0.36143764
4.28295E-07	1.331170182	0.357647058
4.27527E-07	1.331147018	0.353970103
4.26747E-07	1.331162199	0.350265811
4.2597E-07	1.331214933	0.346605015
4.25182E-07	1.331306498	0.342920735
4.2441E-07	1.331431276	0.339348345
4.23627E-07	1.331594007	0.335755123
4.22862E-07	1.331785607	0.332271824
4.2207E-07	1.332018581	0.328705978
4.21296E-07	1.332277854	0.325250717
4.20524E-07	1.332567058	0.321842773
4.19741E-07	1.332890507	0.318419968
4.18961E-07	1.333241197	0.315045279
4.18184E-07	1.333618794	0.311721489
4.1741E-07	1.334020423	0.308446176
4.16639E-07	1.334445136	0.305221022
4.15856E-07	1.334899638	0.301989312
4.15077E-07	1.335374197	0.298809159
4.143E-07	1.335867525	0.295682402
4.13526E-07	1.336377644	0.292609144
4.12742E-07	1.336911928	0.289535297
4.1196E-07	1.337459619	0.286517595
4.11181E-07	1.338018682	0.283557248
4.10406E-07	1.338586715	0.280653237
4.09633E-07	1.33916155	0.277806082
4.0885E-07	1.339751121	0.27496995
4.08069E-07	1.3403427	0.272194425
4.07292E-07	1.340933623	0.269479855
4.06517E-07	1.341521096	0.266826895
4.05746E-07	1.342101893	0.264237687
4.04964E-07	1.342682568	0.261669043
4.04185E-07	1.343249492	0.259166463
4.03409E-07	1.343798795	0.256730593
4.02637E-07	1.344326299	0.254361997
4.01854E-07	1.344835198	0.252023776
4.01074E-07	1.34531115	0.249756501
4.00297E-07	1.345748676	0.247559586
3.99523E-07	1.346141596	0.245432526
3.98739E-07	1.346488394	0.243340568
3.97959E-07	1.346774515	0.241317827
3.97181E-07	1.346991909	0.239361261
3.96407E-07	1.347132182	0.237466467
3.95635E-07	1.347186634	0.235627468
3.94854E-07	1.347144879	0.233807324
3.94076E-07	1.346997992	0.232025267
3.93301E-07	1.346739678	0.230267683
3.92517E-07	1.346359421	0.228490109
3.91736E-07	1.34586017	0.226701691
3.90958E-07	1.345247016	0.224881491
3.90183E-07	1.344531257	0.223008534
3.89411E-07	1.343730967	0.221063874
3.88629E-07	1.342856809	0.219000244
3.87851E-07	1.341951917	0.216839947
3.87077E-07	1.341050411	0.214584613
3.86293E-07	1.340172937	0.212209032
3.85524E-07	1.33937628	0.209808497
3.84735E-07	1.338647859	0.207300557
3.8396E-07	1.338035025	0.204834007
3.83189E-07	1.3375284	0.202406509
3.82409E-07	1.337115604	0.200015147
3.81632E-07	1.336790859	0.197726105
3.80847E-07	1.336531895	0.195529044
3.80077E-07	1.336325784	0.193505027
3.79298E-07	1.336145154	0.191603156
3.78522E-07	1.33597334	0.189856196
3.77738E-07	1.335790765	0.188240649
3.76957E-07	1.335585636	0.186779782
3.76179E-07	1.335346225	0.185469289
3.75405E-07	1.335063657	0.184302792
3.74634E-07	1.334732456	0.183271047
3.73854E-07	1.33434273	0.182354151
3.73078E-07	1.333895948	0.181562095
3.72294E-07	1.333383307	0.180878653
3.71513E-07	1.332812081	0.180306879
3.70736E-07	1.332182736	0.179841015
3.69962E-07	1.331496668	0.17947504
3.69179E-07	1.330746412	0.179197254
3.68401E-07	1.329943275	0.179008635
3.67625E-07	1.329090569	0.178902488
3.66853E-07	1.328192283	0.178871465
3.66073E-07	1.327236907	0.178912661
3.65297E-07	1.326241675	0.179018616
3.64513E-07	1.325194857	0.179186932
3.63743E-07	1.324129014	0.179406242
3.62966E-07	1.323018114	0.179676272
3.62181E-07	1.321864277	0.179992794
3.614E-07	1.320686295	0.180345454
3.60622E-07	1.319487401	0.180727959
3.59848E-07	1.318270903	0.18113377
3.59066E-07	1.317023166	0.181562387
3.58299E-07	1.315780324	0.181996207
3.57514E-07	1.314494827	0.182446649
3.56742E-07	1.313219754	0.182889944
3.55964E-07	1.311923912	0.183332049
3.55179E-07	1.310609598	0.183766679
3.54407E-07	1.30931336	0.184176978
