8.85714E-07	2.124670566	0.085231026
8.84388E-07	2.126162293	0.085614965
8.83065E-07	2.127669171	0.086000041
8.81746E-07	2.129191503	0.086386304
8.80432E-07	2.130729601	0.086773809
8.79121E-07	2.132283784	0.08716261
8.77814E-07	2.133854381	0.087552768
8.76511E-07	2.135441728	0.087944346
8.75212E-07	2.13704617	0.088337413
8.73916E-07	2.138668064	0.088732038
8.72625E-07	2.140307771	0.0891283
8.71337E-07	2.141965665	0.089526277
8.70053E-07	2.14364213	0.089926055
8.68773E-07	2.14533756	0.090327725
8.67497E-07	2.147052358	0.090731382
8.66224E-07	2.148786938	0.091137128
8.64955E-07	2.150541727	0.09154507
8.6369E-07	2.152317163	0.091955322
8.62429E-07	2.154113693	0.092368005
8.61171E-07	2.15593178	0.092783246
8.59917E-07	2.157771897	0.093201179
8.58666E-07	2.159634531	0.093621948
8.57419E-07	2.161520181	0.094045704
8.56176E-07	2.163429361	0.094472607
8.54878E-07	2.165362598	0.094902825
8.53642E-07	2.167320435	0.095336537
8.52409E-07	2.169303428	0.095773933
8.51181E-07	2.171312149	0.096215212
8.49955E-07	2.173347186	0.096660586
8.48734E-07	2.175409143	0.097110279
8.47516E-07	2.17749864	0.097564526
8.46301E-07	2.179616316	0.098023578
8.4509E-07	2.181762825	0.098487699
8.43882E-07	2.183938841	0.098957168
8.42678E-07	2.186145057	0.099432281
8.41477E-07	2.188382182	0.099913351
8.40279E-07	2.190650948	0.100400706
8.39085E-07	2.192952106	0.100894696
8.37894E-07	2.195286426	0.10139569
8.36707E-07	2.197654701	0.101904078
8.35523E-07	2.200057746	0.102420271
8.34343E-07	2.202496396	0.102944706
8.33165E-07	2.204971512	0.103477844
8.31991E-07	2.207483975	0.104020171
8.30821E-07	2.210034691	0.104572201
8.29653E-07	2.212624591	0.10513448
8.28489E-07	2.21525463	0.105707582
8.27329E-07	2.217925788	0.106292116
8.26171E-07	2.220639073	0.106888724
8.25017E-07	2.223395516	0.107498086
8.23866E-07	2.226196176	0.108120921
8.22718E-07	2.229042141	0.108757989
8.21573E-07	2.231934523	0.109410092
8.20431E-07	2.234874464	0.11007808
8.19293E-07	2.237863133	0.110762851
8.18158E-07	2.240901729	0.111465354
8.17026E-07	2.243991477	0.112186592
8.15897E-07	2.247133632	0.112927627
8.14771E-07	2.250329477	0.113689579
8.13648E-07	2.253580323	0.114473636
8.12529E-07	2.256887511	0.115281051
8.11412E-07	2.260252408	0.116113149
8.10299E-07	2.263676409	0.116971331
8.09188E-07	2.267160936	0.117857079
8.08081E-07	2.270707438	0.118771958
8.06976E-07	2.274317388	0.119717624
8.05875E-07	2.277992282	0.120695824
8.04777E-07	2.281733641	0.121708408
8.03681E-07	2.285543006	0.122757329
8.02589E-07	2.289421936	0.123844649
8.015E-07	2.293372008	0.124972551
8.00413E-07	2.297394813	0.126143335
7.99278E-07	2.301491952	0.127359435
7.98198E-07	2.305665035	0.12862342
7.9712E-07	2.309915675	0.129937999
7.96045E-07	2.314245486	0.131306036
7.94974E-07	2.318656075	0.13273055
7.93905E-07	2.323149038	0.134214727
7.92839E-07	2.327725955	0.135761928
7.91776E-07	2.33238838	0.137375695
7.90715E-07	2.337137836	0.139059761
7.89658E-07	2.341975806	0.140818061
7.88603E-07	2.346903722	0.142654735
7.87552E-07	2.351922956	0.144574144
7.86503E-07	2.357034807	0.146580874
7.85456E-07	2.36224049	0.148679748
7.84413E-07	2.36754112	0.150875833
7.83372E-07	2.372937698	0.153174449
7.82334E-07	2.378431093	0.155581179
7.81299E-07	2.384022025	0.158101879
7.80267E-07	2.389711046	0.16074268
7.79237E-07	2.395498513	0.163510002
7.7821E-07	2.401384571	0.166410554
7.77186E-07	2.407369125	0.169451347
7.76164E-07	2.413451811	0.17263969
7.75145E-07	2.41963197	0.175983202
7.74129E-07	2.425908614	0.179489806
7.73116E-07	2.432280394	0.183167733
7.72105E-07	2.438745563	0.187025519
7.71096E-07	2.445301941	0.191071997
7.70091E-07	2.451946871	0.195316293
7.69088E-07	2.458677182	0.199767814
7.68087E-07	2.465489139	0.204436232
7.67089E-07	2.472378406	0.209331466
7.66094E-07	2.47933999	0.214463659
7.65101E-07	2.486368199	0.21984315
7.64111E-07	2.493456591	0.22548044
7.63124E-07	2.500597923	0.231386152
7.62139E-07	2.507784103	0.237570986
7.61156E-07	2.515006142	0.244045668
7.60177E-07	2.522254104	0.250820885
7.59199E-07	2.529517062	0.257907222
7.58224E-07	2.536783055	0.265315084
7.57252E-07	2.544039052	0.273054616
7.56282E-07	2.551270917	0.281135603
7.55315E-07	2.558463384	0.28956738
7.5435E-07	2.565600037	0.298358715
7.53387E-07	2.572663304	0.307517698
7.52427E-07	2.579634456	0.317051615
7.51424E-07	2.586493621	0.32696682
7.50469E-07	2.593219814	0.337268597
7.49516E-07	2.599790978	0.347961027
7.48566E-07	2.606184045	0.359046839
7.47618E-07	2.61237501	0.370527275
7.46673E-07	2.618339033	0.382401944
7.4573E-07	2.62405055	0.394668692
7.44789E-07	2.629483409	0.407323471
7.43851E-07	2.63461103	0.42036022
7.42915E-07	2.639406573	0.433770762
7.41982E-07	2.643843139	0.447544713
7.41051E-07	2.647893975	0.461669416
7.40122E-07	2.651532701	0.476129893
7.39195E-07	2.65473355	0.490908824
7.38271E-07	2.65747161	0.505986557
7.37349E-07	2.659723077	0.521341145
7.3643E-07	2.66146551	0.536948416
7.35512E-07	2.662678074	0.552782076
7.34597E-07	2.663341783	0.568813842
7.33684E-07	2.663439723	0.585013613
7.32774E-07	2.662957261	0.601349663
7.31866E-07	2.661882227	0.617788869
7.3096E-07	2.660205069	0.634296958
7.30056E-07	2.657918978	0.65083878
7.29154E-07	2.655019979	0.667378585
7.28255E-07	2.651506982	0.683880329
7.27358E-07	2.647381796	0.700307963
7.26463E-07	2.642649114	0.716625739
7.25571E-07	2.637316442	0.732798496
7.2468E-07	2.631394012	0.748791943
7.23792E-07	2.624894652	0.76457292
7.22906E-07	2.617833622	0.780109636
7.22022E-07	2.610228441	0.795371888
7.2114E-07	2.602098671	0.810331245
7.2026E-07	2.593465705	0.824961205
7.19383E-07	2.584352529	0.839237321
7.18507E-07	2.574783486	0.853137291
7.17634E-07	2.564784034	0.866641022
7.16763E-07	2.554380509	0.879730665
7.15894E-07	2.543599896	0.892390611
7.15027E-07	2.532469602	0.904607476
7.14162E-07	2.521017253	0.91637005
7.133E-07	2.5092705	0.927669236
7.12439E-07	2.497256839	0.938497966
7.1158E-07	2.485003457	0.948851103
7.10724E-07	2.472537093	0.958725334
7.09869E-07	2.45988391	0.968119059
7.09017E-07	2.4470694	0.977032268
7.08126E-07	2.434118293	0.985466419
7.07278E-07	2.421054491	0.993424316
7.06432E-07	2.407901013	1.000909986
7.05588E-07	2.394679958	1.007928568
7.04746E-07	2.381412475	1.014486188
7.03906E-07	2.368118752	1.020589864
7.03067E-07	2.354818006	1.026247393
7.02231E-07	2.341528485	1.031467264
7.01397E-07	2.328267484	1.036258566
7.00565E-07	2.315051353	1.040630906
6.99735E-07	2.30189552	1.04459434
6.98907E-07	2.288814515	1.048159298
6.9808E-07	2.275821992	1.05133653
6.97256E-07	2.262930763	1.054137048
6.96434E-07	2.25015282	1.056572075
6.95613E-07	2.237499367	1.058653007
6.94795E-07	2.224980851	1.060391367
6.93978E-07	2.212606988	1.061798776
6.93163E-07	2.200386793	1.062886919
6.92351E-07	2.188328606	1.063667518
6.9154E-07	2.176440122	1.06415231
6.90731E-07	2.16472841	1.064353023
6.89924E-07	2.153199944	1.064281358
6.89119E-07	2.141860623	1.063948971
6.88315E-07	2.130715793	1.063367458
6.87514E-07	2.119770267	1.062548342
6.86714E-07	2.109028348	1.061503059
6.85917E-07	2.098493846	1.060242948
6.85121E-07	2.088170093	1.058779239
6.84327E-07	2.078059966	1.057123045
6.83535E-07	2.0681659	1.055285352
6.82744E-07	2.058489902	1.053277011
6.81956E-07	2.049033571	1.051108733
6.81169E-07	2.039798106	1.048791076
6.80384E-07	2.030784327	1.046334445
6.79601E-07	2.021992681	1.043749082
6.7882E-07	2.01342326	1.041045064
6.7804E-07	2.005075812	1.038232293
6.77263E-07	1.996949753	1.035320496
6.76487E-07	1.989044176	1.032319215
6.75712E-07	1.981357868	1.029237812
6.7494E-07	1.973889313	1.026085456
6.7417E-07	1.96663671	1.022871125
6.73401E-07	1.959597976	1.019603601
6.72634E-07	1.95277076	1.016291471
6.71868E-07	1.94615245	1.012943116
6.71105E-07	1.939740181	1.00956672
6.70343E-07	1.933530845	1.006170258
6.69546E-07	1.927521096	1.0027615
6.68788E-07	1.921707358	0.999348006
6.68031E-07	1.916085831	0.995937125
6.67277E-07	1.910652498	0.992535993
6.66523E-07	1.90540313	0.989151529
6.65772E-07	1.900333289	0.985790434
6.65022E-07	1.895438337	0.98245919
6.64274E-07	1.890713437	0.979164053
6.63527E-07	1.886153555	0.97591105
6.62783E-07	1.88175347	0.972705976
6.6204E-07	1.877507771	0.96955439
6.61298E-07	1.873410863	0.966461607
6.60558E-07	1.869456971	0.963432693
6.5982E-07	1.865640143	0.960472458
6.59084E-07	1.861954251	0.957585448
6.58349E-07	1.858392998	0.954775936
6.57616E-07	1.854949924	0.952047911
6.56884E-07	1.851618406	0.94940507
6.56154E-07	1.848391667	0.946850804
6.55426E-07	1.845262784	0.944388188
6.54699E-07	1.842224695	0.942019965
6.53974E-07	1.83927021	0.939748534
6.5325E-07	1.83639202	0.937575935
6.52529E-07	1.833582714	0.935503836
6.51808E-07	1.830834789	0.933533515
6.5109E-07	1.828140674	0.931665846
6.50372E-07	1.825492745	0.929901285
6.49657E-07	1.822883348	0.928239856
6.48943E-07	1.820304825	0.926681139
6.4823E-07	1.817749543	0.925224255
6.4752E-07	1.815209918	0.923867858
6.4681E-07	1.812678455	0.92261013
6.46103E-07	1.810147776	0.921448769
6.45396E-07	1.807610661	0.920380993
6.44692E-07	1.805060085	0.91940354
6.43989E-07	1.802489261	0.91851267
6.43287E-07	1.799891676	0.917704178
6.42587E-07	1.797261138	0.916973408
6.41888E-07	1.794591816	0.916315267
6.41191E-07	1.791878281	0.915724257
6.40496E-07	1.789115544	0.915194496
6.39802E-07	1.786299098	0.914719755
6.39109E-07	1.78342495	0.914293501
6.38418E-07	1.780489651	0.913908931
6.37729E-07	1.777490326	0.913559032
6.37041E-07	1.774424696	0.913236621
6.36354E-07	1.771291091	0.912934407
6.35637E-07	1.768088463	0.912645047
6.34953E-07	1.76481639	0.912361202
6.34271E-07	1.761475072	0.912075599
6.33591E-07	1.758065322	0.911781089
6.32911E-07	1.754588548	0.911470708
6.32234E-07	1.751046732	0.911137727
6.31558E-07	1.747442396	0.91077571
6.30883E-07	1.743778573	0.910378561
6.30209E-07	1.740058759	0.909940567
6.29537E-07	1.736286873	0.90945644
6.28867E-07	1.732467205	0.908921346
6.28198E-07	1.728604363	0.908330935
6.2753E-07	1.724703224	0.907681359
6.26864E-07	1.720768872	0.906969287
6.26199E-07	1.716806549	0.90619191
6.25536E-07	1.712821596	0.905346942
6.24874E-07	1.708819403	0.904432617
6.24213E-07	1.704805358	0.903447673
6.23554E-07	1.7007848	0.902391339
6.22896E-07	1.696762971	0.901263314
6.2224E-07	1.692744982	0.900063739
6.21585E-07	1.688735773	0.89879317
6.20931E-07	1.684740084	0.897452551
6.20279E-07	1.680762424	0.896043174
6.19628E-07	1.676807056	0.894566651
6.18979E-07	1.672877973	0.893024874
6.18331E-07	1.668978886	0.891419985
6.17684E-07	1.665113218	0.889754338
6.17038E-07	1.661284093	0.888030466
6.16394E-07	1.657494339	0.88625105
6.15751E-07	1.653746488	0.884418885
6.1511E-07	1.650042777	0.882536851
6.1447E-07	1.646385159	0.880607889
6.13831E-07	1.64277531	0.878634972
6.13194E-07	1.639214638	0.876621083
6.12557E-07	1.635704297	0.874569196
6.11923E-07	1.632245199	0.872482253
6.11289E-07	1.628838027	0.870363153
6.10657E-07	1.625483252	0.86821473
6.10026E-07	1.622181145	0.866039751
6.09397E-07	1.618931793	0.863840895
6.08768E-07	1.615735115	0.86162075
6.08141E-07	1.612590875	0.859381807
6.07516E-07	1.609498696	0.857126449
6.06891E-07	1.606458076	0.854856953
6.06268E-07	1.6034684	0.852575482
6.05646E-07	1.600528951	0.850284089
6.05026E-07	1.597638926	0.847984709
6.04377E-07	1.594797443	0.845679165
6.03759E-07	1.592003557	0.843369168
6.03142E-07	1.589256263	0.841056316
6.02527E-07	1.586554512	0.838742099
6.01913E-07	1.583897216	0.836427898
6.013E-07	1.581283256	0.834114994
6.00688E-07	1.57871149	0.831804564
6.00077E-07	1.576180761	0.829497691
5.99468E-07	1.5736899	0.827195364
5.9886E-07	1.571237732	0.824898482
5.98253E-07	1.568823083	0.82260786
5.97648E-07	1.566444784	0.820324231
5.97044E-07	1.564101672	0.818048251
5.96441E-07	1.561792596	0.815780503
5.95839E-07	1.559516419	0.813521501
5.95238E-07	1.557272022	0.811271691
5.94639E-07	1.555058306	0.809031461
5.9404E-07	1.55287419	0.806801137
5.93443E-07	1.550718619	0.804580994
5.92848E-07	1.548590561	0.802371254
5.92253E-07	1.546489009	0.80017209
5.9166E-07	1.544412984	0.797983633
5.91067E-07	1.542361534	0.795805971
5.90476E-07	1.540333731	0.793639152
5.89886E-07	1.538328681	0.791483191
5.89298E-07	1.536345513	0.789338066
5.8871E-07	1.534383387	0.787203727
5.88124E-07	1.532441492	0.785080093
5.87538E-07	1.530519044	0.78296706
5.86954E-07	1.528615288	0.780864496
5.86372E-07	1.526729495	0.778772249
5.8579E-07	1.524860968	0.776690147
5.85209E-07	1.523009032	0.774617997
5.8463E-07	1.521173043	0.772555591
5.84052E-07	1.519352382	0.770502706
5.83474E-07	1.517546455	0.768459103
5.82899E-07	1.515754694	0.766424532
5.82324E-07	1.513976558	0.764398732
5.8175E-07	1.512211527	0.76238143
5.81177E-07	1.510459107	0.760372346
5.80606E-07	1.508718826	0.758371191
5.80036E-07	1.506990235	0.75637767
5.79466E-07	1.505272909	0.75439148
5.78898E-07	1.503566442	0.752412314
5.78331E-07	1.501870449	0.750439862
5.77765E-07	1.500184566	0.748473808
5.77201E-07	1.49850845	0.746513834
5.7661E-07	1.496841776	0.744559618
5.76048E-07	1.495184237	0.74261084
5.75486E-07	1.493535545	0.740667176
5.74926E-07	1.49189543	0.7387283
5.74367E-07	1.490263638	0.736793889
5.73808E-07	1.488639933	0.734863618
5.73251E-07	1.487024094	0.732937163
5.72695E-07	1.485415916	0.731014201
5.7214E-07	1.483815208	0.72909441
5.71587E-07	1.482221796	0.727177471
5.71034E-07	1.480635519	0.725263064
5.70482E-07	1.479056228	0.723350874
5.69932E-07	1.477483791	0.721440588
5.69382E-07	1.475918086	0.719531894
5.68833E-07	1.474359006	0.717624483
5.68286E-07	1.472806453	0.715718051
5.6774E-07	1.471260344	0.713812296
5.67194E-07	1.469720606	0.711906919
5.6665E-07	1.468187177	0.710001625
5.66107E-07	1.466660007	0.708096123
5.65564E-07	1.465139055	0.706190125
5.65023E-07	1.463624291	0.704283347
5.64483E-07	1.462115694	0.702375511
5.63944E-07	1.460613254	0.700466339
5.63406E-07	1.459116969	0.698555562
5.62869E-07	1.457626848	0.696642912
5.62333E-07	1.456142906	0.694728126
5.61798E-07	1.454665168	0.692810947
5.61264E-07	1.453193667	0.690891121
5.60731E-07	1.451728445	0.688968398
5.60199E-07	1.45026955	0.687042536
5.59668E-07	1.448817039	0.685113293
5.59138E-07	1.447370977	0.683180436
5.58609E-07	1.445931433	0.681243734
5.58081E-07	1.444498487	0.679302961
5.57554E-07	1.443072224	0.677357898
5.57028E-07	1.441652734	0.675408329
5.56503E-07	1.440240115	0.673454043
5.55979E-07	1.438834473	0.671494835
5.55456E-07	1.437435917	0.669530505
5.54934E-07	1.436044563	0.667560857
5.54413E-07	1.434660533	0.6655857
5.53893E-07	1.433283956	0.66360485
5.53374E-07	1.431914963	0.661618126
5.52856E-07	1.430553694	0.659625353
5.52339E-07	1.429200291	0.657626361
5.51822E-07	1.427854904	0.655620987
5.51307E-07	1.426517686	0.65360907
5.50768E-07	1.425188795	0.651590456
5.50255E-07	1.423868395	0.649564997
5.49743E-07	1.422556652	0.647532549
5.49232E-07	1.421253738	0.645492974
5.48721E-07	1.41995983	0.64344614
5.48212E-07	1.418675109	0.641391918
5.47703E-07	1.417399757	0.639330188
5.47196E-07	1.416133965	0.637260831
5.46689E-07	1.414877924	0.635183739
5.46183E-07	1.41363183	0.633098804
5.45679E-07	1.412395883	0.631005927
5.45175E-07	1.411170286	0.628905014
5.44672E-07	1.409955245	0.626795976
5.4417E-07	1.408750971	0.624678729
5.43669E-07	1.407557676	0.622553196
5.43169E-07	1.406375577	0.620419306
5.4267E-07	1.405204892	0.618276991
5.42171E-07	1.404045845	0.616126192
5.41674E-07	1.40289866	0.613966855
5.41177E-07	1.401763565	0.611798929
5.40682E-07	1.40064079	0.609622373
5.40187E-07	1.399530568	0.60743715
5.39694E-07	1.398433134	0.605243228
5.39201E-07	1.397348726	0.603040582
5.38709E-07	1.396277584	0.600829193
5.38218E-07	1.39521995	0.598609047
5.37728E-07	1.394176067	0.596380139
5.37238E-07	1.393146181	0.594142467
5.3675E-07	1.39213054	0.591896036
5.36263E-07	1.391129394	0.589640857
5.35776E-07	1.390142993	0.587376948
5.3529E-07	1.38917159	0.585104334
5.34805E-07	1.388215439	0.582823043
5.34322E-07	1.387274795	0.580533114
5.33838E-07	1.386349914	0.578234588
5.33356E-07	1.385441053	0.575927514
5.32875E-07	1.384548471	0.573611949
5.32394E-07	1.383672427	0.571287954
5.31915E-07	1.382813181	0.568955599
5.31436E-07	1.381970993	0.566614958
5.30958E-07	1.381146124	0.564266114
5.30481E-07	1.380338836	0.561909154
5.30005E-07	1.379549389	0.559544174
5.2953E-07	1.378778045	0.557171275
5.29055E-07	1.378025067	0.554790566
5.28582E-07	1.377290714	0.552402161
5.28109E-07	1.376575249	0.550006183
5.27615E-07	1.375878932	0.547602761
5.27144E-07	1.375202023	0.545192029
5.26673E-07	1.374544782	0.54277413
5.26204E-07	1.373907467	0.540349214
5.25736E-07	1.373290335	0.537917435
5.25268E-07	1.372693644	0.535478957
5.24801E-07	1.372117648	0.533033949
5.24335E-07	1.371562601	0.530582588
5.2387E-07	1.371028756	0.528125057
5.23406E-07	1.370516362	0.525661547
5.22942E-07	1.370025669	0.523192255
5.22479E-07	1.369556923	0.520717385
5.22017E-07	1.369110369	0.518237148
5.21556E-07	1.368686249	0.515751761
5.21096E-07	1.368284801	0.51326145
5.20637E-07	1.367906264	0.510766447
5.20178E-07	1.367550872	0.508266988
5.1972E-07	1.367218855	0.505763321
5.19263E-07	1.366910441	0.503255696
5.18807E-07	1.366625855	0.500744373
5.18351E-07	1.366365319	0.498229617
5.17897E-07	1.366129049	0.4957117
5.17443E-07	1.36591726	0.493190901
5.1699E-07	1.365730161	0.490667505
5.16538E-07	1.365567957	0.488141804
5.16086E-07	1.36543085	0.485614097
5.15635E-07	1.365319037	0.483084687
5.15186E-07	1.365232709	0.480553888
5.14736E-07	1.365172054	0.478022014
5.14288E-07	1.365137254	0.475489391
5.13841E-07	1.365128485	0.472956348
5.13394E-07	1.365145919	0.470423221
5.12948E-07	1.365189723	0.46789035
5.12503E-07	1.365260056	0.465358085
5.12058E-07	1.365357074	0.462826777
5.11614E-07	1.365480924	0.460296785
5.11172E-07	1.365631749	0.457768474
5.10729E-07	1.365809685	0.455242214
5.10288E-07	1.366014861	0.45271838
5.09847E-07	1.3662474	0.450197351
5.09408E-07	1.366507418	0.447679512
5.08969E-07	1.366795024	0.445165254
5.0853E-07	1.36711032	0.442654972
5.08093E-07	1.3674534	0.440149064
5.07656E-07	1.367824352	0.437647934
5.0722E-07	1.368223255	0.43515199
5.06784E-07	1.368650182	0.432661645
5.0635E-07	1.369105196	0.430177313
5.05895E-07	1.369588353	0.427699415
5.05462E-07	1.370099703	0.425228374
5.0503E-07	1.370639284	0.422764617
5.04598E-07	1.37120713	0.420308573
5.04168E-07	1.371803262	0.417860676
5.03737E-07	1.372427695	0.415421361
5.03308E-07	1.373080437	0.412991066
5.02879E-07	1.373761484	0.410570232
5.02451E-07	1.374470826	0.408159303
5.02024E-07	1.375208442	0.405758723
5.01598E-07	1.375974303	0.403368939
5.01172E-07	1.376768371	0.400990399
5.00747E-07	1.3775906	0.398623554
5.00323E-07	1.378440932	0.396268854
4.99899E-07	1.379319303	0.393926751
4.99476E-07	1.380225638	0.391597698
4.99054E-07	1.381159853	0.389282147
4.98633E-07	1.382121855	0.386980553
4.98212E-07	1.383111542	0.384693369
4.97792E-07	1.384128801	0.382421047
4.97373E-07	1.385173511	0.380164042
4.96954E-07	1.386245543	0.377922804
4.96536E-07	1.387344756	0.375697786
4.96119E-07	1.388471001	0.373489437
4.95703E-07	1.38962412	0.371298208
4.95287E-07	1.390803944	0.369124544
4.94872E-07	1.392010297	0.366968892
4.94457E-07	1.393242992	0.364831695
4.94044E-07	1.394501833	0.362713395
4.93631E-07	1.395786617	0.36061443
4.93218E-07	1.397097128	0.358535238
4.92807E-07	1.398433145	0.356476251
4.92396E-07	1.399794435	0.3544379
4.91985E-07	1.401180758	0.352420611
4.91576E-07	1.402591864	0.350424809
4.91167E-07	1.404027494	0.348450912
4.90759E-07	1.405487382	0.346499337
4.90351E-07	1.406971251	0.344570496
4.89944E-07	1.408478819	0.342664794
4.89538E-07	1.410009791	0.340782636
4.89133E-07	1.411563869	0.338924419
4.88728E-07	1.413140742	0.337090535
4.88324E-07	1.414740094	0.335281374
4.8792E-07	1.416361601	0.333497316
4.87517E-07	1.418004929	0.33173874
4.87115E-07	1.419669739	0.330006016
4.86714E-07	1.421355684	0.32829951
4.86313E-07	1.423062407	0.326619581
4.85893E-07	1.424789547	0.324966582
4.85494E-07	1.426536736	0.323340861
4.85095E-07	1.428303596	0.321742757
4.84697E-07	1.430089745	0.320172604
4.84299E-07	1.431894794	0.318630729
4.83902E-07	1.433718347	0.317117452
4.83506E-07	1.435560002	0.315633086
4.83111E-07	1.437419352	0.314177936
4.82716E-07	1.439295982	0.3127523
4.82321E-07	1.441189473	0.311356468
4.81928E-07	1.4430994	0.309990725
4.81535E-07	1.445025332	0.308655345
4.81142E-07	1.446966836	0.307350595
4.80751E-07	1.448923469	0.306076736
4.80359E-07	1.450894787	0.304834018
4.79969E-07	1.452880341	0.303622686
4.79579E-07	1.454879677	0.302442973
4.7919E-07	1.456892336	0.301295107
4.78801E-07	1.458917858	0.300179306
4.78414E-07	1.460955776	0.299095779
4.78026E-07	1.463005622	0.298044729
4.7764E-07	1.465066923	0.297026348
4.77253E-07	1.467139204	0.296040819
4.76868E-07	1.469221987	0.295088318
4.76483E-07	1.471314791	0.294169012
4.76099E-07	1.473417135	0.293283057
4.75715E-07	1.475528532	0.292430603
4.75333E-07	1.477648495	0.291611789
4.7495E-07	1.479776537	0.290826747
4.74568E-07	1.481912167	0.290075597
4.74187E-07	1.484054894	0.289358453
4.73807E-07	1.486204227	0.288675418
4.73427E-07	1.488359673	0.288026589
4.73048E-07	1.490520739	0.287412049
4.72669E-07	1.492686933	0.286831878
4.72291E-07	1.494857761	0.286286142
4.71914E-07	1.497032731	0.2857749
4.71537E-07	1.499211353	0.285298204
4.7116E-07	1.501393135	0.284856095
4.70785E-07	1.503577589	0.284448605
4.7041E-07	1.505764226	0.284075758
4.70035E-07	1.507952562	0.28373757
4.69661E-07	1.510142112	0.283434049
4.69288E-07	1.512332397	0.283165192
4.68915E-07	1.514522938	0.282930991
4.68543E-07	1.51671326	0.282731427
4.68172E-07	1.518902893	0.282566476
4.67783E-07	1.521091367	0.282436104
4.67413E-07	1.523278221	0.28234027
4.67043E-07	1.525462995	0.282278927
4.66674E-07	1.527645236	0.282252018
4.66306E-07	1.529824494	0.282259483
4.65938E-07	1.532000326	0.282301253
4.6557E-07	1.534172295	0.282377254
4.65204E-07	1.53633997	0.282487404
4.64837E-07	1.538502927	0.282631619
4.64472E-07	1.540660747	0.282809807
4.64107E-07	1.542813022	0.283021873
4.63742E-07	1.544959348	0.283267719
4.63378E-07	1.547099331	0.28354724
4.63015E-07	1.549232585	0.283860332
4.62652E-07	1.551358732	0.284206886
4.6229E-07	1.553477406	0.284586794
4.61928E-07	1.555588246	0.284999945
4.61567E-07	1.557690903	0.285446229
4.61207E-07	1.559785038	0.285925537
4.60847E-07	1.561870322	0.286437763
4.60487E-07	1.563946435	0.286982803
4.60128E-07	1.56601307	0.287560556
4.5977E-07	1.568069927	0.28817093
4.59412E-07	1.57011672	0.288813835
4.59055E-07	1.57215317	0.289489193
4.58699E-07	1.574179012	0.290196934
4.58343E-07	1.576193988	0.290937
4.57987E-07	1.578197851	0.291709345
4.57632E-07	1.580190363	0.292513939
4.57278E-07	1.582171295	0.293350769
4.56924E-07	1.584140424	0.294219841
4.56571E-07	1.586097535	0.29512118
4.56218E-07	1.588042418	0.296054838
4.55866E-07	1.589974866	0.29702089
4.55514E-07	1.591894674	0.298019441
4.55163E-07	1.593801636	0.299050627
4.54812E-07	1.595695544	0.300114617
4.54462E-07	1.597576182	0.301211616
4.54113E-07	1.599443326	0.302341869
4.53764E-07	1.601296736	0.303505662
4.53415E-07	1.603136154	0.304703326
4.53067E-07	1.604961299	0.305935236
4.5272E-07	1.60677186	0.307201818
4.52373E-07	1.608567486	0.308503548
4.52027E-07	1.610347785	0.309840952
4.51681E-07	1.612112311	0.311214609
4.51336E-07	1.613860556	0.31262515
4.50991E-07	1.61559194	0.314073257
4.50631E-07	1.617305799	0.315559661
4.50287E-07	1.619001377	0.317085139
4.49944E-07	1.620677807	0.318650505
4.49601E-07	1.622334106	0.320256611
4.49259E-07	1.623969155	0.32190433
4.48918E-07	1.625581689	0.323594548
4.48576E-07	1.627170285	0.325328149
4.48236E-07	1.628733345	0.327106
4.47896E-07	1.630269088	0.328928929
4.47556E-07	1.63177554	0.330797701
4.47218E-07	1.633250525	0.332712992
4.46879E-07	1.634691663	0.33467536
4.46541E-07	1.636096366	0.336685212
4.46204E-07	1.637461846	0.338742767
4.45867E-07	1.638785123	0.340848021
4.4553E-07	1.640063044	0.343000706
4.45194E-07	1.641292302	0.345200255
4.44859E-07	1.642469473	0.34744576
4.44524E-07	1.64359105	0.349735943
4.4419E-07	1.644653495	0.352069122
4.43856E-07	1.645653289	0.354443192
4.43522E-07	1.646586998	0.356855607
4.4319E-07	1.647451337	0.359303376
4.42857E-07	1.648243237	0.361783071
4.42525E-07	1.648959922	0.364290847
4.42194E-07	1.649598974	0.366822473
4.41863E-07	1.650158399	0.369373379
4.41533E-07	1.650636683	0.371938717
4.41203E-07	1.65103284	0.374513428
4.40873E-07	1.651346446	0.377092325
4.40544E-07	1.65157766	0.379670174
4.40216E-07	1.651727223	0.382241785
4.39888E-07	1.651796453	0.3848021
4.3956E-07	1.651787208	0.387346276
4.39233E-07	1.65170185	0.389869762
4.38907E-07	1.651543184	0.392368368
4.38581E-07	1.651314396	0.394838316
4.38255E-07	1.651018979	0.397276284
4.3793E-07	1.650660657	0.39967943
4.37606E-07	1.650243306	0.402045407
4.37282E-07	1.649770881	0.404372359
4.36958E-07	1.649247344	0.406658907
4.36635E-07	1.6486766	0.40890413
4.36312E-07	1.648062442	0.411107522
4.3599E-07	1.647408503	0.413268963
4.35669E-07	1.646718218	0.415388668
4.35347E-07	1.645994798	0.417467145
4.35011E-07	1.645241207	0.419505148
4.34691E-07	1.644460152	0.421503628
4.34371E-07	1.643654081	0.423463696
4.34052E-07	1.642825179	0.425386576
4.33733E-07	1.641975384	0.427273572
4.33415E-07	1.641106387	0.429126036
4.33097E-07	1.640219655	0.430945338
4.3278E-07	1.639316443	0.432732842
4.32463E-07	1.638397812	0.434489887
4.32146E-07	1.637464648	0.436217769
4.3183E-07	1.636517677	0.43791773
4.31514E-07	1.635557488	0.439590948
4.31199E-07	1.634584547	0.441238529
4.30885E-07	1.633599213	0.442861504
4.30571E-07	1.632601754	0.444460825
4.30257E-07	1.631592363	0.446037365
4.29943E-07	1.630571166	0.447591918
4.29631E-07	1.629538238	0.449125202
4.29318E-07	1.628493614	0.450637858
4.29006E-07	1.627437292	0.452130458
4.28695E-07	1.626369248	0.453603506
4.28384E-07	1.62528944	0.455057439
4.28073E-07	1.624197812	0.456492638
4.27763E-07	1.623094304	0.457909425
4.27454E-07	1.621978853	0.459308073
4.27144E-07	1.620851399	0.460688807
4.26836E-07	1.619711884	0.462051808
4.26527E-07	1.618560261	0.463397217
4.26219E-07	1.617396489	0.464725141
4.25912E-07	1.616220541	0.466035654
4.25605E-07	1.615032402	0.467328801
4.25298E-07	1.613832068	0.468604602
4.24992E-07	1.612619553	0.469863054
4.24687E-07	1.611394882	0.471104134
4.24381E-07	1.610158097	0.472327801
4.24077E-07	1.608909255	0.473534002
4.23772E-07	1.607648426	0.474722666
4.23468E-07	1.606375697	0.475893716
4.23165E-07	1.605091168	0.477047063
4.22862E-07	1.603794953	0.478182611
4.22559E-07	1.602487181	0.479300261
4.22257E-07	1.601167992	0.480399905
4.21955E-07	1.599837542	0.481481436
4.21654E-07	1.598495996	0.482544742
4.21353E-07	1.597143531	0.483589711
4.21053E-07	1.595780337	0.484616232
4.20753E-07	1.594406613	0.485624194
4.20453E-07	1.593022569	0.486613488
4.2014E-07	1.591628422	0.487584005
4.19841E-07	1.5902244	0.488535643
4.19543E-07	1.588810738	0.4894683
4.19245E-07	1.58738768	0.490381878
4.18947E-07	1.585955476	0.491276287
4.1865E-07	1.584514382	0.492151436
4.18354E-07	1.583064661	0.493007245
4.18057E-07	1.581606582	0.493843633
4.17762E-07	1.580140417	0.494660531
4.17466E-07	1.578666444	0.495457871
4.17171E-07	1.577184946	0.496235593
4.16877E-07	1.575696208	0.496993642
4.16583E-07	1.574200518	0.497731971
4.16289E-07	1.57269817	0.498450536
4.15996E-07	1.571189456	0.499149304
4.15703E-07	1.569674673	0.499828245
4.1541E-07	1.568154119	0.500487335
4.15118E-07	1.566628093	0.501126559
4.14827E-07	1.565096897	0.501745907
4.14535E-07	1.563560829	0.502345375
4.14245E-07	1.562020193	0.502924967
4.13954E-07	1.56047529	0.503484692
4.13664E-07	1.55892642	0.504024565
4.13375E-07	1.557373886	0.504544609
4.13085E-07	1.555817987	0.505044851
4.12797E-07	1.554259023	0.505525326
4.12508E-07	1.552697292	0.505986074
4.1222E-07	1.551133091	0.506427141
4.11933E-07	1.549566715	0.506848579
4.11646E-07	1.547998458	0.507250446
4.11359E-07	1.546428611	0.507632806
4.11072E-07	1.544857464	0.507995726
4.10786E-07	1.543285304	0.508339281
4.10501E-07	1.541712416	0.508663551
4.10216E-07	1.540139082	0.508968621
4.09931E-07	1.538565581	0.509254579
4.09647E-07	1.53699219	0.509521522
4.09363E-07	1.535419182	0.509769547
4.09079E-07	1.533846828	0.50999876
4.08796E-07	1.532275394	0.510209269
4.08513E-07	1.530705144	0.510401187
4.0823E-07	1.52913634	0.510574632
4.07948E-07	1.527569237	0.510729724
4.07667E-07	1.526004088	0.510866589
4.07386E-07	1.524441145	0.510985358
4.07105E-07	1.522880651	0.511086162
4.06824E-07	1.521322849	0.511169139
4.06531E-07	1.519767977	0.511234429
4.06251E-07	1.51821627	0.511282176
4.05972E-07	1.516667957	0.511312526
4.05693E-07	1.515123264	0.511325631
4.05414E-07	1.513582414	0.511321642
4.05136E-07	1.512045624	0.511300717
4.04858E-07	1.510513108	0.511263013
4.04581E-07	1.508985075	0.511208692
4.04304E-07	1.507461732	0.511137918
4.04027E-07	1.505943279	0.511050857
4.03751E-07	1.504429913	0.510947678
4.03475E-07	1.502921826	0.510828552
4.032E-07	1.501419207	0.510693651
4.02924E-07	1.499922241	0.51054315
4.0265E-07	1.498431106	0.510377225
4.02375E-07	1.496945979	0.510196055
4.02101E-07	1.495467031	0.50999982
4.01828E-07	1.493994429	0.509788702
4.01554E-07	1.492528335	0.509562882
4.01282E-07	1.491068909	0.509322545
4.01009E-07	1.489616304	0.509067876
4.00737E-07	1.488170671	0.508799062
4.00465E-07	1.486732155	0.50851629
4.00194E-07	1.485300898	0.508219748
3.99923E-07	1.483877037	0.507909625
3.99652E-07	1.482460707	0.507586112
3.99382E-07	1.481052036	0.507249398
3.99112E-07	1.47965115	0.506899675
3.98842E-07	1.478258169	0.506537135
3.98573E-07	1.476873211	0.506161968
3.98304E-07	1.475496389	0.505774367
3.98036E-07	1.474127812	0.505374524
3.97767E-07	1.472767586	0.504962633
3.975E-07	1.471415811	0.504538885
3.97232E-07	1.470072585	0.504103473
3.96965E-07	1.468738002	0.503656589
3.96698E-07	1.467412152	0.503198427
3.96432E-07	1.46609512	0.502729177
3.96166E-07	1.46478699	0.502249031
3.95901E-07	1.463487841	0.501758182
3.95635E-07	1.462197747	0.501256819
3.9537E-07	1.46091678	0.500745134
3.95106E-07	1.459645008	0.500223317
3.94842E-07	1.458382496	0.499691556
3.94578E-07	1.457129306	0.499150041
3.94314E-07	1.455885495	0.49859896
3.94051E-07	1.454651117	0.498038499
3.93788E-07	1.453426224	0.497468845
3.93513E-07	1.452210864	0.496890185
3.93251E-07	1.451005081	0.496302701
3.9299E-07	1.449808918	0.495706579
3.92728E-07	1.448622413	0.495102001
3.92467E-07	1.447445602	0.494489148
3.92206E-07	1.446278516	0.493868201
3.91946E-07	1.445121187	0.49323934
3.91686E-07	1.443973639	0.492602742
3.91426E-07	1.442835898	0.491958584
3.91167E-07	1.441707984	0.491307043
3.90908E-07	1.440589916	0.490648294
3.9065E-07	1.439481709	0.489982508
3.90391E-07	1.438383376	0.489309858
3.90133E-07	1.437294928	0.488630515
3.89876E-07	1.436216372	0.487944647
3.89619E-07	1.435147715	0.487252423
3.89362E-07	1.434088958	0.486554008
3.89105E-07	1.433040102	0.485849567
3.88849E-07	1.432001147	0.485139263
3.88593E-07	1.430972086	0.484423259
3.88337E-07	1.429952915	0.483701714
3.88082E-07	1.428943624	0.482974786
3.87827E-07	1.427944202	0.482242634
3.87573E-07	1.426954638	0.481505411
3.87318E-07	1.425974916	0.480763273
3.87065E-07	1.42500502	0.48001637
3.86811E-07	1.42404493	0.479264854
3.86558E-07	1.423094625	0.478508873
3.86305E-07	1.422154084	0.477748575
3.86052E-07	1.421223282	0.476984105
3.858E-07	1.420302192	0.476215606
3.85548E-07	1.419390788	0.47544322
3.85297E-07	1.418489038	0.474667089
3.85045E-07	1.417596913	0.47388735
3.84794E-07	1.416714378	0.47310414
3.84544E-07	1.415841401	0.472317595
3.84294E-07	1.414977945	0.471527848
3.84044E-07	1.414123973	0.470735029
3.83794E-07	1.413279446	0.46993927
3.83545E-07	1.412444324	0.469140698
3.83296E-07	1.411618566	0.46833944
3.83047E-07	1.410802129	0.46753562
3.82799E-07	1.409994969	0.466729361
3.82551E-07	1.409197041	0.465920783
3.82303E-07	1.408408299	0.465110007
3.82056E-07	1.407628695	0.46429715
3.81809E-07	1.406858181	0.463482328
3.81562E-07	1.406096707	0.462665654
3.81304E-07	1.405344224	0.46184724
3.81058E-07	1.404600678	0.461027198
3.80812E-07	1.403866018	0.460205637
3.80567E-07	1.40314019	0.459382662
3.80321E-07	1.402423141	0.45855838
3.80077E-07	1.401714814	0.457732894
3.79832E-07	1.401015155	0.456906306
3.79588E-07	1.400324106	0.456078716
3.79344E-07	1.399641611	0.455250222
3.79101E-07	1.39896761	0.454420922
3.78857E-07	1.398302046	0.45359091
3.78614E-07	1.39764486	0.45276028
3.78372E-07	1.39699599	0.451929124
3.78129E-07	1.396355377	0.451097531
3.77887E-07	1.39572296	0.45026559
3.77646E-07	1.395098677	0.449433387
3.77404E-07	1.394482466	0.448601009
3.77163E-07	1.393874265	0.447768538
3.76923E-07	1.393274011	0.446936057
3.76682E-07	1.39268164	0.446103645
3.76442E-07	1.392097089	0.445271383
3.76202E-07	1.391520293	0.444439345
3.75963E-07	1.39095119	0.44360761
3.75723E-07	1.390389713	0.442776249
3.75484E-07	1.389835798	0.441945337
3.75246E-07	1.389289381	0.441114945
3.75008E-07	1.388750395	0.440285141
3.7477E-07	1.388218776	0.439455993
3.74532E-07	1.387694457	0.43862757
3.74294E-07	1.387177372	0.437799935
3.74057E-07	1.386667457	0.436973152
3.73821E-07	1.386164644	0.436147284
3.73584E-07	1.385668869	0.435322392
3.73348E-07	1.385180063	0.434498534
3.73112E-07	1.384698162	0.43367577
3.72876E-07	1.3842231	0.432854155
3.72641E-07	1.383754809	0.432033746
3.72406E-07	1.383293223	0.431214596
3.72171E-07	1.382838277	0.430396758
3.71937E-07	1.382389905	0.429580283
3.71703E-07	1.381948039	0.428765222
3.71469E-07	1.381512615	0.427951623
3.71235E-07	1.381083567	0.427139534
3.71002E-07	1.380660828	0.426329001
3.70769E-07	1.380244333	0.425520069
3.70536E-07	1.379834016	0.424712783
3.70304E-07	1.379429813	0.423907185
3.70061E-07	1.379031658	0.423103316
3.69829E-07	1.378639486	0.422301217
3.69598E-07	1.378253232	0.421500926
3.69366E-07	1.377872833	0.420702483
3.69136E-07	1.377498222	0.419905925
3.68905E-07	1.377129338	0.419111286
3.68675E-07	1.376766114	0.418318601
3.68445E-07	1.376408489	0.417527905
3.68215E-07	1.376056399	0.416739231
3.67985E-07	1.375709781	0.415952609
3.67756E-07	1.375368572	0.41516807
3.67527E-07	1.37503271	0.414385644
3.67299E-07	1.374702132	0.413605359
3.6707E-07	1.374376777	0.412827244
3.66842E-07	1.374056584	0.412051324
3.66614E-07	1.373741491	0.411277626
3.66387E-07	1.373431438	0.410506175
3.6616E-07	1.373126364	0.409736993
3.65933E-07	1.37282621	0.408970105
3.65706E-07	1.372530915	0.408205531
3.6548E-07	1.37224042	0.407443295
3.65254E-07	1.371954667	0.406683415
3.65028E-07	1.371673597	0.405925912
3.64802E-07	1.371397152	0.405170804
3.64577E-07	1.371125274	0.404418109
3.64352E-07	1.370857905	0.403667844
3.64128E-07	1.37059499	0.402920025
3.63903E-07	1.370336471	0.402174669
3.63679E-07	1.370082293	0.40143179
3.63455E-07	1.3698324	0.400691402
3.63232E-07	1.369586736	0.399953518
3.63008E-07	1.369345247	0.399218151
3.62785E-07	1.369107879	0.398485313
3.62562E-07	1.368874577	0.397755015
3.6234E-07	1.368645289	0.397027269
3.62118E-07	1.36841996	0.396302083
3.61896E-07	1.36819854	0.395579467
3.61674E-07	1.367980975	0.39485943
3.61453E-07	1.367767213	0.39414198
3.61232E-07	1.367557205	0.393427124
3.61011E-07	1.367350899	0.392714869
3.6079E-07	1.367148244	0.392005221
3.6057E-07	1.366949191	0.391298187
3.6035E-07	1.366753691	0.390593771
3.6013E-07	1.366561694	0.389891978
3.59911E-07	1.366373152	0.389192812
3.59691E-07	1.366188018	0.388496276
3.59472E-07	1.366006243	0.387802374
3.59243E-07	1.365827781	0.387111108
3.59025E-07	1.365652585	0.38642248
3.58807E-07	1.365480609	0.385736492
3.58589E-07	1.365311808	0.385053145
3.58371E-07	1.365146135	0.38437244
3.58154E-07	1.364983547	0.383694376
3.57937E-07	1.364823999	0.383018954
3.5772E-07	1.364667447	0.382346174
3.57503E-07	1.364513849	0.381676033
3.57287E-07	1.36436316	0.381008531
3.57071E-07	1.364215339	0.380343665
3.56855E-07	1.364070344	0.379681434
3.5664E-07	1.363928134	0.379021835
3.56424E-07	1.363788666	0.378364866
3.56209E-07	1.363651901	0.377710522
3.55994E-07	1.363517799	0.3770588
3.5578E-07	1.363386319	0.376409696
3.55566E-07	1.363257423	0.375763206
3.55352E-07	1.363131072	0.375119326
3.55138E-07	1.363007227	0.37447805
3.54925E-07	1.362885851	0.373839373
3.54711E-07	1.362766906	0.37320329
3.54498E-07	1.362650355	0.372569794
3.54286E-07	1.362536162	0.371938881
