8.85651E-07	1.932231087	0.030926733
8.84893E-07	1.932675669	0.03110735
8.84135E-07	1.933121086	0.031288361
8.83317E-07	1.933604942	0.031484873
8.82562E-07	1.934052815	0.031666637
8.81809E-07	1.934501575	0.031848755
8.80995E-07	1.934989407	0.032046408
8.80244E-07	1.935440655	0.0322292
8.79433E-07	1.93593105	0.032427564
8.78685E-07	1.936384979	0.032610977
8.77876E-07	1.936877952	0.032810006
8.77131E-07	1.937334677	0.032993999
8.76325E-07	1.937830609	0.033193642
8.75583E-07	1.938289992	0.033378194
8.7478E-07	1.938789124	0.03357842
8.73978E-07	1.939289729	0.033778952
8.73239E-07	1.939753665	0.033964308
8.72441E-07	1.940257583	0.03416541
8.71705E-07	1.940724519	0.034351299
8.70909E-07	1.941232015	0.034552974
8.70114E-07	1.941741186	0.034754966
8.69321E-07	1.942252601	0.03495726
8.68591E-07	1.94272608	0.035144298
8.678E-07	1.943241134	0.03534724
8.67012E-07	1.94375817	0.035550539
8.66224E-07	1.94427699	0.035754223
8.65438E-07	1.94479836	0.035958276
8.64654E-07	1.945321563	0.036162756
8.63871E-07	1.945846964	0.03636767
8.63089E-07	1.946374735	0.036573033
8.62369E-07	1.946863555	0.036763047
8.6159E-07	1.947395763	0.036969362
8.60812E-07	1.947930033	0.037176227
8.60036E-07	1.948466576	0.037383662
8.59202E-07	1.94904731	0.037607708
8.58429E-07	1.949588793	0.037816417
8.57657E-07	1.950132847	0.03802578
8.56886E-07	1.950679409	0.038235832
8.56117E-07	1.951228122	0.038446628
8.55349E-07	1.951779807	0.038658153
8.54583E-07	1.952333741	0.038870483
8.53759E-07	1.952933027	0.039100072
8.52996E-07	1.953492503	0.039314129
8.52234E-07	1.954054224	0.039529092
8.51473E-07	1.954618701	0.039744964
8.50655E-07	1.955229567	0.039978501
8.49897E-07	1.955799223	0.040196393
8.49141E-07	1.956371912	0.040415273
8.48327E-07	1.956991439	0.040652163
8.47573E-07	1.957569226	0.040873261
8.46763E-07	1.958194947	0.041112563
8.46012E-07	1.958778487	0.04133596
8.45205E-07	1.959409842	0.041577838
8.44457E-07	1.959999259	0.041803643
8.43652E-07	1.960636719	0.042048189
8.42907E-07	1.961231554	0.042276542
8.42105E-07	1.961875365	0.042523856
8.41362E-07	1.96247573	0.042754855
8.40564E-07	1.963125671	0.043005062
8.39767E-07	1.963778819	0.043256808
8.39028E-07	1.964387873	0.043491997
8.38234E-07	1.965047353	0.043746781
8.37442E-07	1.965709952	0.04400319
8.36651E-07	1.966375528	0.044261261
8.35917E-07	1.966996948	0.044502359
8.35129E-07	1.967669124	0.044763649
8.34343E-07	1.968344315	0.045026672
8.33557E-07	1.969023419	0.045291393
8.32774E-07	1.969705593	0.045557893
8.31991E-07	1.970390829	0.045826201
8.31211E-07	1.97108005	0.046096274
8.30431E-07	1.971772388	0.046368199
8.29653E-07	1.972467841	0.046642002
8.28877E-07	1.97316736	0.046917639
8.28102E-07	1.973870048	0.047195201
8.27329E-07	1.974575911	0.047474712
8.26556E-07	1.975285927	0.047756128
8.25786E-07	1.975999172	0.048039542
8.25017E-07	1.976715662	0.048324979
8.24249E-07	1.977436395	0.048612394
8.23428E-07	1.978212301	0.048922638
8.22663E-07	1.978939956	0.049214374
8.219E-07	1.979671824	0.049508175
8.21138E-07	1.980407204	0.049804122
8.20323E-07	1.981198982	0.050123627
8.19564E-07	1.981942257	0.05042407
8.18806E-07	1.982689274	0.050726736
8.17996E-07	1.983493614	0.051053539
8.17241E-07	1.984248594	0.051360897
8.16434E-07	1.985061914	0.05169277
8.15682E-07	1.985824805	0.052004969
8.14878E-07	1.986646694	0.052342101
8.14129E-07	1.987418285	0.052659233
8.13328E-07	1.988249157	0.053001762
8.12582E-07	1.98902872	0.053324044
8.11784E-07	1.989869097	0.053672106
8.10988E-07	1.990714009	0.054023133
8.10246E-07	1.991506622	0.054353483
8.09452E-07	1.99236122	0.054710318
8.0866E-07	1.99322061	0.055070254
8.0787E-07	1.994084725	0.055433351
8.07134E-07	1.99489595	0.055775111
8.06347E-07	1.995770284	0.056144403
8.05561E-07	1.996649502	0.056517021
8.04777E-07	1.997533721	0.056893018
8.03994E-07	1.998423894	0.057272385
8.03213E-07	1.999319122	0.05765526
8.02433E-07	2.000219458	0.058041708
8.01655E-07	2.001125568	0.058431749
8.00878E-07	2.002037361	0.058825464
8.00103E-07	2.002954447	0.059222958
7.9933E-07	2.003876971	0.0596243
7.98557E-07	2.004805913	0.060029494
7.97787E-07	2.00574034	0.060438697
7.97018E-07	2.006680309	0.060851989
7.96199E-07	2.007689778	0.061297385
7.95433E-07	2.008642623	0.061719304
7.94668E-07	2.009601222	0.062145578
7.93905E-07	2.010565635	0.062576301
7.93092E-07	2.011601939	0.063040663
7.92332E-07	2.012579855	0.063480787
7.91574E-07	2.01356381	0.063925662
7.90766E-07	2.014620387	0.064405529
7.9001E-07	2.015618336	0.064860464
7.89206E-07	2.016689754	0.065351334
7.88453E-07	2.017700819	0.065816904
7.87652E-07	2.018786902	0.066319351
7.86902E-07	2.019812656	0.066795979
7.86104E-07	2.020914097	0.06731055
7.85357E-07	2.021953624	0.067798886
7.84562E-07	2.023070687	0.068326202
7.83768E-07	2.02419617	0.068860334
7.82977E-07	2.025329689	0.0694015
7.82236E-07	2.026399637	0.069915407
7.81447E-07	2.027549566	0.070470702
7.8066E-07	2.028708311	0.071033568
7.79874E-07	2.029875485	0.071604251
7.7909E-07	2.031051181	0.072182969
7.78357E-07	2.032161718	0.072732978
7.77576E-07	2.033355314	0.073327833
7.76796E-07	2.034557731	0.073931409
7.76019E-07	2.035769058	0.074543957
7.75242E-07	2.036989875	0.075165706
7.74468E-07	2.038220545	0.075796907
7.73646E-07	2.039538241	0.076478285
7.72875E-07	2.040788075	0.077129983
7.72105E-07	2.042047305	0.077792077
7.71336E-07	2.043317283	0.078464801
7.70569E-07	2.044596835	0.079148564
7.69756E-07	2.045967	0.079887533
7.68992E-07	2.047266609	0.080595143
7.6823E-07	2.048576855	0.081314818
7.67422E-07	2.049980309	0.082093144
7.66663E-07	2.051311588	0.082838988
7.65905E-07	2.05265286	0.083598157
7.65101E-07	2.054089216	0.084419832
7.64347E-07	2.055452753	0.08520775
7.63547E-07	2.056912605	0.086061002
7.62795E-07	2.058297156	0.086879697
7.61998E-07	2.059779531	0.087766731
7.61203E-07	2.061273934	0.088672034
7.60456E-07	2.06269193	0.089541315
7.59664E-07	2.064209675	0.090483916
7.58874E-07	2.065738999	0.091446743
7.58132E-07	2.067188723	0.092372048
7.57344E-07	2.068740977	0.09337614
7.56559E-07	2.070305086	0.094402584
7.55775E-07	2.071880392	0.095452183
7.54993E-07	2.073466723	0.096525747
7.54212E-07	2.075063877	0.09762411
7.53433E-07	2.07667211	0.098748112
7.52656E-07	2.078291552	0.099898629
7.5188E-07	2.079921035	0.101076611
7.51105E-07	2.081560204	0.102282997
7.50333E-07	2.083208656	0.103518755
7.49562E-07	2.084866135	0.104784869
7.48792E-07	2.08653322	0.106082324
7.47979E-07	2.088306816	0.107491461
7.47213E-07	2.089989383	0.108856817
7.46448E-07	2.091678403	0.110256796
7.45685E-07	2.093373112	0.111692494
7.44879E-07	2.095173714	0.113252797
7.44119E-07	2.096879106	0.114765523
7.43316E-07	2.098687941	0.116409937
7.42559E-07	2.100398231	0.118004516
7.4176E-07	2.102209841	0.11973814
7.41006E-07	2.103919948	0.121419365
7.4021E-07	2.105729248	0.123247234
7.3946E-07	2.107434944	0.125019801
7.38667E-07	2.109234989	0.126946807
7.37876E-07	2.111027038	0.128926604
7.37086E-07	2.112808851	0.130960342
7.36342E-07	2.114479924	0.132931592
7.35556E-07	2.116235149	0.135073218
7.34771E-07	2.117973645	0.137271701
7.33988E-07	2.119691557	0.139527795
7.33207E-07	2.121385846	0.141842126
7.32428E-07	2.123053312	0.144215154
7.3165E-07	2.124690598	0.146647159
7.30874E-07	2.126294197	0.149138217
7.30099E-07	2.127860964	0.151688193
7.29326E-07	2.129387696	0.154296717
7.28555E-07	2.130869481	0.156963082
7.27785E-07	2.132302338	0.159686322
7.26974E-07	2.133757296	0.162621136
7.26208E-07	2.135076881	0.165456888
7.25443E-07	2.136335031	0.168344516
7.2468E-07	2.137527703	0.171281655
7.23876E-07	2.138712579	0.174432732
7.23116E-07	2.139759739	0.17746269
7.22316E-07	2.140780804	0.180704143
7.21559E-07	2.141664766	0.183811739
7.20763E-07	2.142505908	0.187125821
7.20009E-07	2.143212393	0.190292532
7.19216E-07	2.143859824	0.193657949
7.18424E-07	2.144403473	0.197040395
7.17676E-07	2.144821149	0.20025437
7.16887E-07	2.14515795	0.203650172
7.16101E-07	2.145385992	0.207041956
7.15316E-07	2.145504827	0.210422088
7.14533E-07	2.145514703	0.213782801
7.13751E-07	2.145416585	0.217116277
7.13012E-07	2.145225417	0.220242102
7.12234E-07	2.144922446	0.223500268
7.11458E-07	2.144518566	0.226708636
7.10642E-07	2.143988987	0.2300242
7.09869E-07	2.143391083	0.23310822
7.09098E-07	2.142707142	0.236121827
7.08329E-07	2.141941692	0.239058953
7.07561E-07	2.141100921	0.241914264
7.06754E-07	2.140141698	0.244826268
7.0599E-07	2.139167509	0.247499574
7.05227E-07	2.138139207	0.250078708
7.04425E-07	2.137006623	0.252688943
7.03666E-07	2.135890775	0.255067186
7.02868E-07	2.134682965	0.257462435
7.02112E-07	2.133511445	0.2596345
7.01318E-07	2.132261764	0.261812253
7.00565E-07	2.131065745	0.263778537
6.99774E-07	2.129806866	0.265742149
6.98985E-07	2.128554935	0.267598852
6.98198E-07	2.127317068	0.269351336
6.97452E-07	2.126160758	0.270922711
6.96668E-07	2.124969799	0.272481773
6.95886E-07	2.123811974	0.273947489
6.95106E-07	2.122692745	0.27532426
6.94328E-07	2.121617052	0.276616738
6.93551E-07	2.120589314	0.277829768
6.92776E-07	2.119613438	0.278968331
6.92003E-07	2.118692832	0.280037486
6.91231E-07	2.11783043	0.281042328
6.90423E-07	2.116990425	0.282033809
6.89655E-07	2.116254677	0.282922671
6.88889E-07	2.11558338	0.283762541
6.88086E-07	2.114949568	0.284597075
6.87323E-07	2.114414031	0.285351526
6.86562E-07	2.113945762	0.286071312
6.85765E-07	2.11352729	0.286794734
6.85007E-07	2.11319773	0.287456983
6.84213E-07	2.1129249	0.288129082
6.83422E-07	2.112726194	0.288781525
6.82669E-07	2.112604766	0.289388233
6.81881E-07	2.1125489	0.290014128
6.81094E-07	2.112564949	0.290632048
6.80309E-07	2.11265191	0.291245504
6.79564E-07	2.112798976	0.291828312
6.78783E-07	2.113021161	0.292442343
6.78003E-07	2.113310862	0.293061052
6.77226E-07	2.113666849	0.293687156
6.7645E-07	2.114087877	0.2943232
6.75639E-07	2.114598128	0.295003179
6.74867E-07	2.115148489	0.295666871
6.74096E-07	2.115760155	0.296347322
6.73328E-07	2.116431953	0.297046503
6.72561E-07	2.11716275	0.297766281
6.71759E-07	2.11799121	0.298544806
6.70996E-07	2.118839498	0.299312215
6.70198E-07	2.119788776	0.300144252
6.69438E-07	2.12075046	0.300966073
6.68644E-07	2.121816516	0.301858463
6.67888E-07	2.122887999	0.302741037
6.67097E-07	2.124067332	0.303700266
6.66308E-07	2.125303395	0.304696117
6.65557E-07	2.126535181	0.305682108
6.64772E-07	2.127880236	0.306754385
6.63989E-07	2.129280123	0.307868222
6.63208E-07	2.130734318	0.309025347
6.62429E-07	2.132242354	0.310227539
6.61651E-07	2.133803811	0.311476639
6.60875E-07	2.135418311	0.312774563
6.60101E-07	2.137085507	0.314123309
6.59329E-07	2.138805078	0.315524976
6.58559E-07	2.140576718	0.316981767
6.57755E-07	2.142483535	0.318565433
6.56988E-07	2.144360617	0.320142171
6.56224E-07	2.146288814	0.321781494
6.55426E-07	2.148357961	0.32356398
6.54664E-07	2.150391863	0.325343238
6.5387E-07	2.152572371	0.327281487
6.53113E-07	2.154707427	0.32921087
6.52323E-07	2.156991932	0.331312962
6.51534E-07	2.159328155	0.333504591
6.50782E-07	2.161610054	0.335688469
6.49997E-07	2.164044244	0.338068302
6.49215E-07	2.166526215	0.340551045
6.48434E-07	2.169054145	0.343141652
6.47655E-07	2.17162591	0.345845293
6.46878E-07	2.174239037	0.348667352
6.46103E-07	2.176890673	0.351613413
6.45329E-07	2.179580289	0.354700622
6.44558E-07	2.18230099	0.357925746
6.43755E-07	2.185168218	0.361444744
6.42987E-07	2.187937357	0.36496778
6.42221E-07	2.190722064	0.368646334
6.41424E-07	2.193637625	0.372656481
6.40661E-07	2.196433849	0.376671581
6.39868E-07	2.199345511	0.381044472
6.39109E-07	2.202120903	0.385421438
6.3832E-07	2.204988002	0.39020531
6.37532E-07	2.207814717	0.395200404
6.36779E-07	2.210474598	0.400186149
6.35995E-07	2.213184816	0.405603625
6.35213E-07	2.215814245	0.411242083
6.34433E-07	2.218347124	0.417104215
6.33655E-07	2.220766737	0.423191566
6.32879E-07	2.223047063	0.429517727
6.32105E-07	2.22516576	0.436082474
6.31332E-07	2.227111976	0.442867391
6.3053E-07	2.22893486	0.450163298
6.29761E-07	2.230468723	0.45737814
6.28995E-07	2.231769861	0.464790855
6.28198E-07	2.232858168	0.472708901
6.27435E-07	2.233590666	0.480506158
6.26642E-07	2.234038405	0.488790014
6.25883E-07	2.234153162	0.496875216
6.25095E-07	2.23392623	0.505413377
6.24308E-07	2.233333064	0.514043394
6.23554E-07	2.232399716	0.522389817
6.22771E-07	2.230995808	0.531120092
6.2199E-07	2.229196538	0.539845896
6.21211E-07	2.22699974	0.548534636
6.20434E-07	2.224406776	0.55715323
6.19659E-07	2.221422622	0.565668576
6.18886E-07	2.218015779	0.57403264
6.18084E-07	2.214067692	0.582539987
6.17315E-07	2.209918377	0.590512332
6.16547E-07	2.205439325	0.598251536
6.15751E-07	2.20045981	0.60602957
6.14988E-07	2.195345425	0.613182051
6.14196E-07	2.189762107	0.620294904
6.13436E-07	2.1841734	0.626810064
6.12648E-07	2.178164145	0.63323657
6.11862E-07	2.171979003	0.639279008
6.11108E-07	2.165895969	0.644706331
6.10326E-07	2.159477037	0.649982299
6.09546E-07	2.152996826	0.654889266
6.08768E-07	2.146485888	0.659432607
6.07992E-07	2.139973743	0.663571305
6.07218E-07	2.1334939	0.667364351
6.06416E-07	2.126825228	0.670957685
6.05646E-07	2.12048499	0.674099003
6.04878E-07	2.114259083	0.676905191
6.04082E-07	2.107925289	0.679524712
6.03318E-07	2.101966282	0.681788556
6.02527E-07	2.095938572	0.683889498
6.01766E-07	2.090322624	0.685663129
6.00979E-07	2.08467447	0.68730163
6.00194E-07	2.07921874	0.688755799
5.99439E-07	2.074161383	0.68999365
5.98658E-07	2.069130909	0.691123446
5.97878E-07	2.064304377	0.692132935
5.97101E-07	2.059682207	0.693040342
5.96326E-07	2.055285913	0.693855978
5.95524E-07	2.050948713	0.694631557
5.94753E-07	2.046966717	0.695331792
5.93984E-07	2.043188897	0.695999523
5.93216E-07	2.039617932	0.696651149
5.92423E-07	2.036106329	0.697326086
5.9166E-07	2.032899349	0.697988857
5.9087E-07	2.029778263	0.698709045
5.90083E-07	2.026827721	0.699469093
5.89326E-07	2.024138015	0.700250516
5.88542E-07	2.02151972	0.701133059
5.87761E-07	2.019048575	0.702090379
5.86982E-07	2.016712219	0.703129063
5.86205E-07	2.01451594	0.704273876
5.8543E-07	2.012436271	0.70552067
5.84657E-07	2.010460853	0.706873125
5.83859E-07	2.008523954	0.708412744
5.8309E-07	2.006738335	0.710023045
5.82324E-07	2.005024316	0.71175754
5.81532E-07	2.003317839	0.713716098
5.80769E-07	2.001718807	0.715742971
5.79981E-07	2.000101545	0.717991563
5.79196E-07	1.998509415	0.720413488
5.78412E-07	1.996930225	0.722986568
5.77658E-07	1.995402075	0.725632134
5.76878E-07	1.993801085	0.728539897
5.76101E-07	1.992173323	0.731602173
5.75326E-07	1.990492195	0.734843889
5.74526E-07	1.988691599	0.738363547
5.73755E-07	1.986874367	0.741927524
5.72986E-07	1.984956086	0.745659249
5.72193E-07	1.982868953	0.749668935
5.71429E-07	1.980712157	0.753706027
5.7064E-07	1.978339499	0.758024702
5.69879E-07	1.975891532	0.762330594
5.69094E-07	1.973165021	0.766920238
5.68312E-07	1.97025882	0.771618409
5.67532E-07	1.967112314	0.776428502
5.66754E-07	1.963752432	0.781320293
5.65977E-07	1.960139201	0.786282343
5.65204E-07	1.956267214	0.79129333
5.64432E-07	1.952137366	0.796330934
5.63636E-07	1.947553678	0.8015386
5.62869E-07	1.942854679	0.806558979
5.62078E-07	1.93765188	0.811684428
5.61315E-07	1.932345903	0.816571517
5.60528E-07	1.926527781	0.821493737
5.59769E-07	1.920616182	0.8261192
5.58987E-07	1.914199711	0.830706669
5.58207E-07	1.907496003	0.835072895
5.57429E-07	1.900519797	0.839178182
5.56653E-07	1.893291388	0.842985934
5.55879E-07	1.885848669	0.846474127
5.55083E-07	1.877964937	0.849690035
5.54314E-07	1.870185816	0.852429098
5.53522E-07	1.862047051	0.854821936
5.52757E-07	1.854114463	0.856731484
5.5197E-07	1.84592743	0.85824637
5.51209E-07	1.838053268	0.859303083
5.50426E-07	1.830044488	0.859952236
5.49645E-07	1.822208055	0.860202465
5.48867E-07	1.814602827	0.860067416
5.48091E-07	1.807272716	0.859600142
5.47316E-07	1.800256253	0.858846997
5.46544E-07	1.793589076	0.857863358
5.45751E-07	1.787083423	0.856677328
5.44983E-07	1.781167806	0.85541712
5.44194E-07	1.775424197	0.854077134
5.43431E-07	1.770237589	0.852796423
5.42646E-07	1.765196511	0.851545879
5.41863E-07	1.760481406	0.8504277
5.41083E-07	1.756009282	0.849466805
5.40305E-07	1.751750655	0.84870122
5.39529E-07	1.747647853	0.848146737
5.38756E-07	1.74364893	0.847802322
5.37984E-07	1.739710023	0.847685003
5.37192E-07	1.735664878	0.847765831
5.36425E-07	1.731710648	0.848045819
5.35637E-07	1.727575265	0.848501645
5.34875E-07	1.723475543	0.849086027
5.34091E-07	1.719135076	0.849808899
5.3331E-07	1.714673355	0.850617206
5.32532E-07	1.710065289	0.851487335
5.31755E-07	1.705318325	0.852386098
5.30981E-07	1.700433858	0.853289433
5.30209E-07	1.695402675	0.854168817
5.29417E-07	1.6900943	0.855031484
5.28649E-07	1.684813713	0.855806419
5.27862E-07	1.679260786	0.856519366
5.27076E-07	1.673609316	0.857139739
5.26316E-07	1.668031692	0.857635726
5.25535E-07	1.662216248	0.858029719
5.24757E-07	1.656342291	0.858306117
5.23981E-07	1.650419226	0.858449676
5.23207E-07	1.644462726	0.858463594
5.22413E-07	1.638314187	0.85834702
5.21644E-07	1.632325879	0.858099136
5.20855E-07	1.626167611	0.857709206
5.20091E-07	1.620190471	0.857208444
5.19306E-07	1.614062107	0.856566784
5.18525E-07	1.607963351	0.855796659
5.17745E-07	1.601899128	0.854912034
5.16968E-07	1.595875062	0.853917706
5.16193E-07	1.589900545	0.852809712
5.15421E-07	1.583976932	0.851601512
5.14651E-07	1.578106662	0.850300084
5.13862E-07	1.572133624	0.848867934
5.13075E-07	1.56622707	0.847342059
5.12312E-07	1.560541745	0.845778611
5.1153E-07	1.554762757	0.844095861
5.1075E-07	1.549051247	0.842339277
5.09973E-07	1.54341023	0.840511217
5.09198E-07	1.537835478	0.838620572
5.08426E-07	1.53232658	0.836671331
5.07635E-07	1.526737246	0.834611834
5.06867E-07	1.521364477	0.832551213
5.06081E-07	1.515912606	0.830384961
5.05297E-07	1.510526359	0.8281712
5.04537E-07	1.50534318	0.825972947
5.03758E-07	1.500082439	0.823673125
5.02981E-07	1.494885766	0.821331387
5.02187E-07	1.489613705	0.81888884
5.01415E-07	1.484535308	0.81647221
5.00646E-07	1.479512689	0.814020972
4.99859E-07	1.474414574	0.811470288
4.99094E-07	1.469501639	0.808951494
4.98312E-07	1.464513819	0.806332804
4.97532E-07	1.459578292	0.80368149
4.96755E-07	1.454693595	0.800998037
4.9598E-07	1.449858374	0.798282774
4.95188E-07	1.444949462	0.795464908
4.94418E-07	1.440210862	0.792685576
4.93631E-07	1.435399019	0.789801846
4.92865E-07	1.43075465	0.786957
4.92083E-07	1.426037109	0.784006031
4.91303E-07	1.421365719	0.781020926
4.90526E-07	1.416739973	0.778001292
4.89751E-07	1.412159505	0.774946698
4.88978E-07	1.407624094	0.771856686
4.88189E-07	1.403022085	0.768652078
4.87421E-07	1.398577851	0.765488858
4.86637E-07	1.394069622	0.762208165
4.85855E-07	1.389609309	0.758888238
4.85076E-07	1.385197379	0.755528646
4.84299E-07	1.380834428	0.752129012
4.83525E-07	1.376521483	0.748688716
4.82753E-07	1.372259246	0.745207618
4.81965E-07	1.367946195	0.741599516
4.81198E-07	1.363789161	0.738035748
4.80415E-07	1.359586111	0.734342872
4.79635E-07	1.355440548	0.730607233
4.78857E-07	1.351353789	0.726829071
4.78082E-07	1.347327202	0.723008748
4.77309E-07	1.343362201	0.719146748
4.7652E-07	1.33936789	0.71515044
4.75752E-07	1.335531952	0.711206097
4.74968E-07	1.331672814	0.70712719
4.74187E-07	1.327884377	0.703008034
4.73409E-07	1.324168678	0.698849469
4.72633E-07	1.320526859	0.694653155
4.7186E-07	1.31696031	0.690420641
4.71089E-07	1.313470457	0.686153536
4.70303E-07	1.309980418	0.681753092
4.69519E-07	1.306573408	0.677320286
4.68756E-07	1.303325243	0.672958995
4.67978E-07	1.300086164	0.668468448
4.67184E-07	1.296862948	0.663849225
4.66411E-07	1.29379993	0.659309032
4.6564E-07	1.290825333	0.654748004
4.64855E-07	1.28787506	0.650064583
4.64089E-07	1.285082228	0.64546899
4.63309E-07	1.282319942	0.640755427
4.62531E-07	1.279652232	0.636031478
4.61756E-07	1.277079293	0.631300113
4.60967E-07	1.274547085	0.626459098
4.60197E-07	1.272165699	0.621721954
4.59412E-07	1.269828731	0.616881416
4.58631E-07	1.267592506	0.612045237
4.57852E-07	1.265453741	0.607217479
4.57075E-07	1.26341169	0.602401359
4.56302E-07	1.261465459	0.597600073
4.55531E-07	1.259614002	0.592816797
4.54745E-07	1.257820961	0.587951058
4.53963E-07	1.256124671	0.583110701
4.53183E-07	1.25452276	0.578299126
4.52406E-07	1.2530135	0.573519537
4.51632E-07	1.251596567	0.568774917
4.5086E-07	1.250269792	0.564068435
4.50074E-07	1.249003982	0.559304523
4.49308E-07	1.247849513	0.554684698
4.48528E-07	1.246756329	0.550015314
4.4775E-07	1.24574666	0.545398244
4.46976E-07	1.244816043	0.540836514
4.46188E-07	1.24394473	0.536239764
4.45418E-07	1.243167196	0.531798378
4.44636E-07	1.242444517	0.52733015
4.43856E-07	1.241789565	0.522930948
4.43079E-07	1.241201736	0.518603338
4.42304E-07	1.240673085	0.514349727
4.41517E-07	1.240190172	0.510087889
4.40748E-07	1.239770294	0.505990442
4.39966E-07	1.239387817	0.501891964
4.39187E-07	1.239047405	0.497878599
4.3841E-07	1.238744394	0.493951782
4.37637E-07	1.23847029	0.490112432
4.3685E-07	1.23821678	0.48628727
4.36082E-07	1.237985372	0.482626457
4.35302E-07	1.237759984	0.478983369
4.34524E-07	1.237539881	0.475431563
4.33748E-07	1.237314914	0.471969486
4.32961E-07	1.237076683	0.468530362
4.32191E-07	1.236823292	0.465243483
4.31409E-07	1.236539972	0.461976965
4.3063E-07	1.236221971	0.458791699
4.29854E-07	1.235863449	0.455683036
4.29081E-07	1.235456516	0.452645197
4.28295E-07	1.234985864	0.449615365
4.27527E-07	1.234462848	0.446700644
4.26747E-07	1.233862305	0.443781036
4.2597E-07	1.233188545	0.440904326
4.25182E-07	1.232423611	0.438008156
4.2441E-07	1.231591747	0.435189722
4.23627E-07	1.23066173	0.432333072
4.22862E-07	1.229664922	0.429533188
4.2207E-07	1.228546194	0.426622252
4.21296E-07	1.227363246	0.423747724
4.20524E-07	1.226101001	0.420847728
4.19741E-07	1.224737301	0.417858245
4.18961E-07	1.223299237	0.414823552
4.18184E-07	1.221794767	0.411736735
4.1741E-07	1.220228466	0.408589793
4.16639E-07	1.218608653	0.405377446
4.15856E-07	1.216912396	0.402034717
4.15077E-07	1.21517609	0.398615011
4.143E-07	1.21340901	0.395116356
4.13526E-07	1.211619156	0.391537153
4.12742E-07	1.209781636	0.387810409
4.1196E-07	1.207936758	0.384000308
4.11181E-07	1.206092318	0.38010872
4.10406E-07	1.204254563	0.376137303
4.09633E-07	1.202429845	0.372089097
4.0885E-07	1.200592969	0.367895735
4.08069E-07	1.198780667	0.363631193
4.07292E-07	1.196997285	0.359300038
4.06517E-07	1.195246527	0.354907246
4.05746E-07	1.193531638	0.350458649
4.04964E-07	1.191826105	0.345881114
4.04185E-07	1.190161501	0.341256266
4.03409E-07	1.188538977	0.336589652
4.02637E-07	1.186959123	0.331886746
4.01854E-07	1.18539636	0.32707292
4.01074E-07	1.183877366	0.322232889
4.00297E-07	1.182401311	0.317371717
3.99523E-07	1.180967034	0.312494508
3.98739E-07	1.179550162	0.307524655
3.97959E-07	1.178173135	0.302548279
3.97181E-07	1.176833921	0.297570101
3.96407E-07	1.175530317	0.292594632
3.95635E-07	1.174259966	0.287626263
3.94854E-07	1.17300028	0.282588194
3.94076E-07	1.171769842	0.277565849
3.93301E-07	1.170566037	0.27256321
3.92517E-07	1.169367452	0.26750394
3.91736E-07	1.168190995	0.262472853
3.90958E-07	1.167034049	0.257473688
3.90183E-07	1.1658941	0.252510064
3.89411E-07	1.164768752	0.247585498
3.88629E-07	1.163638221	0.242626182
3.87851E-07	1.162518254	0.237714183
3.87077E-07	1.161406852	0.232852916
3.86293E-07	1.160284951	0.227971176
3.85524E-07	1.159185467	0.223222535
3.84735E-07	1.158055558	0.218389222
3.8396E-07	1.156945697	0.213695314
3.83189E-07	1.155837833	0.2090704
3.82409E-07	1.154714381	0.204448116
3.81632E-07	1.153592126	0.199903241
3.80847E-07	1.152454138	0.195371675
3.80077E-07	1.151334605	0.190991996
3.79298E-07	1.150200049	0.186635334
3.78522E-07	1.149068786	0.182370174
3.77738E-07	1.147925343	0.178137498
3.76957E-07	1.146788314	0.174003994
3.76179E-07	1.145659582	0.169972798
3.75405E-07	1.144541469	0.166046312
3.74634E-07	1.143436658	0.162224949
3.73854E-07	1.142332039	0.158456141
3.73078E-07	1.141247155	0.154799219
3.72294E-07	1.140170268	0.151204671
3.71513E-07	1.139120783	0.147724972
3.70736E-07	1.138102647	0.14436138
3.69962E-07	1.137120007	0.141114401
3.69179E-07	1.136163176	0.137937189
3.68401E-07	1.135251077	0.134877591
3.67625E-07	1.134387763	0.131933627
3.66853E-07	1.133576618	0.129101693
3.66073E-07	1.132812706	0.126344994
3.65297E-07	1.13211028	0.123698183
3.64513E-07	1.131465579	0.121125324
3.63743E-07	1.130899259	0.118692483
3.62966E-07	1.130398748	0.116328044
3.62181E-07	1.12997055	0.114032499
3.614E-07	1.129624085	0.111833404
3.60622E-07	1.129362029	0.109726367
3.59848E-07	1.129186026	0.107706071
3.59066E-07	1.12909675	0.105741586
3.58299E-07	1.12909826	0.103880561
3.57514E-07	1.129191626	0.102042519
3.56742E-07	1.129377511	0.100297711
3.55964E-07	1.12965812	0.098592416
3.55179E-07	1.130038164	0.096924724
3.54407E-07	1.130506524	0.095332457
