8.85714E-07	1.81019846	0.013623222
8.84386E-07	1.810590864	0.013707104
8.83062E-07	1.810984909	0.013791119
8.81742E-07	1.811380606	0.013875267
8.80426E-07	1.81177797	0.013959548
8.79114E-07	1.812177012	0.014043961
8.77806E-07	1.812577747	0.014128506
8.76502E-07	1.812980187	0.014213184
8.75201E-07	1.813384347	0.014297992
8.73905E-07	1.81379024	0.014382932
8.72612E-07	1.814197881	0.014468004
8.71323E-07	1.814607282	0.014553206
8.70038E-07	1.81501846	0.014638538
8.68757E-07	1.815431427	0.014724001
8.67479E-07	1.8158462	0.014809594
8.66205E-07	1.816262792	0.014895316
8.64935E-07	1.816681219	0.014981168
8.63669E-07	1.817101495	0.015067149
8.62406E-07	1.817523637	0.015153258
8.61147E-07	1.81794766	0.015239496
8.59892E-07	1.818373579	0.015325862
8.5864E-07	1.818801411	0.015412356
8.57392E-07	1.819231172	0.015498977
8.56148E-07	1.819662879	0.015585725
8.54907E-07	1.820096547	0.015672601
8.5367E-07	1.820532193	0.015759602
8.52436E-07	1.820969836	0.01584673
8.51206E-07	1.821409491	0.015933983
8.49979E-07	1.821851177	0.016021362
8.48756E-07	1.822294912	0.016108865
8.47537E-07	1.822740712	0.016196494
8.46321E-07	1.823188597	0.016284246
8.45108E-07	1.823638584	0.016372123
8.43899E-07	1.824090693	0.016460123
8.42694E-07	1.824544942	0.016548246
8.41492E-07	1.82500135	0.016636493
8.40293E-07	1.825459938	0.016724861
8.39098E-07	1.825920724	0.016813352
8.37906E-07	1.826383729	0.016901964
8.36717E-07	1.826848972	0.016990698
8.35532E-07	1.827316475	0.017079552
8.3435E-07	1.827786258	0.017168528
8.33172E-07	1.828258342	0.017257623
8.31997E-07	1.828732749	0.017346838
8.30825E-07	1.829209499	0.017436172
8.29656E-07	1.829688616	0.017525626
8.28491E-07	1.830170121	0.017615198
8.27329E-07	1.830654038	0.017704889
8.2617E-07	1.831140388	0.017794697
8.25015E-07	1.831629195	0.017884623
8.23863E-07	1.832120484	0.017974666
8.22714E-07	1.832614276	0.018064827
8.21568E-07	1.833110598	0.018155103
8.20425E-07	1.833609473	0.018245496
8.19286E-07	1.834110927	0.018336005
8.18149E-07	1.834614984	0.018426629
8.17016E-07	1.835121671	0.018517368
8.15886E-07	1.835631013	0.018608222
8.14759E-07	1.836143037	0.018699191
8.13635E-07	1.83665777	0.018790274
8.12515E-07	1.837175239	0.018881471
8.11397E-07	1.837695472	0.018972782
8.10283E-07	1.838218497	0.019064206
8.09171E-07	1.838744342	0.019155743
8.08063E-07	1.839273037	0.019247394
8.06957E-07	1.83980461	0.019339157
8.05855E-07	1.840339092	0.019431033
8.04755E-07	1.840876512	0.019523022
8.03659E-07	1.841416902	0.019615122
8.02566E-07	1.841960293	0.019707335
8.01475E-07	1.842506716	0.019799661
8.00388E-07	1.843056205	0.019892098
7.99303E-07	1.84360879	0.019984647
7.98222E-07	1.844164507	0.020077309
7.97143E-07	1.844723388	0.020170082
7.96067E-07	1.845285468	0.020262967
7.94994E-07	1.845850782	0.020355965
7.93924E-07	1.846419365	0.020449075
7.92857E-07	1.846991254	0.020542297
7.91793E-07	1.847566485	0.020635632
7.90732E-07	1.848145094	0.020729081
7.89673E-07	1.848727121	0.020822642
7.88617E-07	1.849312603	0.020916317
7.87564E-07	1.84990158	0.021010106
7.86514E-07	1.850494092	0.021104009
7.85467E-07	1.851090178	0.021198028
7.84422E-07	1.85168988	0.021292162
7.83381E-07	1.85229324	0.021386412
7.82342E-07	1.8529003	0.021480779
7.81306E-07	1.853511104	0.021575264
7.80272E-07	1.854125695	0.021669868
7.79241E-07	1.854744119	0.021764591
7.78213E-07	1.855366421	0.021859434
7.77188E-07	1.855992647	0.0219544
7.76165E-07	1.856622844	0.022049488
7.75145E-07	1.857257061	0.022144701
7.74128E-07	1.857895346	0.022240039
7.73114E-07	1.858537749	0.022335504
7.72102E-07	1.859184322	0.022431099
7.71092E-07	1.859835114	0.022526824
7.70086E-07	1.860490179	0.022622681
7.69082E-07	1.86114957	0.022718673
7.6808E-07	1.861813342	0.022814802
7.67082E-07	1.862481551	0.022911069
7.66085E-07	1.863154251	0.023007478
7.65092E-07	1.863831502	0.023104032
7.64101E-07	1.864513361	0.023200732
7.63112E-07	1.865199889	0.023297583
7.62126E-07	1.865891146	0.023394586
7.61143E-07	1.866587194	0.023491746
7.60162E-07	1.867288096	0.023589066
7.59184E-07	1.867993917	0.02368655
7.58208E-07	1.868704722	0.023784202
7.57235E-07	1.869420579	0.023882027
7.56264E-07	1.870141555	0.023980028
7.55295E-07	1.87086772	0.024078211
7.5433E-07	1.871599145	0.02417658
7.53366E-07	1.872335902	0.024275142
7.52405E-07	1.873078065	0.024373901
7.51447E-07	1.873825709	0.024472864
7.50491E-07	1.874578912	0.024572038
7.49537E-07	1.875337751	0.024671428
7.48586E-07	1.876102306	0.024771042
7.47637E-07	1.876872659	0.024870888
7.46691E-07	1.877648894	0.024970973
7.45747E-07	1.878431094	0.025071305
7.44805E-07	1.879219347	0.025171894
7.43866E-07	1.880013742	0.025272749
7.42929E-07	1.880814368	0.025373879
7.41995E-07	1.881621319	0.025475296
7.41062E-07	1.882434688	0.025577008
7.40133E-07	1.883254572	0.025679029
7.39205E-07	1.884081068	0.02578137
7.3828E-07	1.884914279	0.025884044
7.37357E-07	1.885754305	0.025987064
7.36437E-07	1.886601253	0.026090444
7.35518E-07	1.887455229	0.026194199
7.34602E-07	1.888316343	0.026298345
7.33689E-07	1.889184707	0.026402897
7.32777E-07	1.890060436	0.026507874
7.31868E-07	1.890943645	0.026613294
7.30961E-07	1.891834457	0.026719175
7.30057E-07	1.892732991	0.026825537
7.29154E-07	1.893639375	0.026932402
7.28254E-07	1.894553735	0.027039793
7.27356E-07	1.895476204	0.027147731
7.2646E-07	1.896406914	0.027256243
7.25567E-07	1.897346003	0.027365354
7.24675E-07	1.898293611	0.027475091
7.23786E-07	1.899249882	0.027585483
7.22899E-07	1.900214963	0.027696559
7.22014E-07	1.901189004	0.027808353
7.21132E-07	1.902172159	0.027920897
7.20251E-07	1.903164586	0.028034226
7.19373E-07	1.904166446	0.028148377
7.18497E-07	1.905177905	0.028263388
7.17623E-07	1.906199132	0.028379302
7.16751E-07	1.9072303	0.02849616
7.15881E-07	1.908271588	0.028614008
7.15013E-07	1.909323177	0.028732893
7.14147E-07	1.910385253	0.028852865
7.13284E-07	1.911458008	0.028973977
7.12422E-07	1.912541637	0.029096284
7.11563E-07	1.913636342	0.029219845
7.10706E-07	1.914742328	0.02934472
7.0985E-07	1.915859806	0.029470974
7.08997E-07	1.916988992	0.029598675
7.08146E-07	1.918130107	0.029727895
7.07297E-07	1.91928338	0.029858707
7.0645E-07	1.920449042	0.029991191
7.05605E-07	1.921627334	0.030125432
7.04762E-07	1.922818499	0.030261515
7.03921E-07	1.92402279	0.030399533
7.03082E-07	1.925240464	0.030539584
7.02245E-07	1.926471785	0.030681769
7.0141E-07	1.927717026	0.030826196
7.00577E-07	1.928976463	0.030972979
6.99746E-07	1.930250383	0.031122237
6.98917E-07	1.931539078	0.031274096
6.9809E-07	1.932842848	0.031428688
6.97264E-07	1.934162003	0.031586153
6.96441E-07	1.935496858	0.031746638
6.9562E-07	1.936847737	0.031910298
6.94801E-07	1.938214974	0.032077297
6.93983E-07	1.939598909	0.032247806
6.93168E-07	1.940999894	0.032422008
6.92354E-07	1.942418287	0.032600094
6.91542E-07	1.943854456	0.032782265
6.90733E-07	1.945308781	0.032968736
6.89925E-07	1.946781648	0.03315973
6.89119E-07	1.948273456	0.033355484
6.88315E-07	1.949784611	0.033556248
6.87512E-07	1.951315533	0.033762286
6.86712E-07	1.952866648	0.033973876
6.85914E-07	1.954438398	0.034191312
6.85117E-07	1.95603123	0.034414904
6.84322E-07	1.957645607	0.034644979
6.83529E-07	1.959282	0.034881883
6.82738E-07	1.960940893	0.035125979
6.81949E-07	1.962622779	0.035377654
6.81161E-07	1.964328167	0.035637313
6.80376E-07	1.966057572	0.035905388
6.79592E-07	1.967811524	0.03618233
6.7881E-07	1.969590563	0.03646862
6.7803E-07	1.971395243	0.036764764
6.77251E-07	1.973226125	0.037071297
6.76474E-07	1.975083785	0.037388783
6.757E-07	1.976968809	0.037717822
6.74926E-07	1.978881792	0.038059043
6.74155E-07	1.98082334	0.038413114
6.73386E-07	1.982794072	0.03878074
6.72618E-07	1.984794612	0.039162666
6.71852E-07	1.986825595	0.039559679
6.71087E-07	1.988887664	0.039972612
6.70325E-07	1.990981467	0.040402344
6.69564E-07	1.993107661	0.040849805
6.68805E-07	1.995266906	0.041315977
6.68047E-07	1.997459865	0.041801899
6.67292E-07	1.999687203	0.042308667
6.66538E-07	2.001949586	0.042837441
6.65785E-07	2.004247677	0.043389444
6.65035E-07	2.006582134	0.043965969
6.64286E-07	2.008953609	0.044568382
6.63538E-07	2.011362742	0.045198124
6.62793E-07	2.013810161	0.045856717
6.62049E-07	2.016296475	0.046545766
6.61307E-07	2.018822274	0.047266965
6.60566E-07	2.021388119	0.048022098
6.59827E-07	2.023994541	0.048813047
6.5909E-07	2.026642032	0.049641795
6.58355E-07	2.029331042	0.050510428
6.57621E-07	2.032061969	0.051421141
6.56888E-07	2.034835153	0.052376245
6.56158E-07	2.037650864	0.053378162
6.55429E-07	2.040509298	0.054429441
6.54701E-07	2.043410563	0.055532751
6.53975E-07	2.046354666	0.056690888
6.53251E-07	2.049341505	0.057906781
6.52528E-07	2.052370852	0.059183487
6.51807E-07	2.055442342	0.060524199
6.51088E-07	2.058555451	0.061932242
6.5037E-07	2.061709487	0.063411073
6.49654E-07	2.064903565	0.064964284
6.48939E-07	2.068136591	0.06659559
6.48226E-07	2.071407242	0.068308833
6.47515E-07	2.07471394	0.070107968
6.46805E-07	2.078054835	0.071997061
6.46096E-07	2.081427774	0.073980271
6.45389E-07	2.084830284	0.076061839
6.44684E-07	2.088259539	0.07824607
6.4398E-07	2.09171234	0.080537314
6.43278E-07	2.095185084	0.082939937
6.42577E-07	2.098673742	0.085458297
6.41878E-07	2.102173831	0.088096706
6.4118E-07	2.105680393	0.090859396
6.40484E-07	2.109187971	0.093750474
6.39789E-07	2.112690589	0.096773873
6.39096E-07	2.11618174	0.099933299
6.38404E-07	2.119654371	0.10323217
6.37714E-07	2.123100881	0.106673554
6.37026E-07	2.126513118	0.110260097
6.36338E-07	2.12988239	0.113993951
6.35653E-07	2.133199483	0.117876693
6.34968E-07	2.13645469	0.121909248
6.34286E-07	2.139637848	0.126091801
6.33604E-07	2.142738389	0.130423719
6.32925E-07	2.145745411	0.134903465
6.32246E-07	2.148647752	0.139528524
6.31569E-07	2.151434084	0.144295328
6.30894E-07	2.154093023	0.149199194
6.3022E-07	2.156613252	0.154234273
6.29547E-07	2.158983651	0.159393506
6.28876E-07	2.161193446	0.164668611
6.28206E-07	2.163232366	0.170050074
6.27538E-07	2.165090801	0.175527173
6.26871E-07	2.166759965	0.181088019
6.26206E-07	2.168232064	0.186719629
6.25542E-07	2.169500449	0.192408016
6.24879E-07	2.170559765	0.198138312
6.24218E-07	2.171406083	0.203894913
6.23558E-07	2.172037014	0.209661644
6.22899E-07	2.172451799	0.215421948
6.22242E-07	2.172651371	0.221159086
6.21587E-07	2.172638386	0.22685635
6.20932E-07	2.172417224	0.23249728
6.20279E-07	2.171993958	0.238065884
6.19628E-07	2.171376288	0.243546844
6.18978E-07	2.170573443	0.248925719
6.18329E-07	2.169596058	0.254189127
6.17681E-07	2.168456024	0.259324904
6.17035E-07	2.167166319	0.264322238
6.16391E-07	2.16574082	0.269171778
6.15747E-07	2.164194111	0.273865711
6.15105E-07	2.162541277	0.278397807
6.14464E-07	2.16079771	0.282763434
6.13825E-07	2.158978911	0.28695955
6.13187E-07	2.157100303	0.290984662
6.1255E-07	2.155177066	0.294838766
6.11915E-07	2.153223973	0.298523263
6.11281E-07	2.151255258	0.302040865
6.10648E-07	2.149284498	0.305395481
6.10016E-07	2.147324516	0.308592102
6.09386E-07	2.1453873	0.311636672
6.08757E-07	2.14348395	0.314535965
6.0813E-07	2.141624637	0.31729746
6.07503E-07	2.139818579	0.319929215
6.06878E-07	2.138074038	0.322439754
6.06255E-07	2.136398322	0.324837956
6.05632E-07	2.134797804	0.327132954
6.05011E-07	2.13327795	0.329334037
6.04391E-07	2.131843354	0.331450574
6.03772E-07	2.130497777	0.333491933
6.03155E-07	2.129244192	0.335467421
6.02539E-07	2.128084834	0.337386224
6.01924E-07	2.127021246	0.339257363
6.01311E-07	2.126054332	0.341089652
6.00698E-07	2.125184404	0.342891668
6.00087E-07	2.124411231	0.344671724
5.99477E-07	2.123734088	0.346437853
5.98869E-07	2.123151796	0.348197789
5.98261E-07	2.122662765	0.349958963
5.97655E-07	2.122265036	0.351728492
5.9705E-07	2.121956315	0.35351318
5.96447E-07	2.121734003	0.355319521
5.95844E-07	2.121595234	0.357153695
5.95243E-07	2.121536895	0.359021577
5.94643E-07	2.121555653	0.360928744
5.94044E-07	2.121647978	0.362880477
5.93446E-07	2.121810162	0.364881771
5.9285E-07	2.122038336	0.366937343
5.92255E-07	2.122328485	0.369051636
5.91661E-07	2.122676459	0.371228832
5.91068E-07	2.123077989	0.373472854
5.90476E-07	2.123528693	0.375787374
5.89886E-07	2.124024084	0.37817582
5.89296E-07	2.124559581	0.380641379
5.88708E-07	2.125130513	0.383187004
5.88121E-07	2.125732122	0.385815416
5.87536E-07	2.126359574	0.388529106
5.86951E-07	2.127007957	0.39133034
5.86368E-07	2.127672292	0.394221155
5.85785E-07	2.128347528	0.397203366
5.85204E-07	2.129028555	0.400278558
5.84624E-07	2.129710203	0.403448091
5.84045E-07	2.130387246	0.406713095
5.83468E-07	2.131054411	0.410074466
5.82891E-07	2.131706377	0.413532866
5.82316E-07	2.132337785	0.417088719
5.81741E-07	2.132943245	0.420742203
5.81168E-07	2.133517338	0.424493251
5.80596E-07	2.134054627	0.428341543
5.80025E-07	2.134549667	0.432286502
5.79456E-07	2.13499701	0.43632729
5.78887E-07	2.135391219	0.440462802
5.78319E-07	2.135726877	0.444691665
5.77753E-07	2.135998599	0.44901223
5.77188E-07	2.136201045	0.453422571
5.76623E-07	2.136328933	0.457920483
5.7606E-07	2.136377055	0.462503477
5.75498E-07	2.136340289	0.46716878
5.74937E-07	2.136213618	0.471913336
5.74378E-07	2.135992145	0.476733805
5.73819E-07	2.135671107	0.481626563
5.73261E-07	2.135245896	0.48658771
5.72705E-07	2.134712077	0.491613066
5.72149E-07	2.1340654	0.496698184
5.71595E-07	2.133301826	0.501838353
5.71041E-07	2.132417538	0.507028603
5.70489E-07	2.131408962	0.51226372
5.69938E-07	2.130272783	0.517538252
5.69388E-07	2.129005966	0.522846524
5.68839E-07	2.127605768	0.528182647
5.68291E-07	2.126069756	0.533540537
5.67744E-07	2.124395824	0.538913929
5.67198E-07	2.122582206	0.544296392
5.66653E-07	2.120627493	0.549681352
5.66109E-07	2.118530642	0.555062108
5.65566E-07	2.116290992	0.560431853
5.65025E-07	2.113908273	0.565783696
5.64484E-07	2.111382619	0.571110689
5.63944E-07	2.108714573	0.576405843
5.63406E-07	2.105905098	0.581662161
5.62868E-07	2.102955581	0.586872659
5.62331E-07	2.099867839	0.592030398
5.61796E-07	2.096644123	0.597128505
5.61261E-07	2.093287117	0.602160209
5.60728E-07	2.089799941	0.607118867
5.60195E-07	2.086186146	0.611997996
5.59664E-07	2.082449712	0.616791305
5.59133E-07	2.07859504	0.621492725
5.58604E-07	2.074626943	0.626096443
5.58075E-07	2.070550634	0.630596936
5.57548E-07	2.066371714	0.634989003
5.57021E-07	2.062096151	0.639267797
5.56496E-07	2.057730262	0.643428861
5.55971E-07	2.053280688	0.647468157
5.55448E-07	2.048754366	0.651382102
5.54925E-07	2.044158499	0.65516759
5.54404E-07	2.039500518	0.658822031
5.53883E-07	2.034788051	0.662343368
5.53364E-07	2.030028871	0.665730103
5.52845E-07	2.025230859	0.668981318
5.52327E-07	2.020401951	0.672096692
5.51811E-07	2.015550087	0.675076509
5.51295E-07	2.010683159	0.677921667
5.5078E-07	2.00580895	0.680633677
5.50267E-07	2.000935083	0.68321466
5.49754E-07	1.996068959	0.685667338
5.49242E-07	1.9912177	0.687995011
5.48731E-07	1.986388092	0.690201534
5.48221E-07	1.981586529	0.692291292
5.47712E-07	1.976818964	0.694269152
5.47204E-07	1.972090859	0.696140426
5.46697E-07	1.967407139	0.697910818
5.4619E-07	1.96277216	0.699586371
5.45685E-07	1.958189672	0.701173401
5.45181E-07	1.953662798	0.702678439
5.44677E-07	1.949194019	0.70410816
5.44175E-07	1.944785161	0.705469317
5.43673E-07	1.940437402	0.706768668
5.43173E-07	1.936151274	0.708012914
5.42673E-07	1.931926685	0.709208623
5.42174E-07	1.927762941	0.710362177
5.41677E-07	1.923658779	0.711479702
5.4118E-07	1.919612408	0.71256702
5.40684E-07	1.915621552	0.713629598
5.40188E-07	1.911683498	0.714672506
5.39694E-07	1.907795154	0.715700381
5.39201E-07	1.903953104	0.716717401
5.38708E-07	1.900153662	0.717727265
5.38217E-07	1.896392937	0.718733176
5.37726E-07	1.892666888	0.719737844
5.37237E-07	1.888971379	0.72074348
5.36748E-07	1.885302239	0.721751809
5.3626E-07	1.881655306	0.722764083
5.35773E-07	1.87802648	0.723781102
5.35286E-07	1.874411765	0.724803236
5.34801E-07	1.870807307	0.725830454
5.34317E-07	1.867209426	0.726862357
5.33833E-07	1.863614649	0.727898208
5.33351E-07	1.86001973	0.72893697
5.32869E-07	1.85642167	0.729977341
5.32388E-07	1.852817734	0.731017788
5.31908E-07	1.849205455	0.732056584
5.31429E-07	1.845582642	0.733091843
5.3095E-07	1.841947383	0.734121552
5.30473E-07	1.838298042	0.735143605
5.29996E-07	1.834633255	0.73615583
5.2952E-07	1.830951918	0.737156018
5.29045E-07	1.827253183	0.738141949
5.28571E-07	1.823536445	0.739111412
5.28098E-07	1.819801326	0.740062231
5.27626E-07	1.816047662	0.740992277
5.27154E-07	1.812275491	0.741899486
5.26684E-07	1.808485033	0.742781876
5.26214E-07	1.804676676	0.743637552
5.25745E-07	1.80085096	0.744464721
5.25277E-07	1.797008563	0.745261694
5.24809E-07	1.79315028	0.746026896
5.24343E-07	1.789277016	0.746758867
5.23877E-07	1.785389765	0.747456268
5.23412E-07	1.781489598	0.748117875
5.22948E-07	1.777577652	0.748742589
5.22485E-07	1.773655117	0.749329424
5.22023E-07	1.769723222	0.749877515
5.21561E-07	1.765783227	0.750386108
5.211E-07	1.761836414	0.750854559
5.20641E-07	1.757884075	0.751282333
5.20181E-07	1.753927506	0.751668994
5.19723E-07	1.749968	0.752014206
5.19266E-07	1.746006841	0.752317723
5.18809E-07	1.742045294	0.752579388
5.18353E-07	1.738084606	0.752799127
5.17898E-07	1.734125997	0.75297694
5.17444E-07	1.730170658	0.753112902
5.1699E-07	1.726219748	0.753207152
5.16537E-07	1.722274389	0.753259892
5.16085E-07	1.718335668	0.75327138
5.15634E-07	1.714404632	0.753241925
5.15184E-07	1.710482286	0.753171884
5.14734E-07	1.706569595	0.753061655
5.14286E-07	1.702667482	0.752911676
5.13838E-07	1.698776825	0.752722416
5.13391E-07	1.694898462	0.752494378
5.12944E-07	1.691033187	0.752228087
5.12498E-07	1.687181752	0.751924094
5.12054E-07	1.683344867	0.751582969
5.11609E-07	1.679523202	0.751205297
5.11166E-07	1.675717387	0.750791679
5.10724E-07	1.671928011	0.750342723
5.10282E-07	1.668155626	0.749859051
5.09841E-07	1.664400749	0.749341287
5.094E-07	1.660663858	0.74879006
5.08961E-07	1.656945398	0.748206001
5.08522E-07	1.65324578	0.747589744
5.08084E-07	1.649565386	0.746941917
5.07647E-07	1.645904562	0.74626315
5.0721E-07	1.642263631	0.745554067
5.06775E-07	1.638642883	0.744815286
5.0634E-07	1.635042584	0.744047419
5.05905E-07	1.631462975	0.743251073
5.05472E-07	1.627904271	0.742426845
5.05039E-07	1.624366666	0.741575324
5.04607E-07	1.620850333	0.740697089
5.04176E-07	1.617355422	0.73979271
5.03745E-07	1.613882068	0.738862745
5.03315E-07	1.610430385	0.737907745
5.02886E-07	1.607000471	0.736928246
5.02458E-07	1.603592409	0.735924774
5.0203E-07	1.600206266	0.734897845
5.01603E-07	1.596842096	0.733847961
5.01177E-07	1.593499942	0.732775615
5.00752E-07	1.590179832	0.731681286
5.00327E-07	1.586881785	0.730565443
4.99903E-07	1.58360581	0.729428542
4.9948E-07	1.580351906	0.728271028
4.99057E-07	1.577120063	0.727093334
4.98635E-07	1.573910264	0.725895884
4.98214E-07	1.570722484	0.724679088
4.97794E-07	1.567556693	0.723443346
4.97374E-07	1.564412854	0.722189047
4.96955E-07	1.561290924	0.720916569
4.96537E-07	1.558190857	0.719626281
4.96119E-07	1.555112601	0.718318541
4.95702E-07	1.5520561	0.716993696
4.95286E-07	1.549021297	0.715652085
4.94871E-07	1.54600813	0.714294037
4.94456E-07	1.543016534	0.71291987
4.94042E-07	1.540046444	0.711529897
4.93628E-07	1.537097791	0.710124418
4.93215E-07	1.534170506	0.708703728
4.92803E-07	1.531264519	0.707268111
4.92392E-07	1.528379757	0.705817845
4.91981E-07	1.525516149	0.704353201
4.91571E-07	1.522673621	0.702874439
4.91162E-07	1.5198521	0.701381817
4.90754E-07	1.517051514	0.699875581
4.90346E-07	1.51427179	0.698355975
4.89938E-07	1.511512856	0.696823233
4.89532E-07	1.50877464	0.695277585
4.89126E-07	1.506057071	0.693719254
4.88721E-07	1.503360078	0.692148458
4.88316E-07	1.500683592	0.690565408
4.87912E-07	1.498027546	0.688970314
4.87509E-07	1.495391873	0.687363375
4.87106E-07	1.492776506	0.68574479
4.86704E-07	1.490181381	0.684114751
4.86303E-07	1.487606436	0.682473447
4.85903E-07	1.485051609	0.680821062
4.85503E-07	1.482516841	0.679157775
4.85103E-07	1.480002074	0.677483764
4.84705E-07	1.477507251	0.675799201
4.84307E-07	1.475032318	0.674104256
4.8391E-07	1.472577221	0.672399095
4.83513E-07	1.470141911	0.67068388
4.83117E-07	1.467726338	0.668958773
4.82722E-07	1.465330455	0.66722393
4.82327E-07	1.462954217	0.665479508
4.81933E-07	1.460597581	0.663725658
4.81539E-07	1.458260505	0.66196253
4.81147E-07	1.45594295	0.660190274
4.80754E-07	1.453644878	0.658409035
4.80363E-07	1.451366254	0.656618959
4.79972E-07	1.449107045	0.654820188
4.79582E-07	1.44686722	0.653012864
4.79192E-07	1.444646748	0.651197128
4.78803E-07	1.442445602	0.649373118
4.78415E-07	1.440263757	0.647540973
4.78027E-07	1.438101188	0.645700831
4.7764E-07	1.435957874	0.643852827
4.77254E-07	1.433833795	0.641997097
4.76868E-07	1.431728933	0.640133778
4.76483E-07	1.429643272	0.638263005
4.76098E-07	1.427576796	0.636384911
4.75714E-07	1.425529492	0.634499633
4.75331E-07	1.423501351	0.632607306
4.74948E-07	1.421492361	0.630708064
4.74566E-07	1.419502516	0.628802044
4.74185E-07	1.417531807	0.626889381
4.73804E-07	1.415580231	0.624970212
4.73424E-07	1.413647783	0.623044674
4.73044E-07	1.411734462	0.621112905
4.72665E-07	1.409840264	0.619175045
4.72286E-07	1.407965192	0.617231234
4.71909E-07	1.406109245	0.615281613
4.71531E-07	1.404272425	0.613326324
4.71155E-07	1.402454734	0.611365512
4.70779E-07	1.400656178	0.609399323
4.70403E-07	1.398876758	0.607427902
4.70028E-07	1.397116481	0.605451399
4.69654E-07	1.39537535	0.603469965
4.69281E-07	1.393653372	0.601483752
4.68908E-07	1.39195055	0.599492914
4.68535E-07	1.390266892	0.597497607
4.68163E-07	1.388602402	0.59549799
4.67792E-07	1.386957085	0.593494224
4.67421E-07	1.385330945	0.591486471
4.67051E-07	1.383723987	0.589474897
4.66682E-07	1.382136214	0.587459668
4.66313E-07	1.380567627	0.585440955
4.65944E-07	1.379018229	0.583418929
4.65577E-07	1.377488019	0.581393764
4.6521E-07	1.375976996	0.579365639
4.64843E-07	1.374485157	0.577334731
4.64477E-07	1.373012496	0.575301223
4.64111E-07	1.371559008	0.573265299
4.63747E-07	1.370124684	0.571227145
4.63382E-07	1.368709512	0.569186949
4.63019E-07	1.367313479	0.567144903
4.62655E-07	1.365936568	0.5651012
4.62293E-07	1.364578761	0.563056035
4.61931E-07	1.363240036	0.561009606
4.61569E-07	1.361920366	0.558962113
4.61209E-07	1.360619724	0.556913756
4.60848E-07	1.359338077	0.554864739
4.60488E-07	1.358075389	0.552815267
4.60129E-07	1.356831621	0.550765546
4.59771E-07	1.355606727	0.548715785
4.59413E-07	1.354400662	0.546666192
4.59055E-07	1.353213371	0.544616977
4.58698E-07	1.352044799	0.542568352
4.58342E-07	1.350894883	0.540520529
4.57986E-07	1.349763557	0.53847372
4.5763E-07	1.348650751	0.536428138
4.57276E-07	1.347556388	0.534383997
4.56922E-07	1.346480387	0.532341509
4.56568E-07	1.345422663	0.530300887
4.56215E-07	1.344383123	0.528262344
4.55862E-07	1.343361671	0.526226091
4.5551E-07	1.342358205	0.524192338
4.55159E-07	1.341372617	0.522161296
4.54808E-07	1.340404796	0.520133171
4.54457E-07	1.339454622	0.518108171
4.54108E-07	1.338521973	0.516086499
4.53758E-07	1.33760672	0.514068357
4.53409E-07	1.336708728	0.512053946
4.53061E-07	1.335827858	0.510043461
4.52714E-07	1.334963967	0.508037097
4.52366E-07	1.334116903	0.506035044
4.5202E-07	1.333286513	0.50403749
4.51674E-07	1.332472637	0.502044616
4.51328E-07	1.331675111	0.500056604
4.50983E-07	1.330893766	0.498073627
4.50638E-07	1.330128428	0.496095856
4.50294E-07	1.32937892	0.494123457
4.49951E-07	1.32864506	0.492156592
4.49608E-07	1.327926662	0.490195415
4.49266E-07	1.327223537	0.488240077
4.48924E-07	1.326535491	0.486290723
4.48582E-07	1.32586233	0.484347493
4.48241E-07	1.325203853	0.48241052
4.47901E-07	1.324559858	0.480479931
4.47561E-07	1.323930142	0.478555848
4.47222E-07	1.323314497	0.476638386
4.46883E-07	1.322712715	0.474727653
4.46545E-07	1.322124585	0.472823753
4.46207E-07	1.321549897	0.47092678
4.4587E-07	1.320988436	0.469036825
4.45533E-07	1.320439991	0.467153969
4.45197E-07	1.319904345	0.465278289
4.44861E-07	1.319381287	0.463409855
4.44526E-07	1.3188706	0.461548729
4.44191E-07	1.318372073	0.459694968
4.43857E-07	1.317885491	0.457848621
4.43523E-07	1.317410643	0.456009733
4.4319E-07	1.316947318	0.454178338
4.42857E-07	1.316495307	0.45235447
4.42525E-07	1.316054403	0.450538151
4.42193E-07	1.315624401	0.4487294
4.41862E-07	1.315205098	0.446928231
4.41531E-07	1.314796294	0.445134648
4.41201E-07	1.314397791	0.443348655
4.40871E-07	1.314009397	0.441570247
4.40542E-07	1.313630919	0.439799413
4.40213E-07	1.313262172	0.438036141
4.39885E-07	1.31290297	0.43628041
4.39557E-07	1.312553136	0.434532197
4.3923E-07	1.312212493	0.432791474
4.38903E-07	1.311880871	0.431058209
4.38577E-07	1.311558102	0.429332366
4.38251E-07	1.311244024	0.427613905
4.37926E-07	1.31093848	0.425902784
4.37601E-07	1.310641317	0.424198956
4.37276E-07	1.310352386	0.422502373
4.36952E-07	1.310071545	0.420812985
4.36629E-07	1.309798654	0.419130736
4.36306E-07	1.309533581	0.417455573
4.35984E-07	1.309276198	0.415787438
4.35662E-07	1.30902638	0.414126273
4.3534E-07	1.308784009	0.412472017
4.35019E-07	1.308548971	0.410824611
4.34698E-07	1.308321159	0.409183993
4.34378E-07	1.308100467	0.407550101
4.34059E-07	1.307886797	0.405922874
4.33739E-07	1.307680055	0.40430225
4.33421E-07	1.30748015	0.402688168
4.33103E-07	1.307286998	0.401080566
4.32785E-07	1.307100517	0.399479385
4.32468E-07	1.30692063	0.397884566
4.32151E-07	1.306747266	0.396296051
4.31834E-07	1.306580356	0.394713783
4.31518E-07	1.306419834	0.393137708
4.31203E-07	1.30626564	0.391567772
4.30888E-07	1.306117717	0.390003923
4.30574E-07	1.305976011	0.388446112
4.30259E-07	1.305840469	0.386894293
4.29946E-07	1.305711046	0.385348419
4.29633E-07	1.305587694	0.383808449
4.2932E-07	1.305470373	0.382274342
4.29008E-07	1.305359042	0.380746062
4.28696E-07	1.305253663	0.379223572
4.28385E-07	1.3051542	0.377706841
4.28074E-07	1.305060621	0.376195841
4.27763E-07	1.304972892	0.374690543
4.27453E-07	1.304890983	0.373190926
4.27144E-07	1.304814866	0.371696968
4.26835E-07	1.304744511	0.370208652
4.26526E-07	1.304679892	0.368725963
4.26218E-07	1.304620982	0.367248889
4.2591E-07	1.304567756	0.365777422
4.25603E-07	1.304520188	0.364311556
4.25296E-07	1.304478253	0.362851288
4.2499E-07	1.304441926	0.361396617
4.24684E-07	1.304411181	0.359947548
4.24378E-07	1.304385995	0.358504084
4.24073E-07	1.30436634	0.357066236
4.23768E-07	1.30435219	0.355634013
4.23464E-07	1.304343519	0.35420743
4.2316E-07	1.304340299	0.352786502
4.22857E-07	1.304342501	0.351371249
4.22554E-07	1.304350095	0.349961692
4.22252E-07	1.304363051	0.348557853
4.2195E-07	1.304381335	0.347159759
4.21648E-07	1.304404916	0.345767438
4.21347E-07	1.304433758	0.344380919
4.21046E-07	1.304467823	0.343000235
4.20746E-07	1.304507074	0.341625419
4.20446E-07	1.304551471	0.340256507
4.20147E-07	1.304600972	0.338893537
4.19847E-07	1.304655534	0.337536546
4.19549E-07	1.30471511	0.336185576
4.19251E-07	1.304779653	0.334840668
4.18953E-07	1.304849114	0.333501866
4.18656E-07	1.304923441	0.332169214
4.18359E-07	1.305002579	0.330842757
4.18062E-07	1.305086473	0.329522543
4.17766E-07	1.305175065	0.328208617
4.1747E-07	1.305268294	0.32690103
4.17175E-07	1.305366097	0.32559983
4.1688E-07	1.30546841	0.324305066
4.16586E-07	1.305575165	0.32301679
4.16292E-07	1.305686292	0.321735052
4.15998E-07	1.30580172	0.320459904
4.15705E-07	1.305921374	0.319191397
4.15412E-07	1.306045178	0.317929585
4.1512E-07	1.306173052	0.316674518
4.14828E-07	1.306304917	0.31542625
4.14537E-07	1.306440688	0.314184833
4.14246E-07	1.306580278	0.31295032
4.13955E-07	1.306723601	0.311722764
4.13665E-07	1.306870565	0.310502217
4.13375E-07	1.307021077	0.309288731
4.13085E-07	1.307175043	0.30808236
4.12796E-07	1.307332364	0.306883156
4.12507E-07	1.30749294	0.305691169
4.12219E-07	1.30765667	0.304506453
4.11931E-07	1.307823448	0.303329058
4.11644E-07	1.307993168	0.302159035
4.11357E-07	1.30816572	0.300996435
4.1107E-07	1.308340992	0.299841307
4.10784E-07	1.308518871	0.298693702
4.10498E-07	1.308699239	0.297553669
4.10213E-07	1.308881978	0.296421257
4.09928E-07	1.309066967	0.295296513
4.09643E-07	1.309254081	0.294179485
4.09359E-07	1.309443195	0.293070221
4.09075E-07	1.309634178	0.291968766
4.08791E-07	1.3098269	0.290875166
4.08508E-07	1.310021226	0.289789467
4.08225E-07	1.31021702	0.288711713
4.07943E-07	1.310414142	0.287641947
4.07661E-07	1.310612449	0.286580212
4.0738E-07	1.310811795	0.28552655
4.07098E-07	1.311012034	0.284481003
4.06818E-07	1.311213012	0.283443611
4.06537E-07	1.311414576	0.282414412
4.06257E-07	1.311616568	0.281393446
4.05978E-07	1.311818826	0.280380749
4.05699E-07	1.312021185	0.279376357
4.0542E-07	1.312223478	0.278380305
4.05141E-07	1.312425532	0.277392626
4.04863E-07	1.312627171	0.276413352
4.04586E-07	1.312828215	0.275442513
4.04308E-07	1.313028481	0.274480138
4.04031E-07	1.313227778	0.273526252
4.03755E-07	1.313425915	0.27258088
4.03479E-07	1.313622693	0.271644044
4.03203E-07	1.31381791	0.270715763
4.02927E-07	1.314011358	0.269796053
4.02652E-07	1.314202824	0.268884928
4.02378E-07	1.314392089	0.267982398
4.02103E-07	1.314578931	0.267088469
4.0183E-07	1.314763118	0.266203142
4.01556E-07	1.314944416	0.265326414
4.01283E-07	1.315122582	0.264458278
4.0101E-07	1.315297369	0.26359872
4.00738E-07	1.315468521	0.262747721
4.00466E-07	1.315635779	0.261905253
4.00194E-07	1.315798874	0.261071284
3.99923E-07	1.315957531	0.26024577
3.99652E-07	1.316111472	0.259428661
3.99381E-07	1.316260406	0.258619895
3.99111E-07	1.316404042	0.257819401
3.98841E-07	1.316542077	0.257027096
3.98571E-07	1.316674205	0.256242883
3.98302E-07	1.316800114	0.255466653
3.98034E-07	1.316919485	0.25469828
3.97765E-07	1.317031996	0.253937625
3.97497E-07	1.317137319	0.253184527
3.97229E-07	1.317235123	0.25243881
3.96962E-07	1.317325074	0.251700277
3.96695E-07	1.317406838	0.250968708
3.96429E-07	1.31748008	0.250243862
3.96162E-07	1.317544466	0.249525473
3.95896E-07	1.317599664	0.248813248
3.95631E-07	1.31764535	0.248106869
3.95366E-07	1.317681205	0.247405988
3.95101E-07	1.317706921	0.24671023
3.94836E-07	1.317722202	0.246019186
3.94572E-07	1.317726768	0.245332419
3.94309E-07	1.317720357	0.244649459
3.94045E-07	1.317702732	0.243969803
3.93782E-07	1.317673681	0.243292918
3.93519E-07	1.317633023	0.242618238
3.93257E-07	1.317580613	0.241945166
3.92995E-07	1.317516345	0.241273077
3.92733E-07	1.317440158	0.240601319
3.92472E-07	1.31735204	0.239929215
3.92211E-07	1.317252034	0.239256066
3.91951E-07	1.31714024	0.238581158
3.9169E-07	1.317016823	0.237903764
3.9143E-07	1.316882013	0.237223151
3.91171E-07	1.316736113	0.236538587
3.90912E-07	1.316579498	0.235849344
3.90653E-07	1.316412619	0.235154715
3.90394E-07	1.316236005	0.234454011
3.90136E-07	1.31605026	0.233746581
3.89878E-07	1.315856066	0.233031813
3.89621E-07	1.315654178	0.23230915
3.89364E-07	1.315445422	0.231578094
3.89107E-07	1.315230686	0.230838222
3.8885E-07	1.315010919	0.230089188
3.88594E-07	1.314787118	0.229330738
3.88338E-07	1.314560322	0.228562711
3.88083E-07	1.3143316	0.227785049
3.87828E-07	1.314102037	0.226997804
3.87573E-07	1.313872726	0.226201135
3.87318E-07	1.313644752	0.225395313
3.87064E-07	1.313419178	0.22458072
3.8681E-07	1.313197034	0.223757848
3.86557E-07	1.312979304	0.222927291
3.86304E-07	1.31276691	0.22208974
3.86051E-07	1.312560705	0.22124598
3.85798E-07	1.312361463	0.220396871
3.85546E-07	1.312169867	0.219543346
3.85294E-07	1.311986506	0.218686394
3.85043E-07	1.311811868	0.21782705
3.84792E-07	1.311646337	0.216966382
3.84541E-07	1.311490193	0.216105476
3.8429E-07	1.311343611	0.215245425
3.8404E-07	1.311206665	0.214387319
3.8379E-07	1.311079332	0.213532228
3.83541E-07	1.310961493	0.212681196
3.83292E-07	1.310852947	0.211835232
3.83043E-07	1.310753409	0.210995298
3.82794E-07	1.310662528	0.210162306
3.82546E-07	1.310579886	0.20933711
3.82298E-07	1.310505013	0.208520504
3.8205E-07	1.310437393	0.207713217
3.81803E-07	1.310376474	0.206915912
3.81556E-07	1.310321674	0.206129187
3.81309E-07	1.310272391	0.205353574
3.81063E-07	1.310228009	0.204589538
3.80817E-07	1.310187907	0.203837482
3.80571E-07	1.310151461	0.20309775
3.80326E-07	1.310118053	0.202370627
3.80081E-07	1.310087075	0.201656344
3.79836E-07	1.310057931	0.200955081
3.79592E-07	1.310030043	0.200266973
3.79348E-07	1.310002855	0.19959211
3.79104E-07	1.309975831	0.198930543
3.7886E-07	1.30994846	0.19828229
3.78617E-07	1.309920255	0.197647333
3.78374E-07	1.309890759	0.19702563
3.78132E-07	1.309859539	0.196417111
3.7789E-07	1.309826189	0.195821686
3.77648E-07	1.309790333	0.195239245
3.77406E-07	1.309751619	0.194669663
3.77165E-07	1.309709722	0.194112799
3.76924E-07	1.309664344	0.193568504
3.76683E-07	1.309615211	0.193036616
3.76443E-07	1.309562073	0.192516969
3.76203E-07	1.309504703	0.192009388
3.75963E-07	1.309442898	0.191513695
3.75723E-07	1.309376473	0.19102971
3.75484E-07	1.309305267	0.190557248
3.75245E-07	1.309229134	0.190096126
3.75007E-07	1.309147948	0.189646158
3.74769E-07	1.309061602	0.189207161
3.74531E-07	1.308970001	0.188778951
3.74293E-07	1.308873069	0.188361346
3.74056E-07	1.30877074	0.187954168
3.73819E-07	1.308662966	0.187557238
3.73582E-07	1.308549707	0.187170381
3.73345E-07	1.308430937	0.186793426
3.73109E-07	1.30830664	0.186426202
3.72873E-07	1.308176812	0.186068544
3.72638E-07	1.308041455	0.185720288
3.72403E-07	1.307900582	0.185381272
3.72168E-07	1.307754214	0.185051339
3.71933E-07	1.307602379	0.184730335
3.71699E-07	1.307445112	0.184418106
3.71465E-07	1.307282454	0.184114503
3.71231E-07	1.307114455	0.183819379
3.70997E-07	1.306941165	0.18353259
3.70764E-07	1.306762645	0.183253993
3.70531E-07	1.306578957	0.182983448
3.70299E-07	1.306390169	0.182720818
3.70066E-07	1.306196351	0.182465965
3.69834E-07	1.305997581	0.182218755
3.69603E-07	1.305793935	0.181979056
3.69371E-07	1.305585496	0.181746736
3.6914E-07	1.305372348	0.181521665
3.68909E-07	1.305154579	0.181303714
3.68679E-07	1.304932279	0.181092755
3.68448E-07	1.304705539	0.180888662
3.68218E-07	1.304474452	0.180691308
3.67989E-07	1.304239115	0.180500567
3.67759E-07	1.303999625	0.180316316
3.6753E-07	1.303756079	0.180138429
3.67301E-07	1.303508577	0.179966782
3.67073E-07	1.303257221	0.179801253
3.66844E-07	1.303002111	0.179641716
3.66616E-07	1.302743351	0.179488049
3.66389E-07	1.302481043	0.179340129
3.66161E-07	1.30221529	0.179197832
3.65934E-07	1.301946198	0.179061034
3.65707E-07	1.301673869	0.178929613
3.65481E-07	1.301398409	0.178803444
3.65254E-07	1.301119922	0.178682403
3.65028E-07	1.300838512	0.178566365
3.64803E-07	1.300554284	0.178455208
3.64577E-07	1.300267342	0.178348805
3.64352E-07	1.29997779	0.178247031
3.64127E-07	1.299685731	0.178149761
3.63902E-07	1.299391269	0.178056869
3.63678E-07	1.299094505	0.177968229
3.63454E-07	1.298795541	0.177883715
3.6323E-07	1.298494479	0.177803198
3.63007E-07	1.29819142	0.177726553
3.62783E-07	1.297886462	0.177653652
3.6256E-07	1.297579706	0.177584366
3.62338E-07	1.297271248	0.177518568
3.62115E-07	1.296961185	0.177456129
3.61893E-07	1.296649614	0.177396922
3.61671E-07	1.29633663	0.177340816
3.6145E-07	1.296022326	0.177287684
3.61228E-07	1.295706795	0.177237396
3.61007E-07	1.295390128	0.177189824
3.60786E-07	1.295072417	0.177144838
3.60566E-07	1.294753749	0.17710231
3.60346E-07	1.294434212	0.17706211
3.60126E-07	1.294113894	0.177024109
3.59906E-07	1.293792879	0.17698818
3.59686E-07	1.293471252	0.176954194
3.59467E-07	1.293149094	0.176922022
3.59248E-07	1.292826486	0.176891537
3.5903E-07	1.29250351	0.176862612
3.58811E-07	1.292180242	0.17683512
3.58593E-07	1.291856759	0.176808935
3.58375E-07	1.291533138	0.17678393
3.58158E-07	1.291209452	0.176759981
3.5794E-07	1.290885773	0.176736963
3.57723E-07	1.290562174	0.176714753
3.57506E-07	1.290238723	0.176693228
3.5729E-07	1.289915489	0.176672265
3.57074E-07	1.289592538	0.176651744
3.56858E-07	1.289269937	0.176631544
3.56642E-07	1.288947748	0.176611547
3.56426E-07	1.288626036	0.176591634
3.56211E-07	1.28830486	0.176571688
3.55996E-07	1.28798428	0.176551595
3.55781E-07	1.287664356	0.176531239
3.55567E-07	1.287345143	0.176510508
3.55353E-07	1.287026698	0.176489289
3.55139E-07	1.286709075	0.176467473
3.54925E-07	1.286392326	0.17644495
3.54712E-07	1.286076504	0.176421613
3.54499E-07	1.285761659	0.176397356
3.54286E-07	1.285447839	0.176372075
