8.85714E-07	2.052648428	0.070411873
8.84388E-07	2.053850374	0.070726069
8.83065E-07	2.055064316	0.071040528
8.81746E-07	2.056290507	0.071355285
8.80432E-07	2.057529201	0.071670374
8.79121E-07	2.058780665	0.071985836
8.77814E-07	2.060045168	0.07230171
8.76511E-07	2.061322987	0.072618044
8.75212E-07	2.062614408	0.072934885
8.73916E-07	2.063919723	0.073252285
8.72625E-07	2.06523923	0.0735703
8.71337E-07	2.066573238	0.073888991
8.70053E-07	2.067922061	0.074208421
8.68773E-07	2.069286022	0.074528659
8.67497E-07	2.070665455	0.074849779
8.66224E-07	2.072060698	0.075171859
8.64955E-07	2.073472101	0.075494983
8.6369E-07	2.074900022	0.075819239
8.62429E-07	2.076344828	0.076144724
8.61171E-07	2.077806898	0.076471537
8.59917E-07	2.079286617	0.076799787
8.58666E-07	2.080784382	0.077129588
8.57419E-07	2.0823006	0.077461063
8.56176E-07	2.08383569	0.077794339
8.54878E-07	2.08539008	0.078129556
8.53642E-07	2.086964208	0.078466857
8.52409E-07	2.088558528	0.078806399
8.51181E-07	2.0901735	0.079148344
8.49955E-07	2.091809599	0.079492868
8.48734E-07	2.093467313	0.079840154
8.47516E-07	2.095147141	0.080190397
8.46301E-07	2.096849594	0.080543804
8.4509E-07	2.098575199	0.080900594
8.43882E-07	2.100324493	0.081260999
8.42678E-07	2.102098028	0.081625264
8.41477E-07	2.103896372	0.081993648
8.40279E-07	2.105720104	0.082366426
8.39085E-07	2.107569819	0.082743887
8.37894E-07	2.109446127	0.083126339
8.36707E-07	2.111349654	0.083514104
8.35523E-07	2.113281039	0.083907527
8.34343E-07	2.115240939	0.084306967
8.33165E-07	2.117230025	0.084712808
8.31991E-07	2.119248985	0.085125453
8.30821E-07	2.121298524	0.085545328
8.29653E-07	2.123379364	0.085972882
8.28489E-07	2.125492241	0.086408591
8.27329E-07	2.127637911	0.086852955
8.26171E-07	2.129817147	0.087306503
8.25017E-07	2.132030737	0.087769792
8.23866E-07	2.134279489	0.088243412
8.22718E-07	2.136564228	0.088727981
8.21573E-07	2.138885794	0.089224155
8.20431E-07	2.141245049	0.089732623
8.19293E-07	2.143642869	0.090254113
8.18158E-07	2.14608015	0.09078939
8.17026E-07	2.148557803	0.091339263
8.15897E-07	2.151076757	0.091904583
8.14771E-07	2.153637959	0.092486245
8.13648E-07	2.156242372	0.093085196
8.12529E-07	2.158890973	0.093702429
8.11412E-07	2.161584758	0.094338993
8.10299E-07	2.164324736	0.094995991
8.09188E-07	2.167111931	0.095674583
8.08081E-07	2.169947379	0.096375991
8.06976E-07	2.17283213	0.097101503
8.05875E-07	2.175767245	0.09785247
8.04777E-07	2.178753795	0.098630316
8.03681E-07	2.18179286	0.099436539
8.02589E-07	2.184885526	0.100272711
8.015E-07	2.188032885	0.101140489
8.00413E-07	2.191236032	0.102041609
7.99278E-07	2.194496064	0.1029779
7.98198E-07	2.197814075	0.103951281
7.9712E-07	2.201191155	0.104963766
7.96045E-07	2.204628386	0.106017473
7.94974E-07	2.208126842	0.10711462
7.93905E-07	2.211687578	0.108257538
7.92839E-07	2.215311634	0.10944867
7.91776E-07	2.219000025	0.110690577
7.90715E-07	2.222753738	0.111985943
7.89658E-07	2.226573727	0.11333758
7.88603E-07	2.230460907	0.114748433
7.87552E-07	2.234416146	0.116221582
7.86503E-07	2.23844026	0.117760251
7.85456E-07	2.242534004	0.119367808
7.84413E-07	2.246698067	0.121047776
7.83372E-07	2.250933058	0.122803829
7.82334E-07	2.255239502	0.124639805
7.81299E-07	2.259617823	0.126559706
7.80267E-07	2.264068343	0.128567699
7.79237E-07	2.268591259	0.130668128
7.7821E-07	2.27318664	0.132865508
7.77186E-07	2.277854406	0.135164535
7.76164E-07	2.282594319	0.137570084
7.75145E-07	2.287405965	0.140087212
7.74129E-07	2.292288738	0.142721161
7.73116E-07	2.297241825	0.145477356
7.72105E-07	2.302264183	0.148361404
7.71096E-07	2.307354525	0.151379094
7.70091E-07	2.312511297	0.154536393
7.69088E-07	2.317732658	0.157839443
7.68087E-07	2.323016456	0.161294554
7.67089E-07	2.32836021	0.164908196
7.66094E-07	2.333761078	0.168686996
7.65101E-07	2.33921584	0.172637716
7.64111E-07	2.344720871	0.176767252
7.63124E-07	2.35027211	0.181082611
7.62139E-07	2.355865041	0.185590893
7.61156E-07	2.361494662	0.190299276
7.60177E-07	2.367155461	0.195214988
7.59199E-07	2.372841384	0.200345281
7.58224E-07	2.378545817	0.205697401
7.57252E-07	2.384261554	0.211278557
7.56282E-07	2.389980776	0.217095883
7.55315E-07	2.395695026	0.223156395
7.5435E-07	2.401395189	0.229466952
7.53387E-07	2.407071472	0.236034203
7.52427E-07	2.412713387	0.242864536
7.51424E-07	2.418309739	0.249964023
7.50469E-07	2.423848617	0.25733836
7.49516E-07	2.429317385	0.264992802
7.48566E-07	2.434702687	0.272932098
7.47618E-07	2.439990445	0.281160416
7.46673E-07	2.445165879	0.289681276
7.4573E-07	2.450213516	0.298497469
7.44789E-07	2.45511722	0.307610979
7.43851E-07	2.459860226	0.317022909
7.42915E-07	2.464425177	0.326733394
7.41982E-07	2.468794179	0.336741526
7.41051E-07	2.472948857	0.347045277
7.40122E-07	2.476870426	0.357641416
7.39195E-07	2.480539769	0.368525444
7.38271E-07	2.483937529	0.37969152
7.37349E-07	2.487044201	0.391132403
7.3643E-07	2.489840247	0.402839393
7.35512E-07	2.492306209	0.414802287
7.34597E-07	2.494422837	0.427009342
7.33684E-07	2.496171221	0.439447246
7.32774E-07	2.497532929	0.452101109
7.31866E-07	2.498490156	0.464954463
7.3096E-07	2.499025871	0.477989274
7.30056E-07	2.499123968	0.491185975
7.29154E-07	2.498769421	0.504523512
7.28255E-07	2.497948431	0.517979409
7.27358E-07	2.496648575	0.531529845
7.26463E-07	2.494858946	0.545149757
7.25571E-07	2.492570293	0.558812948
7.2468E-07	2.489775136	0.572492218
7.23792E-07	2.486467888	0.586159513
7.22906E-07	2.482644946	0.599786078
7.22022E-07	2.47830478	0.61334263
7.2114E-07	2.473447994	0.626799538
7.2026E-07	2.468077376	0.640127012
7.19383E-07	2.462197927	0.6532953
7.18507E-07	2.455816861	0.666274884
7.17634E-07	2.448943601	0.679036682
7.16763E-07	2.441589734	0.691552247
7.15894E-07	2.433768962	0.703793962
7.15027E-07	2.425497021	0.715735225
7.14162E-07	2.416791589	0.727350634
7.133E-07	2.407672167	0.738616153
7.12439E-07	2.398159952	0.749509267
7.1158E-07	2.388277689	0.760009125
7.10724E-07	2.378049513	0.77009666
7.09869E-07	2.367500777	0.779754701
7.09017E-07	2.356657878	0.788968055
7.08126E-07	2.345548065	0.797723579
7.07278E-07	2.334199256	0.806010226
7.06432E-07	2.322639846	0.813819076
7.05588E-07	2.310898515	0.821143341
7.04746E-07	2.299004042	0.827978358
7.03906E-07	2.286985125	0.834321558
7.03067E-07	2.2748702	0.840172424
7.02231E-07	2.262687283	0.845532424
7.01397E-07	2.250463804	0.850404939
7.00565E-07	2.238226467	0.854795171
6.99735E-07	2.226001118	0.858710045
6.98907E-07	2.213812621	0.862158092
6.9808E-07	2.201684755	0.865149337
6.97256E-07	2.18964012	0.867695172
6.96434E-07	2.177700064	0.869808224
6.95613E-07	2.165884616	0.871502223
6.94795E-07	2.154212439	0.872791871
6.93978E-07	2.142700793	0.873692703
6.93163E-07	2.131365517	0.874220961
6.92351E-07	2.120221013	0.874393458
6.9154E-07	2.109280256	0.874227456
6.90731E-07	2.098554799	0.873740545
6.89924E-07	2.088054804	0.872950525
6.89119E-07	2.077789065	0.871875302
6.88315E-07	2.067765056	0.870532781
6.87514E-07	2.05798897	0.868940775
6.86714E-07	2.048465777	0.867116918
6.85917E-07	2.03919928	0.865078585
6.85121E-07	2.030192172	0.86284282
6.84327E-07	2.021446107	0.860426277
6.83535E-07	2.012961761	0.857845162
6.82744E-07	2.004738901	0.855115186
6.81956E-07	1.996776455	0.852251526
6.81169E-07	1.989072578	0.849268789
6.80384E-07	1.981624721	0.846180989
6.79601E-07	1.974429697	0.843001525
6.7882E-07	1.967483745	0.839743167
6.7804E-07	1.960782595	0.836418049
6.77263E-07	1.954321524	0.833037659
6.76487E-07	1.948095418	0.829612848
6.75712E-07	1.942098826	0.826153827
6.7494E-07	1.936326007	0.822670181
6.7417E-07	1.930770985	0.819170874
6.73401E-07	1.925427593	0.815664268
6.72634E-07	1.920289511	0.812158138
6.71868E-07	1.915350309	0.808659688
6.71105E-07	1.910603482	0.805175574
6.70343E-07	1.906042482	0.80171192
6.69546E-07	1.901660748	0.798274346
6.68788E-07	1.897451733	0.794867987
6.68031E-07	1.893408926	0.791497516
6.67277E-07	1.889525876	0.788167168
6.66523E-07	1.885796211	0.784880765
6.65772E-07	1.882213651	0.781641735
6.65022E-07	1.878772024	0.778453139
6.64274E-07	1.875465281	0.775317692
6.63527E-07	1.872287501	0.772237784
6.62783E-07	1.869232903	0.769215502
6.6204E-07	1.866295853	0.766252653
6.61298E-07	1.863470865	0.763350779
6.60558E-07	1.860752611	0.760511179
6.5982E-07	1.85813592	0.75773493
6.59084E-07	1.855615782	0.755022897
6.58349E-07	1.853187345	0.752375759
6.57616E-07	1.850845919	0.749794017
6.56884E-07	1.848586972	0.747278012
6.56154E-07	1.846406131	0.74482794
6.55426E-07	1.844299177	0.742443862
6.54699E-07	1.842262045	0.740125721
6.53974E-07	1.840290819	0.73787335
6.5325E-07	1.838381728	0.735686483
6.52529E-07	1.836531144	0.733564769
6.51808E-07	1.834735578	0.731507774
6.5109E-07	1.832991672	0.729514999
6.50372E-07	1.831296198	0.727585881
6.49657E-07	1.829646052	0.725719803
6.48943E-07	1.828038252	0.723916102
6.4823E-07	1.826469926	0.722174072
6.4752E-07	1.824938316	0.720492974
6.4681E-07	1.823440764	0.71887204
6.46103E-07	1.821974717	0.717310475
6.45396E-07	1.820537712	0.715807464
6.44692E-07	1.819127378	0.714362178
6.43989E-07	1.817741428	0.712973772
6.43287E-07	1.816377655	0.711641395
6.42587E-07	1.815033926	0.710364186
6.41888E-07	1.81370818	0.70914128
6.41191E-07	1.812398418	0.707971814
6.40496E-07	1.811102704	0.706854919
6.39802E-07	1.809819156	0.705789731
6.39109E-07	1.808545943	0.704775388
6.38418E-07	1.807281281	0.70381103
6.37729E-07	1.806023426	0.702895803
6.37041E-07	1.804770672	0.702028855
6.36354E-07	1.803521345	0.701209341
6.35637E-07	1.802273798	0.700436418
6.34953E-07	1.801026407	0.699709247
6.34271E-07	1.799777567	0.699026994
6.33591E-07	1.798525688	0.698388823
6.32911E-07	1.797269186	0.697793899
6.32234E-07	1.796006486	0.697241387
6.31558E-07	1.79473601	0.696730445
6.30883E-07	1.793456178	0.696260224
6.30209E-07	1.792165401	0.695829866
6.29537E-07	1.790862077	0.695438497
6.28867E-07	1.789544586	0.695085228
6.28198E-07	1.788211287	0.694769141
6.2753E-07	1.786860516	0.694489295
6.26864E-07	1.785490575	0.694244711
6.26199E-07	1.784099736	0.694034367
6.25536E-07	1.782686235	0.693857195
6.24874E-07	1.781248267	0.693712065
6.24213E-07	1.779783985	0.693597782
6.23554E-07	1.778291499	0.69351307
6.22896E-07	1.776768873	0.693456566
6.2224E-07	1.775214127	0.6934268
6.21585E-07	1.773625235	0.693422188
6.20931E-07	1.772000129	0.693441014
6.20279E-07	1.7703367	0.69348141
6.19628E-07	1.768632809	0.693541345
6.18979E-07	1.766886289	0.693618599
6.18331E-07	1.765094957	0.69371075
6.17684E-07	1.763256629	0.693815147
6.17038E-07	1.761369135	0.693928889
6.16394E-07	1.75943034	0.694048805
6.15751E-07	1.757438169	0.694171431
6.1511E-07	1.755390639	0.694292985
6.1447E-07	1.75328589	0.69440935
6.13831E-07	1.751122233	0.694516051
6.13194E-07	1.748898193	0.694608243
6.12557E-07	1.746612568	0.694680698
6.11923E-07	1.744264487	0.694727797
6.11289E-07	1.741853481	0.694743535
6.10657E-07	1.739379559	0.694721529
6.10026E-07	1.736843289	0.694655045
6.09397E-07	1.734245879	0.69453703
6.08768E-07	1.731589272	0.694360164
6.08141E-07	1.728876227	0.694116935
6.07516E-07	1.726110409	0.693799724
6.06891E-07	1.723296464	0.693400917
6.06268E-07	1.720440084	0.692913039
6.05646E-07	1.717548056	0.69232891
6.05026E-07	1.714628287	0.691641813
6.04377E-07	1.711689802	0.690845688
6.03759E-07	1.708742699	0.689935335
6.03142E-07	1.70579808	0.688906618
6.02527E-07	1.702867923	0.687756668
6.01913E-07	1.699964919	0.686484075
6.013E-07	1.69710226	0.685089053
6.00688E-07	1.694293391	0.683573571
6.00077E-07	1.691551728	0.681941436
5.99468E-07	1.688890342	0.680198328
5.9886E-07	1.68632165	0.67835176
5.98253E-07	1.683857092	0.676410991
5.97648E-07	1.681506837	0.674386858
5.97044E-07	1.679279519	0.672291554
5.96441E-07	1.67718202	0.670138361
5.95839E-07	1.675219316	0.667941335
5.95238E-07	1.673394382	0.665714969
5.94639E-07	1.671708175	0.663473852
5.9404E-07	1.670159679	0.661232335
5.93443E-07	1.668746017	0.659004218
5.92848E-07	1.667462612	0.656802475
5.92253E-07	1.666303399	0.654639026
5.9166E-07	1.665261059	0.652524558
5.91067E-07	1.664327272	0.650468407
5.90476E-07	1.663492978	0.648478481
5.89886E-07	1.662748626	0.646561249
5.89298E-07	1.662084409	0.644721755
5.8871E-07	1.661490476	0.64296369
5.88124E-07	1.660957117	0.64128947
5.87538E-07	1.660474917	0.639700356
5.86954E-07	1.66003488	0.638196571
5.86372E-07	1.659628522	0.636777433
5.8579E-07	1.659247944	0.635441485
5.85209E-07	1.658885866	0.634186626
5.8463E-07	1.658535655	0.633010229
5.84052E-07	1.658191328	0.631909256
5.83474E-07	1.657847539	0.630880357
5.82899E-07	1.657499558	0.629919962
5.82324E-07	1.657143244	0.629024358
5.8175E-07	1.656775003	0.628189756
5.81177E-07	1.656391757	0.62741235
5.80606E-07	1.655990894	0.62668836
5.80036E-07	1.655570232	0.626014072
5.79466E-07	1.655127975	0.625385866
5.78898E-07	1.654662675	0.624800239
5.78331E-07	1.654173191	0.624253823
5.77765E-07	1.653658658	0.623743396
5.77201E-07	1.653118448	0.623265887
5.7661E-07	1.652552145	0.622818384
5.76048E-07	1.651959515	0.622398133
5.75486E-07	1.651340482	0.622002535
5.74926E-07	1.650695103	0.621629147
5.74367E-07	1.650023552	0.621275676
5.73808E-07	1.649326097	0.620939972
5.73251E-07	1.648603091	0.620620025
5.72695E-07	1.647854952	0.620313956
5.7214E-07	1.647082153	0.620020013
5.71587E-07	1.646285213	0.619736561
5.71034E-07	1.645464687	0.619462078
5.70482E-07	1.644621155	0.619195146
5.69932E-07	1.64375522	0.618934446
5.69382E-07	1.6428675	0.618678752
5.68833E-07	1.64195862	0.618426922
5.68286E-07	1.641029213	0.618177897
5.6774E-07	1.640079914	0.617930689
5.67194E-07	1.639111356	0.617684384
5.6665E-07	1.638124169	0.617438128
5.66107E-07	1.637118977	0.61719113
5.65564E-07	1.636096396	0.616942655
5.65023E-07	1.635057035	0.616692016
5.64483E-07	1.634001492	0.616438579
5.63944E-07	1.632930354	0.616181749
5.63406E-07	1.631844199	0.615920977
5.62869E-07	1.630743589	0.61565575
5.62333E-07	1.629629079	0.615385589
5.61798E-07	1.628501207	0.61511005
5.61264E-07	1.627360503	0.614828718
5.60731E-07	1.626207481	0.614541208
5.60199E-07	1.625042645	0.61424716
5.59668E-07	1.623866487	0.613946237
5.59138E-07	1.622679484	0.613638127
5.58609E-07	1.621482105	0.613322537
5.58081E-07	1.620274806	0.612999195
5.57554E-07	1.619058032	0.612667847
5.57028E-07	1.617832216	0.612328254
5.56503E-07	1.616597782	0.611980194
5.55979E-07	1.615355144	0.611623461
5.55456E-07	1.614104705	0.611257861
5.54934E-07	1.612846858	0.610883213
5.54413E-07	1.611581987	0.610499347
5.53893E-07	1.61031047	0.610106106
5.53374E-07	1.609032672	0.609703343
5.52856E-07	1.607748952	0.60929092
5.52339E-07	1.606459661	0.608868708
5.51822E-07	1.605165143	0.608436588
5.51307E-07	1.603865732	0.607994448
5.50768E-07	1.602561759	0.607542184
5.50255E-07	1.601253544	0.607079699
5.49743E-07	1.599941404	0.606606903
5.49232E-07	1.598625647	0.606123713
5.48721E-07	1.597306578	0.60563005
5.48212E-07	1.595984492	0.605125842
5.47703E-07	1.594659684	0.604611025
5.47196E-07	1.593332438	0.604085535
5.46689E-07	1.592003038	0.603549318
5.46183E-07	1.590671759	0.60300232
5.45679E-07	1.589338874	0.602444496
5.45175E-07	1.588004651	0.601875802
5.44672E-07	1.586669353	0.6012962
5.4417E-07	1.58533324	0.600705655
5.43669E-07	1.583996567	0.600104136
5.43169E-07	1.582659585	0.599491616
5.4267E-07	1.581322543	0.59886807
5.42171E-07	1.579985685	0.598233479
5.41674E-07	1.578649251	0.597587824
5.41177E-07	1.577313481	0.596931093
5.40682E-07	1.575978609	0.596263273
5.40187E-07	1.574644867	0.595584358
5.39694E-07	1.573312483	0.594894341
5.39201E-07	1.571981684	0.594193221
5.38709E-07	1.570652694	0.593480998
5.38218E-07	1.569325734	0.592757674
5.37728E-07	1.568001021	0.592023256
5.37238E-07	1.566678773	0.591277752
5.3675E-07	1.565359203	0.590521172
5.36263E-07	1.564042523	0.58975353
5.35776E-07	1.562728942	0.588974841
5.3529E-07	1.561418669	0.588185123
5.34805E-07	1.560111908	0.587384396
5.34322E-07	1.558808863	0.586572683
5.33838E-07	1.557509736	0.585750008
5.33356E-07	1.556214726	0.584916399
5.32875E-07	1.554924032	0.584071885
5.32394E-07	1.55363785	0.583216496
5.31915E-07	1.552356375	0.582350267
5.31436E-07	1.5510798	0.581473233
5.30958E-07	1.549808316	0.580585431
5.30481E-07	1.548542114	0.579686902
5.30005E-07	1.547281382	0.578777688
5.2953E-07	1.546026307	0.577857832
5.29055E-07	1.544777075	0.57692738
5.28582E-07	1.54353387	0.57598638
5.28109E-07	1.542296875	0.575034882
5.27615E-07	1.541066271	0.574072939
5.27144E-07	1.539842239	0.573100604
5.26673E-07	1.538624958	0.572117932
5.26204E-07	1.537414605	0.571124983
5.25736E-07	1.536211356	0.570121816
5.25268E-07	1.535015387	0.569108492
5.24801E-07	1.533826873	0.568085076
5.24335E-07	1.532645984	0.567051634
5.2387E-07	1.531472895	0.566008232
5.23406E-07	1.530307773	0.564954941
5.22942E-07	1.52915079	0.563891831
5.22479E-07	1.528002113	0.562818978
5.22017E-07	1.52686191	0.561736456
5.21556E-07	1.525730345	0.560644342
5.21096E-07	1.524607584	0.559542715
5.20637E-07	1.52349379	0.558431658
5.20178E-07	1.522389127	0.557311252
5.1972E-07	1.521293754	0.556181583
5.19263E-07	1.520207834	0.555042738
5.18807E-07	1.519131524	0.553894806
5.18351E-07	1.518064984	0.552737877
5.17897E-07	1.517008369	0.551572044
5.17443E-07	1.515961837	0.550397401
5.1699E-07	1.514925542	0.549214046
5.16538E-07	1.513899637	0.548022076
5.16086E-07	1.512884275	0.546821591
5.15635E-07	1.511879607	0.545612694
5.15186E-07	1.510885785	0.544395489
5.14736E-07	1.509902958	0.543170082
5.14288E-07	1.508931272	0.541936581
5.13841E-07	1.507970876	0.540695095
5.13394E-07	1.507021916	0.539445736
5.12948E-07	1.506084536	0.538188617
5.12503E-07	1.505158879	0.536923855
5.12058E-07	1.504245088	0.535651567
5.11614E-07	1.503343305	0.534371871
5.11172E-07	1.50245367	0.533084888
5.10729E-07	1.501576321	0.531790743
5.10288E-07	1.500711396	0.53048956
5.09847E-07	1.499859031	0.529181465
5.09408E-07	1.499019363	0.527866588
5.08969E-07	1.498192524	0.526545058
5.0853E-07	1.497378649	0.525217009
5.08093E-07	1.496577867	0.523882575
5.07656E-07	1.495790311	0.522541892
5.0722E-07	1.495016108	0.521195098
5.06784E-07	1.494255387	0.519842333
5.0635E-07	1.493508274	0.518483739
5.05895E-07	1.492774894	0.51711946
5.05462E-07	1.492055371	0.515749641
5.0503E-07	1.491349828	0.51437443
5.04598E-07	1.490658385	0.512993976
5.04168E-07	1.489981163	0.511608431
5.03737E-07	1.48931828	0.510217947
5.03308E-07	1.488669853	0.50882268
5.02879E-07	1.488035997	0.507422786
5.02451E-07	1.487416828	0.506018423
5.02024E-07	1.486812457	0.504609753
5.01598E-07	1.486222996	0.503196938
5.01172E-07	1.485648556	0.501780141
5.00747E-07	1.485089244	0.500359528
5.00323E-07	1.484545167	0.498935269
4.99899E-07	1.484016432	0.497507531
4.99476E-07	1.483503141	0.496076487
4.99054E-07	1.483005398	0.494642309
4.98633E-07	1.482523303	0.493205174
4.98212E-07	1.482056957	0.491765257
4.97792E-07	1.481606456	0.490322738
4.97373E-07	1.481171897	0.488877797
4.96954E-07	1.480753375	0.487430616
4.96536E-07	1.480350983	0.48598138
4.96119E-07	1.479964813	0.484530274
4.95703E-07	1.479594954	0.483077486
4.95287E-07	1.479241495	0.481623206
4.94872E-07	1.478904523	0.480167625
4.94457E-07	1.478584122	0.478710936
4.94044E-07	1.478280377	0.477253334
4.93631E-07	1.477993369	0.475795016
4.93218E-07	1.477723178	0.474336179
4.92807E-07	1.477469883	0.472877025
4.92396E-07	1.47723356	0.471417756
4.91985E-07	1.477014285	0.469958574
4.91576E-07	1.476812131	0.468499687
4.91167E-07	1.47662717	0.467041301
4.90759E-07	1.476459472	0.465583625
4.90351E-07	1.476309105	0.464126871
4.89944E-07	1.476176136	0.462671252
4.89538E-07	1.476060631	0.461216982
4.89133E-07	1.475962651	0.459764278
4.88728E-07	1.47588226	0.458313358
4.88324E-07	1.475819516	0.456864442
4.8792E-07	1.475774478	0.455417754
4.87517E-07	1.475747202	0.453973516
4.87115E-07	1.475737742	0.452531954
4.86714E-07	1.475746153	0.451093297
4.86313E-07	1.475772485	0.449657775
4.85893E-07	1.475816787	0.448225618
4.85494E-07	1.475879107	0.446797061
4.85095E-07	1.475959491	0.44537234
4.84697E-07	1.476057984	0.443951693
4.84299E-07	1.476174628	0.442535359
4.83902E-07	1.476309464	0.44112358
4.83506E-07	1.476462532	0.439716601
4.83111E-07	1.476633867	0.438314669
4.82716E-07	1.476823507	0.436918031
4.82321E-07	1.477031485	0.435526939
4.81928E-07	1.477257833	0.434141646
4.81535E-07	1.477502582	0.432762408
4.81142E-07	1.47776576	0.431389483
4.80751E-07	1.478047394	0.430023132
4.80359E-07	1.478347509	0.428663617
4.79969E-07	1.47866613	0.427311206
4.79579E-07	1.479003277	0.425966166
4.7919E-07	1.479358969	0.42462877
4.78801E-07	1.479733226	0.423299291
4.78414E-07	1.480126064	0.421978008
4.78026E-07	1.480537496	0.4206652
4.7764E-07	1.480967534	0.419361151
4.77253E-07	1.481416191	0.41806615
4.76868E-07	1.481883473	0.416780485
4.76483E-07	1.482369388	0.415504452
4.76099E-07	1.48287394	0.414238348
4.75715E-07	1.483397131	0.412982475
4.75333E-07	1.483938963	0.411737138
4.7495E-07	1.484499432	0.410502647
4.74568E-07	1.485078536	0.409279316
4.74187E-07	1.485676267	0.408067463
4.73807E-07	1.486292616	0.406867412
4.73427E-07	1.486927573	0.405679489
4.73048E-07	1.487581123	0.404504029
4.72669E-07	1.488253249	0.403341369
4.72291E-07	1.488943932	0.402191853
4.71914E-07	1.48965315	0.401055828
4.71537E-07	1.490380875	0.399933651
4.7116E-07	1.49112708	0.398825682
4.70785E-07	1.491891732	0.397732287
4.7041E-07	1.492674794	0.396653841
4.70035E-07	1.493476226	0.395590724
4.69661E-07	1.494295983	0.394543322
4.69288E-07	1.495134016	0.393512032
4.68915E-07	1.495990273	0.392497254
4.68543E-07	1.496864693	0.391499399
4.68172E-07	1.497757213	0.390518884
4.67783E-07	1.498667762	0.389556137
4.67413E-07	1.499596266	0.388611592
4.67043E-07	1.50054264	0.387685693
4.66674E-07	1.501506796	0.386778894
4.66306E-07	1.502488635	0.385891657
4.65938E-07	1.503488053	0.385024454
4.6557E-07	1.504504936	0.384177768
4.65204E-07	1.50553916	0.383352092
4.64837E-07	1.506590592	0.38254793
4.64472E-07	1.507659089	0.381765795
4.64107E-07	1.508744494	0.381006213
4.63742E-07	1.509846642	0.38026972
4.63378E-07	1.51096535	0.379556865
4.63015E-07	1.512100426	0.378868207
4.62652E-07	1.513251659	0.378204318
4.6229E-07	1.514418824	0.37756578
4.61928E-07	1.51560168	0.376953189
4.61567E-07	1.516799965	0.376367152
4.61207E-07	1.518013401	0.375808288
4.60847E-07	1.519241686	0.375277227
4.60487E-07	1.520484499	0.374774613
4.60128E-07	1.521741494	0.374301097
4.5977E-07	1.523012301	0.373857347
4.59412E-07	1.524296522	0.373444036
4.59055E-07	1.525593735	0.373061851
4.58699E-07	1.526903484	0.372711486
4.58343E-07	1.528225284	0.372393645
4.57987E-07	1.529558619	0.372109041
4.57632E-07	1.530902934	0.371858392
4.57278E-07	1.532257642	0.371642423
4.56924E-07	1.533622114	0.371461862
4.56571E-07	1.534995685	0.371317443
4.56218E-07	1.536377643	0.371209898
4.55866E-07	1.537767237	0.37113996
4.55514E-07	1.539163667	0.37110836
4.55163E-07	1.540566088	0.371115823
4.54812E-07	1.541973604	0.371163068
4.54462E-07	1.543385269	0.371250801
4.54113E-07	1.544800084	0.37137972
4.53764E-07	1.546216997	0.371550501
4.53415E-07	1.5476349	0.371763804
4.53067E-07	1.54905263	0.372020264
4.5272E-07	1.550468965	0.372320489
4.52373E-07	1.551882627	0.372665056
4.52027E-07	1.553292278	0.373054504
4.51681E-07	1.554696523	0.373489332
4.51336E-07	1.556093908	0.373969993
4.50991E-07	1.55748292	0.374496889
4.50631E-07	1.558861992	0.375070367
4.50287E-07	1.5602295	0.37569071
4.49944E-07	1.561583769	0.376358135
4.49601E-07	1.56292307	0.377072787
4.49259E-07	1.564245629	0.377834729
4.48918E-07	1.565549626	0.378643944
4.48576E-07	1.566833202	0.379500322
4.48236E-07	1.568094463	0.380403659
4.47896E-07	1.569331485	0.38135365
4.47556E-07	1.570542321	0.382349885
4.47218E-07	1.571725006	0.383391844
4.46879E-07	1.572877566	0.384478893
4.46541E-07	1.573998025	0.385610279
4.46204E-07	1.575084414	0.38678513
4.45867E-07	1.576134781	0.388002448
4.4553E-07	1.577147198	0.389261113
4.45194E-07	1.578119772	0.390559877
4.44859E-07	1.579050656	0.391897369
4.44524E-07	1.579938061	0.393272092
4.4419E-07	1.58078026	0.394682426
4.43856E-07	1.581575608	0.396126633
4.43522E-07	1.582322544	0.397602859
4.4319E-07	1.583019606	0.399109141
4.42857E-07	1.583665441	0.400643413
4.42525E-07	1.584258812	0.402203511
4.42194E-07	1.58479861	0.403787187
4.41863E-07	1.585283857	0.405392111
4.41533E-07	1.585713722	0.407015889
4.41203E-07	1.586087516	0.408656067
4.40873E-07	1.586404708	0.41031015
4.40544E-07	1.586664923	0.411975608
4.40216E-07	1.586867944	0.413649893
4.39888E-07	1.587013721	0.41533045
4.3956E-07	1.58710236	0.417014733
4.39233E-07	1.587134134	0.418700215
4.38907E-07	1.58710947	0.420384404
4.38581E-07	1.587028952	0.422064853
4.38255E-07	1.586893315	0.423739177
4.3793E-07	1.586703435	0.425405059
4.37606E-07	1.586460327	0.427060266
4.37282E-07	1.586165134	0.428702658
4.36958E-07	1.585819117	0.430330195
4.36635E-07	1.585423645	0.431940947
4.36312E-07	1.584980189	0.433533103
4.3599E-07	1.584490304	0.435104973
4.35669E-07	1.583955621	0.436654996
4.35347E-07	1.583377838	0.438181742
4.35011E-07	1.582758702	0.439683915
4.34691E-07	1.582100002	0.441160353
4.34371E-07	1.581403557	0.442610031
4.34052E-07	1.580671202	0.444032055
4.33733E-07	1.57990478	0.445425666
4.33415E-07	1.579106131	0.446790232
4.33097E-07	1.578277082	0.448125246
4.3278E-07	1.577419437	0.449430324
4.32463E-07	1.57653497	0.450705195
4.32146E-07	1.575625418	0.451949699
4.3183E-07	1.574692472	0.453163777
4.31514E-07	1.573737773	0.45434747
4.31199E-07	1.572762904	0.455500906
4.30885E-07	1.571769389	0.456624297
4.30571E-07	1.570758687	0.457717932
4.30257E-07	1.56973219	0.458782165
4.29943E-07	1.56869122	0.459817414
4.29631E-07	1.567637027	0.460824149
4.29318E-07	1.566570791	0.461802891
4.29006E-07	1.565493617	0.462754197
4.28695E-07	1.564406538	0.463678662
4.28384E-07	1.563310517	0.464576906
4.28073E-07	1.562206444	0.465449575
4.27763E-07	1.56109514	0.46629733
4.27454E-07	1.559977358	0.467120842
4.27144E-07	1.558853788	0.467920793
4.26836E-07	1.557725054	0.468697865
4.26527E-07	1.55659172	0.46945274
4.26219E-07	1.555454292	0.470186095
4.25912E-07	1.55431322	0.470898597
4.25605E-07	1.553168903	0.471590905
4.25298E-07	1.552021689	0.472263663
4.24992E-07	1.55087188	0.472917497
4.24687E-07	1.549719734	0.473553018
4.24381E-07	1.548565469	0.474170816
4.24077E-07	1.547409264	0.474771458
4.23772E-07	1.546251266	0.475355493
4.23468E-07	1.545091586	0.475923442
4.23165E-07	1.543930307	0.476475805
4.22862E-07	1.542767488	0.477013056
4.22559E-07	1.541603159	0.477535645
4.22257E-07	1.540437331	0.478043996
4.21955E-07	1.539269996	0.478538507
4.21654E-07	1.538101127	0.479019553
4.21353E-07	1.536930683	0.479487483
4.21053E-07	1.53575861	0.479942619
4.20753E-07	1.534584841	0.480385263
4.20453E-07	1.533409302	0.480815691
4.2014E-07	1.532231909	0.481234154
4.19841E-07	1.531052573	0.481640884
4.19543E-07	1.529871199	0.482036088
4.19245E-07	1.52868769	0.482419953
4.18947E-07	1.527501945	0.482792646
4.1865E-07	1.526313865	0.483154312
4.18354E-07	1.525123346	0.483505079
4.18057E-07	1.52393029	0.483845057
4.17762E-07	1.522734598	0.484174336
4.17466E-07	1.521536174	0.484492993
4.17171E-07	1.520334927	0.484801086
4.16877E-07	1.519130768	0.48509866
4.16583E-07	1.517923614	0.485385745
4.16289E-07	1.516713386	0.485662357
4.15996E-07	1.515500013	0.485928501
4.15703E-07	1.514283429	0.48618417
4.1541E-07	1.513063574	0.486429344
4.15118E-07	1.511840395	0.486663995
4.14827E-07	1.510613847	0.486888084
4.14535E-07	1.509383892	0.487101563
4.14245E-07	1.508150499	0.487304378
4.13954E-07	1.506913647	0.487496465
4.13664E-07	1.50567332	0.487677755
4.13375E-07	1.504429512	0.487848171
4.13085E-07	1.503182224	0.488007633
4.12797E-07	1.501931467	0.488156052
4.12508E-07	1.500677258	0.48829334
4.1222E-07	1.499419623	0.488419399
4.11933E-07	1.498158597	0.488534134
4.11646E-07	1.496894222	0.488637443
4.11359E-07	1.495626547	0.488729222
4.11072E-07	1.494355632	0.488809366
4.10786E-07	1.493081543	0.488877771
4.10501E-07	1.491804354	0.488934327
4.10216E-07	1.490524145	0.488978927
4.09931E-07	1.489241007	0.489011464
4.09647E-07	1.487955036	0.48903183
4.09363E-07	1.486666334	0.489039917
4.09079E-07	1.485375014	0.489035621
4.08796E-07	1.484081192	0.489018835
4.08513E-07	1.482784993	0.488989458
4.0823E-07	1.481486547	0.488947387
4.07948E-07	1.480185992	0.488892525
4.07667E-07	1.478883469	0.488824774
4.07386E-07	1.477579129	0.488744042
4.07105E-07	1.476273127	0.488650237
4.06824E-07	1.474965621	0.488543272
4.06531E-07	1.473656779	0.488423064
4.06251E-07	1.47234677	0.488289531
4.05972E-07	1.471035769	0.488142598
4.05693E-07	1.469723958	0.487982192
4.05414E-07	1.468411521	0.487808244
4.05136E-07	1.467098646	0.487620691
4.04858E-07	1.465785526	0.487419473
4.04581E-07	1.464472358	0.487204536
4.04304E-07	1.463159342	0.486975829
4.04027E-07	1.461846681	0.486733307
4.03751E-07	1.460534582	0.486476931
4.03475E-07	1.459223255	0.486206664
4.032E-07	1.457912912	0.485922477
4.02924E-07	1.456603767	0.485624345
4.0265E-07	1.455296038	0.485312248
4.02375E-07	1.453989943	0.484986173
4.02101E-07	1.452685704	0.48464611
4.01828E-07	1.451383543	0.484292057
4.01554E-07	1.450083683	0.483924015
4.01282E-07	1.448786351	0.483541993
4.01009E-07	1.447491773	0.483146004
4.00737E-07	1.446200174	0.482736067
4.00465E-07	1.444911784	0.482312206
4.00194E-07	1.443626831	0.481874451
3.99923E-07	1.442345542	0.481422839
3.99652E-07	1.441068146	0.480957409
3.99382E-07	1.439794872	0.48047821
3.99112E-07	1.438525948	0.479985293
3.98842E-07	1.4372616	0.479478717
3.98573E-07	1.436002056	0.478958544
3.98304E-07	1.434747542	0.478424844
3.98036E-07	1.433498283	0.477877691
3.97767E-07	1.432254502	0.477317164
3.975E-07	1.431016423	0.476743349
3.97232E-07	1.429784265	0.476156334
3.96965E-07	1.428558248	0.475556217
3.96698E-07	1.42733859	0.474943097
3.96432E-07	1.426125506	0.474317079
3.96166E-07	1.424919209	0.473678275
3.95901E-07	1.42371991	0.4730268
3.95635E-07	1.422527818	0.472362774
3.9537E-07	1.421343139	0.471686322
3.95106E-07	1.420166076	0.470997574
3.94842E-07	1.41899683	0.470296664
3.94578E-07	1.417835599	0.469583732
3.94314E-07	1.416682576	0.468858919
3.94051E-07	1.415537955	0.468122375
3.93788E-07	1.414401922	0.467374249
3.93513E-07	1.413274662	0.466614699
3.93251E-07	1.412156357	0.465843883
3.9299E-07	1.411047184	0.465061966
3.92728E-07	1.409947317	0.464269115
3.92467E-07	1.408856926	0.463465501
3.92206E-07	1.407776178	0.462651298
3.91946E-07	1.406705235	0.461826685
3.91686E-07	1.405644254	0.460991843
3.91426E-07	1.40459339	0.460146955
3.91167E-07	1.403552793	0.45929221
3.90908E-07	1.402522608	0.458427799
3.9065E-07	1.401502977	0.457553914
3.90391E-07	1.400494037	0.456670751
3.90133E-07	1.399495919	0.455778509
3.89876E-07	1.398508751	0.454877389
3.89619E-07	1.397532658	0.453967594
3.89362E-07	1.396567757	0.453049329
3.89105E-07	1.395614163	0.452122803
3.88849E-07	1.394671984	0.451188224
3.88593E-07	1.393741326	0.450245804
3.88337E-07	1.392822289	0.449295755
3.88082E-07	1.391914967	0.448338292
3.87827E-07	1.391019451	0.44737363
3.87573E-07	1.390135825	0.446401988
3.87318E-07	1.389264172	0.445423582
3.87065E-07	1.388404566	0.444438632
3.86811E-07	1.387557079	0.443447359
3.86558E-07	1.386721776	0.442449983
3.86305E-07	1.38589872	0.441446725
3.86052E-07	1.385087965	0.440437809
3.858E-07	1.384289564	0.439423455
3.85548E-07	1.383503564	0.438403887
3.85297E-07	1.382730006	0.437379328
3.85045E-07	1.381968928	0.43635
3.84794E-07	1.381220361	0.435316126
3.84544E-07	1.380484334	0.434277928
3.84294E-07	1.379760869	0.433235629
3.84044E-07	1.379049985	0.432189451
3.83794E-07	1.378351694	0.431139613
3.83545E-07	1.377666007	0.430086338
3.83296E-07	1.376992927	0.429029844
3.83047E-07	1.376332454	0.42797035
3.82799E-07	1.375684583	0.426908074
3.82551E-07	1.375049306	0.425843232
3.82303E-07	1.374426608	0.424776039
3.82056E-07	1.373816473	0.423706711
3.81809E-07	1.373218877	0.422635458
3.81562E-07	1.372633795	0.421562493
3.81304E-07	1.372061196	0.420488024
3.81058E-07	1.371501046	0.41941226
3.80812E-07	1.370953305	0.418335406
3.80567E-07	1.370417932	0.417257666
3.80321E-07	1.36989488	0.416179243
3.80077E-07	1.369384099	0.415100336
3.79832E-07	1.368885535	0.414021144
3.79588E-07	1.368399129	0.412941862
3.79344E-07	1.367924822	0.411862683
3.79101E-07	1.367462548	0.410783799
3.78857E-07	1.367012238	0.409705398
3.78614E-07	1.366573822	0.408627666
3.78372E-07	1.366147225	0.407550787
3.78129E-07	1.365732368	0.406474942
3.77887E-07	1.36532917	0.405400309
3.77646E-07	1.364937548	0.404327064
3.77404E-07	1.364557414	0.403255379
3.77163E-07	1.364188679	0.402185424
3.76923E-07	1.363831249	0.401117368
3.76682E-07	1.36348503	0.400051373
3.76442E-07	1.363149923	0.398987601
3.76202E-07	1.362825828	0.39792621
3.75963E-07	1.362512642	0.396867356
3.75723E-07	1.362210261	0.39581119
3.75484E-07	1.361918576	0.394757862
3.75246E-07	1.361637478	0.393707517
3.75008E-07	1.361366857	0.392660299
3.7477E-07	1.361106597	0.391616346
3.74532E-07	1.360856584	0.390575796
3.74294E-07	1.360616701	0.389538781
3.74057E-07	1.360386828	0.388505431
3.73821E-07	1.360166846	0.387475874
3.73584E-07	1.359956633	0.386450232
3.73348E-07	1.359756064	0.385428625
3.73112E-07	1.359565015	0.384411172
3.72876E-07	1.359383361	0.383397985
3.72641E-07	1.359210973	0.382389174
3.72406E-07	1.359047725	0.381384848
3.72171E-07	1.358893485	0.38038511
3.71937E-07	1.358748125	0.379390061
3.71703E-07	1.358611513	0.378399798
3.71469E-07	1.358483518	0.377414415
3.71235E-07	1.358364006	0.376434004
3.71002E-07	1.358252845	0.375458651
3.70769E-07	1.358149901	0.374488443
3.70536E-07	1.358055039	0.37352346
3.70304E-07	1.357968127	0.37256378
3.70061E-07	1.357889027	0.371609479
3.69829E-07	1.357817607	0.370660629
3.69598E-07	1.357753729	0.369717298
3.69366E-07	1.35769726	0.368779554
3.69136E-07	1.357648064	0.367847457
3.68905E-07	1.357606004	0.36692107
3.68675E-07	1.357570948	0.366000447
3.68445E-07	1.357542758	0.365085645
3.68215E-07	1.3575213	0.364176712
3.67985E-07	1.357506441	0.363273699
3.67756E-07	1.357498044	0.362376649
3.67527E-07	1.357495978	0.361485607
3.67299E-07	1.357500108	0.360600611
3.6707E-07	1.357510302	0.359721699
3.66842E-07	1.357526427	0.358848905
3.66614E-07	1.357548351	0.357982261
3.66387E-07	1.357575945	0.357121796
3.6616E-07	1.357609076	0.356267537
3.65933E-07	1.357647616	0.355419507
3.65706E-07	1.357691437	0.35457773
3.6548E-07	1.357740409	0.353742223
3.65254E-07	1.357794406	0.352913004
3.65028E-07	1.357853302	0.352090086
3.64802E-07	1.357916972	0.351273483
3.64577E-07	1.357985291	0.350463204
3.64352E-07	1.358058137	0.349659257
3.64128E-07	1.358135387	0.348861647
3.63903E-07	1.35821692	0.348070378
3.63679E-07	1.358302617	0.347285451
3.63455E-07	1.358392358	0.346506865
3.63232E-07	1.358486027	0.345734619
3.63008E-07	1.358583507	0.344968706
3.62785E-07	1.358684682	0.34420912
3.62562E-07	1.358789439	0.343455854
3.6234E-07	1.358897666	0.342708897
3.62118E-07	1.359009251	0.341968238
3.61896E-07	1.359124084	0.341233861
3.61674E-07	1.359242056	0.340505753
3.61453E-07	1.359363061	0.339783897
3.61232E-07	1.359486992	0.339068273
3.61011E-07	1.359613746	0.338358862
3.6079E-07	1.359743218	0.337655643
3.6057E-07	1.359875307	0.336958592
3.6035E-07	1.360009913	0.336267685
3.6013E-07	1.360146937	0.335582897
3.59911E-07	1.360286281	0.334904201
3.59691E-07	1.36042785	0.334231567
3.59472E-07	1.360571549	0.333564968
3.59243E-07	1.360717285	0.332904372
3.59025E-07	1.360864967	0.332249748
3.58807E-07	1.361014503	0.331601062
3.58589E-07	1.361165806	0.330958281
3.58371E-07	1.361318789	0.330321369
3.58154E-07	1.361473365	0.329690291
3.57937E-07	1.36162945	0.329065011
3.5772E-07	1.361786961	0.328445489
3.57503E-07	1.361945818	0.327831688
3.57287E-07	1.36210594	0.327223568
3.57071E-07	1.362267249	0.326621089
3.56855E-07	1.362429668	0.32602421
3.5664E-07	1.362593121	0.325432889
3.56424E-07	1.362757534	0.324847083
3.56209E-07	1.362922835	0.32426675
3.55994E-07	1.363088952	0.323691847
3.5578E-07	1.363255816	0.323122327
3.55566E-07	1.363423359	0.322558148
3.55352E-07	1.363591512	0.321999264
3.55138E-07	1.363760212	0.321445628
3.54925E-07	1.363929393	0.320897195
3.54711E-07	1.364098994	0.320353918
3.54498E-07	1.364268952	0.31981575
3.54286E-07	1.364439207	0.319282643
