8.85714E-07	2.060380372	0.080857291
8.84388E-07	2.061510333	0.081340239
8.83065E-07	2.062650014	0.081824105
8.81746E-07	2.063799634	0.082308906
8.80432E-07	2.064959422	0.082794663
8.79121E-07	2.066129611	0.083281396
8.77814E-07	2.067310443	0.083769132
8.76511E-07	2.068502165	0.084257897
8.75212E-07	2.069705031	0.084747722
8.73916E-07	2.070919304	0.08523864
8.72625E-07	2.072145253	0.085730689
8.71337E-07	2.073383155	0.086223908
8.70053E-07	2.074633297	0.086718343
8.68773E-07	2.07589597	0.087214041
8.67497E-07	2.077171477	0.087711055
8.66224E-07	2.078460129	0.088209442
8.64955E-07	2.079762244	0.088709265
8.6369E-07	2.081078151	0.08921059
8.62429E-07	2.082408188	0.089713491
8.61171E-07	2.083752703	0.090218045
8.59917E-07	2.085112053	0.090724338
8.58666E-07	2.086486605	0.09123246
8.57419E-07	2.087876737	0.09174251
8.56176E-07	2.089282839	0.092254592
8.54878E-07	2.09070531	0.09276882
8.53642E-07	2.092144561	0.093285316
8.52409E-07	2.093601014	0.093804209
8.51181E-07	2.095075103	0.094325639
8.49955E-07	2.096567276	0.094849755
8.48734E-07	2.098077991	0.095376716
8.47516E-07	2.099607719	0.095906692
8.46301E-07	2.101156946	0.096439866
8.4509E-07	2.102726168	0.096976432
8.43882E-07	2.104315898	0.097516596
8.42678E-07	2.10592666	0.09806058
8.41477E-07	2.107558993	0.098608618
8.40279E-07	2.109213453	0.099160962
8.39085E-07	2.110890606	0.099717878
8.37894E-07	2.112591036	0.100279649
8.36707E-07	2.114315341	0.100846578
8.35523E-07	2.116064136	0.101418984
8.34343E-07	2.117838049	0.10199721
8.33165E-07	2.119637727	0.102581616
8.31991E-07	2.121463829	0.103172588
8.30821E-07	2.123317035	0.103770532
8.29653E-07	2.125198037	0.104375883
8.28489E-07	2.127107546	0.104989098
8.27329E-07	2.129046288	0.105610665
8.26171E-07	2.131015008	0.1062411
8.25017E-07	2.133014465	0.106880948
8.23866E-07	2.135045435	0.107530788
8.22718E-07	2.137108712	0.108191233
8.21573E-07	2.139205106	0.108862932
8.20431E-07	2.141335441	0.109546571
8.19293E-07	2.143500561	0.110242876
8.18158E-07	2.145701321	0.110952615
8.17026E-07	2.147938594	0.111676598
8.15897E-07	2.150213269	0.112415683
8.14771E-07	2.152526245	0.113170777
8.13648E-07	2.154878439	0.113942835
8.12529E-07	2.157270777	0.114732867
8.11412E-07	2.1597042	0.11554194
8.10299E-07	2.162179657	0.116371177
8.09188E-07	2.164698109	0.117221764
8.08081E-07	2.167260524	0.118094952
8.06976E-07	2.169867876	0.118992058
8.05875E-07	2.172521146	0.11991447
8.04777E-07	2.175221316	0.120863649
8.03681E-07	2.177969371	0.121841135
8.02589E-07	2.180766294	0.122848545
8.015E-07	2.183613064	0.123887583
8.00413E-07	2.186510654	0.124960038
7.99278E-07	2.189460026	0.126067793
7.98198E-07	2.19246213	0.127212822
7.9712E-07	2.195517899	0.1283972
7.96045E-07	2.198628244	0.129623104
7.94974E-07	2.201794052	0.130892815
7.93905E-07	2.205016179	0.132208727
7.92839E-07	2.208295444	0.133573346
7.91776E-07	2.211632627	0.134989294
7.90715E-07	2.21502846	0.136459318
7.89658E-07	2.21848362	0.137986286
7.88603E-07	2.221998723	0.139573196
7.87552E-07	2.225574316	0.141223179
7.86503E-07	2.229210871	0.142939499
7.85456E-07	2.23290877	0.144725559
7.84413E-07	2.236668302	0.146584903
7.83372E-07	2.24048965	0.148521217
7.82334E-07	2.24437288	0.150538333
7.81299E-07	2.24831793	0.152640229
7.80267E-07	2.252324601	0.154831032
7.79237E-07	2.256392536	0.157115016
7.7821E-07	2.260521217	0.159496604
7.77186E-07	2.264709942	0.161980365
7.76164E-07	2.268957817	0.164571014
7.75145E-07	2.273263735	0.167273409
7.74129E-07	2.277626363	0.170092546
7.73116E-07	2.282044123	0.173033557
7.72105E-07	2.286515178	0.176101701
7.71096E-07	2.291037412	0.179302358
7.70091E-07	2.295608408	0.18264102
7.69088E-07	2.300225438	0.186123279
7.68087E-07	2.304885434	0.18975482
7.67089E-07	2.309584977	0.1935414
7.66094E-07	2.314320272	0.197488835
7.65101E-07	2.319087131	0.201602985
7.64111E-07	2.323880953	0.20588973
7.63124E-07	2.328696709	0.210354948
7.62139E-07	2.333528919	0.215004491
7.61156E-07	2.338371636	0.219844158
7.60177E-07	2.343218434	0.224879665
7.59199E-07	2.348062389	0.230116612
7.58224E-07	2.352896067	0.235560448
7.57252E-07	2.357711516	0.241216435
7.56282E-07	2.362500252	0.247089606
7.55315E-07	2.367253258	0.253184722
7.5435E-07	2.371960981	0.259506232
7.53387E-07	2.376613327	0.26605822
7.52427E-07	2.381199671	0.272844358
7.51424E-07	2.385708864	0.279867858
7.50469E-07	2.390129245	0.287131416
7.49516E-07	2.394448656	0.294637161
7.48566E-07	2.398654472	0.302386601
7.47618E-07	2.402733621	0.310380569
7.46673E-07	2.406672624	0.31861917
7.4573E-07	2.41045763	0.327101726
7.44789E-07	2.414074465	0.335826729
7.43851E-07	2.417508683	0.34479179
7.42915E-07	2.420745621	0.353993595
7.41982E-07	2.423770468	0.363427862
7.41051E-07	2.426568327	0.373089303
7.40122E-07	2.429124296	0.382971594
7.39195E-07	2.431423546	0.39306735
7.38271E-07	2.433451402	0.403368103
7.37349E-07	2.435193434	0.41386429
7.3643E-07	2.436635548	0.424545252
7.35512E-07	2.437764078	0.43539924
7.34597E-07	2.438565883	0.446413424
7.33684E-07	2.439028437	0.457573918
7.32774E-07	2.439139931	0.468865815
7.31866E-07	2.438889359	0.480273228
7.3096E-07	2.438266612	0.491779341
7.30056E-07	2.437262561	0.503366471
7.29154E-07	2.435869141	0.515016136
7.28255E-07	2.434079421	0.526709138
7.27358E-07	2.431887678	0.538425645
7.26463E-07	2.429289449	0.550145287
7.25571E-07	2.426281588	0.561847252
7.2468E-07	2.422862303	0.573510393
7.23792E-07	2.419031189	0.585113337
7.22906E-07	2.414789248	0.596634592
7.22022E-07	2.410138898	0.608052662
7.2114E-07	2.405083977	0.61934616
7.2026E-07	2.399629724	0.630493919
7.19383E-07	2.393782764	0.641475103
7.18507E-07	2.387551073	0.652269314
7.17634E-07	2.380943939	0.662856692
7.16763E-07	2.373971908	0.673218017
7.15894E-07	2.366646733	0.683334797
7.15027E-07	2.358981303	0.693189356
7.14162E-07	2.350989571	0.702764912
7.133E-07	2.342686482	0.712045646
7.12439E-07	2.334087887	0.721016766
7.1158E-07	2.325210458	0.729664563
7.10724E-07	2.316071601	0.737976453
7.09869E-07	2.306689366	0.745941021
7.09017E-07	2.297082353	0.753548045
7.08126E-07	2.287269623	0.760788526
7.07278E-07	2.277270606	0.767654693
7.06432E-07	2.267105012	0.774140019
7.05588E-07	2.256792737	0.780239216
7.04746E-07	2.246353784	0.785948231
7.03906E-07	2.235808173	0.791264234
7.03067E-07	2.225175863	0.796185596
7.02231E-07	2.214476669	0.80071187
7.01397E-07	2.203730197	0.804843761
7.00565E-07	2.192955762	0.808583091
6.99735E-07	2.182172328	0.811932766
6.98907E-07	2.171398444	0.814896731
6.9808E-07	2.160652182	0.817479931
6.97256E-07	2.149951085	0.819688258
6.96434E-07	2.139312117	0.821528507
6.95613E-07	2.128751614	0.823008322
6.94795E-07	2.118285244	0.824136141
6.93978E-07	2.10792797	0.824921143
6.93163E-07	2.097694015	0.82537319
6.92351E-07	2.087596833	0.825502771
6.9154E-07	2.077649087	0.825320941
6.90731E-07	2.067862624	0.824839262
6.89924E-07	2.058248464	0.824069748
6.89119E-07	2.048816785	0.8230248
6.88315E-07	2.039576914	0.821717153
6.87514E-07	2.030537325	0.820159813
6.86714E-07	2.021705641	0.818366002
6.85917E-07	2.013088632	0.816349101
6.85121E-07	2.004692227	0.814122595
6.84327E-07	1.996521523	0.811700021
6.83535E-07	1.988580802	0.809094915
6.82744E-07	1.980873545	0.806320762
6.81956E-07	1.973402453	0.80339095
6.81169E-07	1.966169474	0.800318723
6.80384E-07	1.959175825	0.797117143
6.79601E-07	1.95242202	0.793799043
6.7882E-07	1.945907903	0.790376999
6.7804E-07	1.93963268	0.786863288
6.77263E-07	1.933594947	0.783269863
6.76487E-07	1.927792735	0.779608321
6.75712E-07	1.922223534	0.775889881
6.7494E-07	1.916884339	0.772125362
6.7417E-07	1.911771684	0.768325164
6.73401E-07	1.906881677	0.764499253
6.72634E-07	1.902210041	0.760657146
6.71868E-07	1.897752149	0.756807906
6.71105E-07	1.89350306	0.752960134
6.70343E-07	1.889457556	0.749121961
6.69546E-07	1.885610179	0.745301052
6.68788E-07	1.881955261	0.741504604
6.68031E-07	1.878486957	0.737739348
6.67277E-07	1.875199281	0.734011559
6.66523E-07	1.872086131	0.730327058
6.65772E-07	1.869141322	0.726691222
6.65022E-07	1.866358606	0.723108997
6.64274E-07	1.863731705	0.719584907
6.63527E-07	1.86125433	0.716123068
6.62783E-07	1.858920203	0.712727201
6.6204E-07	1.856723078	0.709400649
6.61298E-07	1.854656761	0.706146388
6.60558E-07	1.852715121	0.702967048
6.5982E-07	1.850892112	0.699864925
6.59084E-07	1.849181782	0.696842001
6.58349E-07	1.847578285	0.693899959
6.57616E-07	1.846075893	0.691040197
6.56884E-07	1.844669005	0.688263849
6.56154E-07	1.843352152	0.6855718
6.55426E-07	1.842120008	0.6829647
6.54699E-07	1.840967387	0.680442982
6.53974E-07	1.839889259	0.678006876
6.5325E-07	1.83888074	0.675656424
6.52529E-07	1.837937104	0.673391494
6.51808E-07	1.837053778	0.671211797
6.5109E-07	1.836226347	0.669116894
6.50372E-07	1.835450549	0.667106215
6.49657E-07	1.834722279	0.665179067
6.48943E-07	1.834037581	0.663334647
6.4823E-07	1.833392652	0.661572051
6.4752E-07	1.832783836	0.659890289
6.4681E-07	1.832207624	0.658288288
6.46103E-07	1.831660645	0.656764907
6.45396E-07	1.831139668	0.65531894
6.44692E-07	1.830641596	0.653949131
6.43989E-07	1.83016346	0.652654171
6.43287E-07	1.82970242	0.651432717
6.42587E-07	1.829255754	0.650283388
6.41888E-07	1.828820858	0.649204776
6.41191E-07	1.828395238	0.648195449
6.40496E-07	1.827976509	0.647253959
6.39802E-07	1.827562388	0.646378842
6.39109E-07	1.827150688	0.645568626
6.38418E-07	1.826739318	0.644821832
6.37729E-07	1.826326271	0.644136977
6.37041E-07	1.825909627	0.643512579
6.36354E-07	1.825487541	0.642947157
6.35637E-07	1.825058244	0.642439234
6.34953E-07	1.824620035	0.641987339
6.34271E-07	1.824171279	0.641590009
6.33591E-07	1.823710399	0.64124579
6.32911E-07	1.823235875	0.640953233
6.32234E-07	1.822746236	0.640710904
6.31558E-07	1.822240061	0.640517375
6.30883E-07	1.821715967	0.640371229
6.30209E-07	1.821172613	0.640271059
6.29537E-07	1.820608688	0.640215465
6.28867E-07	1.820022913	0.640203056
6.28198E-07	1.819414035	0.640232447
6.2753E-07	1.818780821	0.640302257
6.26864E-07	1.818122055	0.64041111
6.26199E-07	1.817436535	0.640557628
6.25536E-07	1.816723071	0.640740433
6.24874E-07	1.815980475	0.640958138
6.24213E-07	1.815207565	0.641209353
6.23554E-07	1.814403155	0.64149267
6.22896E-07	1.813566055	0.641806667
6.2224E-07	1.812695068	0.642149898
6.21585E-07	1.811788986	0.642520892
6.20931E-07	1.810846585	0.642918141
6.20279E-07	1.809866627	0.643340099
6.19628E-07	1.808847854	0.64378517
6.18979E-07	1.807788988	0.644251701
6.18331E-07	1.80668873	0.644737975
6.17684E-07	1.805545756	0.645242198
6.17038E-07	1.804358722	0.645762488
6.16394E-07	1.803126262	0.646296863
6.15751E-07	1.801846991	0.646843231
6.1511E-07	1.800519506	0.647399368
6.1447E-07	1.799142395	0.647962912
6.13831E-07	1.797714241	0.648531335
6.13194E-07	1.796233632	0.649101935
6.12557E-07	1.794699171	0.64967181
6.11923E-07	1.793109493	0.65023784
6.11289E-07	1.791463281	0.650796664
6.10657E-07	1.789759288	0.65134466
6.10026E-07	1.787996368	0.651877922
6.09397E-07	1.786173503	0.652392235
6.08768E-07	1.784289843	0.652883056
6.08141E-07	1.782344753	0.653345496
6.07516E-07	1.780337865	0.653774297
6.06891E-07	1.778269136	0.654163826
6.06268E-07	1.77613892	0.654508062
6.05646E-07	1.773948049	0.6548006
6.05026E-07	1.771697914	0.655034661
6.04377E-07	1.769390567	0.655203116
6.03759E-07	1.767028823	0.655298525
6.03142E-07	1.76461637	0.655313199
6.02527E-07	1.762157882	0.655239283
6.01913E-07	1.759659134	0.655068862
6.013E-07	1.757127107	0.654794106
6.00688E-07	1.754570088	0.65440744
6.00077E-07	1.751997741	0.653901754
5.99468E-07	1.749421158	0.653270642
5.9886E-07	1.746852861	0.652508675
5.98253E-07	1.74430676	0.651611704
5.97648E-07	1.741798043	0.650577172
5.97044E-07	1.739342998	0.64940444
5.96441E-07	1.736958749	0.648095087
5.95839E-07	1.734662918	0.646653189
5.95238E-07	1.732473198	0.645085533
5.94639E-07	1.730406863	0.643401751
5.9404E-07	1.728480216	0.641614349
5.93443E-07	1.726708019	0.639738613
5.92848E-07	1.725102924	0.637792385
5.92253E-07	1.723674941	0.63579569
5.9166E-07	1.722430992	0.633770251
5.91067E-07	1.721374572	0.631738883
5.90476E-07	1.720505561	0.629724825
5.89886E-07	1.719820188	0.627751029
5.89298E-07	1.719311162	0.625839461
5.8871E-07	1.718967962	0.62401046
5.88124E-07	1.718777255	0.62228218
5.87538E-07	1.718723421	0.620670164
5.86954E-07	1.718789141	0.61918705
5.86372E-07	1.718956008	0.617842422
5.8579E-07	1.719205126	0.616642805
5.85209E-07	1.719517664	0.61559178
5.8463E-07	1.719875343	0.614690195
5.84052E-07	1.720260833	0.613936463
5.83474E-07	1.720658064	0.613326894
5.82899E-07	1.721052442	0.612856061
5.82324E-07	1.72143098	0.61251716
5.8175E-07	1.721782353	0.612302357
5.81177E-07	1.722096891	0.612203113
5.80606E-07	1.722366524	0.612210459
5.80036E-07	1.722584687	0.612315246
5.79466E-07	1.7227462	0.612508342
5.78898E-07	1.722847137	0.612780796
5.78331E-07	1.722884682	0.613123965
5.77765E-07	1.722856991	0.613529599
5.77201E-07	1.722763059	0.613989914
5.7661E-07	1.722602584	0.614497624
5.76048E-07	1.72237586	0.615045968
5.75486E-07	1.722083663	0.615628707
5.74926E-07	1.721727164	0.616240123
5.74367E-07	1.721307838	0.616875002
5.73808E-07	1.720827402	0.61752861
5.73251E-07	1.720287747	0.618196666
5.72695E-07	1.719690893	0.618875314
5.7214E-07	1.719038937	0.619561092
5.71587E-07	1.718334028	0.620250902
5.71034E-07	1.717578328	0.620941978
5.70482E-07	1.716773997	0.621631859
5.69932E-07	1.715923167	0.622318358
5.69382E-07	1.715027934	0.62299954
5.68833E-07	1.714090342	0.623673694
5.68286E-07	1.713112376	0.624339311
5.6774E-07	1.712095958	0.624995066
5.67194E-07	1.71104294	0.625639797
5.6665E-07	1.709955103	0.626272484
5.66107E-07	1.708834159	0.626892243
5.65564E-07	1.707681744	0.627498301
5.65023E-07	1.706499423	0.62808999
5.64483E-07	1.705288694	0.628666735
5.63944E-07	1.704050983	0.62922804
5.63406E-07	1.702787651	0.629773483
5.62869E-07	1.701499996	0.630302706
5.62333E-07	1.700189253	0.630815407
5.61798E-07	1.698856599	0.631311334
5.61264E-07	1.697503155	0.631790281
5.60731E-07	1.696129987	0.632252079
5.60199E-07	1.694738114	0.632696596
5.59668E-07	1.693328501	0.633123727
5.59138E-07	1.691902074	0.633533398
5.58609E-07	1.69045971	0.633925555
5.58081E-07	1.689002248	0.634300167
5.57554E-07	1.687530488	0.634657221
5.57028E-07	1.686045194	0.634996719
5.56503E-07	1.684547095	0.635318677
5.55979E-07	1.683036888	0.635623124
5.55456E-07	1.681515239	0.6359101
5.54934E-07	1.679982784	0.636179654
5.54413E-07	1.678440135	0.636431842
5.53893E-07	1.676887876	0.636666728
5.53374E-07	1.675326567	0.636884382
5.52856E-07	1.673756746	0.63708488
5.52339E-07	1.672178929	0.637268301
5.51822E-07	1.670593612	0.637434729
5.51307E-07	1.669001271	0.63758425
5.50768E-07	1.667402366	0.637716956
5.50255E-07	1.665797338	0.637832938
5.49743E-07	1.664186613	0.63793229
5.49232E-07	1.662570601	0.638015108
5.48721E-07	1.660949699	0.638081489
5.48212E-07	1.659324287	0.638131532
5.47703E-07	1.657694737	0.638165337
5.47196E-07	1.656061405	0.638183002
5.46689E-07	1.654424638	0.63818463
5.46183E-07	1.652784769	0.638170319
5.45679E-07	1.651142124	0.638140173
5.45175E-07	1.649497017	0.638094292
5.44672E-07	1.647849753	0.638032778
5.4417E-07	1.646200629	0.637955732
5.43669E-07	1.644549932	0.637863256
5.43169E-07	1.642897942	0.637755451
5.4267E-07	1.641244932	0.637632418
5.42171E-07	1.639591166	0.637494258
5.41674E-07	1.637936901	0.637341072
5.41177E-07	1.63628239	0.63717296
5.40682E-07	1.634627876	0.636990023
5.40187E-07	1.632973599	0.636792361
5.39694E-07	1.631319791	0.636580072
5.39201E-07	1.62966668	0.636353257
5.38709E-07	1.628014488	0.636112014
5.38218E-07	1.626363432	0.635856442
5.37728E-07	1.624713723	0.63558664
5.37238E-07	1.62306557	0.635302705
5.3675E-07	1.621419174	0.635004735
5.36263E-07	1.619774735	0.634692828
5.35776E-07	1.618132446	0.63436708
5.3529E-07	1.616492499	0.634027589
5.34805E-07	1.614855079	0.633674451
5.34322E-07	1.61322037	0.633307763
5.33838E-07	1.611588549	0.632927619
5.33356E-07	1.609959794	0.632534117
5.32875E-07	1.608334276	0.632127351
5.32394E-07	1.606712165	0.631707417
5.31915E-07	1.605093627	0.631274409
5.31436E-07	1.603478823	0.630828423
5.30958E-07	1.601867916	0.630369552
5.30481E-07	1.600261062	0.629897891
5.30005E-07	1.598658415	0.629413534
5.2953E-07	1.597060127	0.628916575
5.29055E-07	1.595466348	0.628407106
5.28582E-07	1.593877225	0.627885223
5.28109E-07	1.592292902	0.627351016
5.27615E-07	1.590713521	0.62680458
5.27144E-07	1.589139222	0.626246007
5.26673E-07	1.587570142	0.62567539
5.26204E-07	1.586006418	0.625092821
5.25736E-07	1.584448183	0.624498392
5.25268E-07	1.582895568	0.623892195
5.24801E-07	1.581348703	0.623274321
5.24335E-07	1.579807714	0.622644862
5.2387E-07	1.578272729	0.622003911
5.23406E-07	1.576743871	0.621351556
5.22942E-07	1.575221262	0.620687891
5.22479E-07	1.573705023	0.620013004
5.22017E-07	1.572195273	0.619326988
5.21556E-07	1.570692128	0.618629932
5.21096E-07	1.569195706	0.617921927
5.20637E-07	1.567706119	0.617203062
5.20178E-07	1.566223481	0.616473427
5.1972E-07	1.564747904	0.615733112
5.19263E-07	1.563279497	0.614982207
5.18807E-07	1.561818369	0.614220801
5.18351E-07	1.560364627	0.613448982
5.17897E-07	1.558918378	0.612666839
5.17443E-07	1.557479726	0.611874462
5.1699E-07	1.556048776	0.611071938
5.16538E-07	1.55462563	0.610259356
5.16086E-07	1.553210389	0.609436804
5.15635E-07	1.551803155	0.60860437
5.15186E-07	1.550404026	0.60776214
5.14736E-07	1.549013102	0.606910204
5.14288E-07	1.54763048	0.606048647
5.13841E-07	1.546256256	0.605177557
5.13394E-07	1.544890527	0.60429702
5.12948E-07	1.543533389	0.603407124
5.12503E-07	1.542184934	0.602507954
5.12058E-07	1.540845257	0.601599597
5.11614E-07	1.539514451	0.600682138
5.11172E-07	1.538192608	0.599755663
5.10729E-07	1.536879819	0.598820258
5.10288E-07	1.535576176	0.597876008
5.09847E-07	1.53428177	0.596922998
5.09408E-07	1.532996689	0.595961313
5.08969E-07	1.531721025	0.594991038
5.0853E-07	1.530454866	0.594012257
5.08093E-07	1.529198301	0.593025054
5.07656E-07	1.527951418	0.592029514
5.0722E-07	1.526714306	0.59102572
5.06784E-07	1.525487053	0.590013756
5.0635E-07	1.524269746	0.588993707
5.05895E-07	1.523062474	0.587965654
5.05462E-07	1.521865323	0.586929682
5.0503E-07	1.520678381	0.585885874
5.04598E-07	1.519501735	0.584834312
5.04168E-07	1.518335474	0.583775079
5.03737E-07	1.517179684	0.582708259
5.03308E-07	1.516034453	0.581633934
5.02879E-07	1.51489987	0.580552187
5.02451E-07	1.513776022	0.5794631
5.02024E-07	1.512662997	0.578366755
5.01598E-07	1.511560884	0.577263236
5.01172E-07	1.510469773	0.576152624
5.00747E-07	1.509389752	0.575035002
5.00323E-07	1.508320913	0.573910453
4.99899E-07	1.507263344	0.57277906
4.99476E-07	1.506217137	0.571640904
4.99054E-07	1.505182385	0.57049607
4.98633E-07	1.504159179	0.569344639
4.98212E-07	1.503147612	0.568186696
4.97792E-07	1.50214778	0.567022323
4.97373E-07	1.501159775	0.565851605
4.96954E-07	1.500183695	0.564674625
4.96536E-07	1.499219636	0.563491468
4.96119E-07	1.498267696	0.562302219
4.95703E-07	1.497327974	0.561106963
4.95287E-07	1.49640057	0.559905785
4.94872E-07	1.495485585	0.558698772
4.94457E-07	1.494583122	0.55748601
4.94044E-07	1.493693286	0.556267589
4.93631E-07	1.492816181	0.555043595
4.93218E-07	1.491951915	0.553814118
4.92807E-07	1.491100596	0.552579247
4.92396E-07	1.490262334	0.551339075
4.91985E-07	1.489437242	0.550093693
4.91576E-07	1.488625432	0.548843193
4.91167E-07	1.487827021	0.547587672
4.90759E-07	1.487042125	0.546327223
4.90351E-07	1.486270864	0.545061944
4.89944E-07	1.48551336	0.543791935
4.89538E-07	1.484769735	0.542517294
4.89133E-07	1.484040115	0.541238124
4.88728E-07	1.483324628	0.53995453
4.88324E-07	1.482623404	0.538666615
4.8792E-07	1.481936575	0.53737449
4.87517E-07	1.481264277	0.536078263
4.87115E-07	1.480606645	0.534778047
4.86714E-07	1.479963821	0.533473957
4.86313E-07	1.479335947	0.532166112
4.85893E-07	1.478723166	0.530854632
4.85494E-07	1.478125628	0.529539641
4.85095E-07	1.477543482	0.528221266
4.84697E-07	1.476976882	0.526899637
4.84299E-07	1.476425982	0.525574889
4.83902E-07	1.475890943	0.524247159
4.83506E-07	1.475371925	0.522916591
4.83111E-07	1.474869094	0.521583329
4.82716E-07	1.474382616	0.520247524
4.82321E-07	1.473912661	0.518909334
4.81928E-07	1.473459404	0.517568918
4.81535E-07	1.473023019	0.516226442
4.81142E-07	1.472603686	0.514882078
4.80751E-07	1.472201588	0.513536003
4.80359E-07	1.471816908	0.512188401
4.79969E-07	1.471449835	0.510839463
4.79579E-07	1.471100558	0.509489384
4.7919E-07	1.470769271	0.508138369
4.78801E-07	1.470456169	0.50678663
4.78414E-07	1.470161451	0.505434386
4.78026E-07	1.469885317	0.504081864
4.7764E-07	1.469627971	0.502729301
4.77253E-07	1.469389616	0.501376941
4.76868E-07	1.469170461	0.500025038
4.76483E-07	1.468970713	0.498673858
4.76099E-07	1.468790584	0.497323674
4.75715E-07	1.468630286	0.495974771
4.75333E-07	1.46849003	0.494627446
4.7495E-07	1.468370032	0.493282004
4.74568E-07	1.468270505	0.491938767
4.74187E-07	1.468191663	0.490598064
4.73807E-07	1.468133721	0.489260242
4.73427E-07	1.468096893	0.487925658
4.73048E-07	1.468081391	0.486594683
4.72669E-07	1.468087427	0.485267704
4.72291E-07	1.46811521	0.483945121
4.71914E-07	1.468164945	0.48262735
4.71537E-07	1.468236838	0.481314822
4.7116E-07	1.468331087	0.480007985
4.70785E-07	1.468447888	0.478707304
4.7041E-07	1.468587431	0.477413259
4.70035E-07	1.4687499	0.47612635
4.69661E-07	1.468935472	0.474847093
4.69288E-07	1.469144316	0.473576024
4.68915E-07	1.469376594	0.472313694
4.68543E-07	1.469632457	0.471060679
4.68172E-07	1.469912045	0.469817568
4.67783E-07	1.470215488	0.468584974
4.67413E-07	1.470542901	0.467363528
4.67043E-07	1.470894386	0.466153881
4.66674E-07	1.47127003	0.464956705
4.66306E-07	1.471669902	0.463772691
4.65938E-07	1.472094053	0.462602552
4.6557E-07	1.472542516	0.461447019
4.65204E-07	1.473015301	0.460306844
4.64837E-07	1.473512397	0.459182799
4.64472E-07	1.474033766	0.458075677
4.64107E-07	1.474579349	0.456986286
4.63742E-07	1.475149053	0.455915458
4.63378E-07	1.475742762	0.454864039
4.63015E-07	1.476360325	0.453832893
4.62652E-07	1.477001558	0.452822901
4.6229E-07	1.477666246	0.451834961
4.61928E-07	1.478354133	0.450869982
4.61567E-07	1.479064928	0.44992889
4.61207E-07	1.479798298	0.449012618
4.60847E-07	1.480553869	0.448122112
4.60487E-07	1.481331224	0.447258327
4.60128E-07	1.4821299	0.446422222
4.5977E-07	1.482949386	0.445614761
4.59412E-07	1.483789124	0.444836912
4.59055E-07	1.484648506	0.444089641
4.58699E-07	1.485526871	0.443373909
4.58343E-07	1.486423507	0.442690675
4.57987E-07	1.487337647	0.442040887
4.57632E-07	1.48826847	0.441425482
4.57278E-07	1.489215099	0.44084538
4.56924E-07	1.490176602	0.440301486
4.56571E-07	1.491151987	0.43979468
4.56218E-07	1.49214021	0.439325817
4.55866E-07	1.493140167	0.438895721
4.55514E-07	1.494150699	0.438505185
4.55163E-07	1.495170591	0.438154963
4.54812E-07	1.496198574	0.437845766
4.54462E-07	1.497233324	0.437578262
4.54113E-07	1.498273467	0.437353066
4.53764E-07	1.499317578	0.437170742
4.53415E-07	1.500364186	0.437031793
4.53067E-07	1.501411773	0.436936663
4.5272E-07	1.502458779	0.436885727
4.52373E-07	1.503503607	0.436879292
4.52027E-07	1.504544624	0.436917591
4.51681E-07	1.505580165	0.437000782
4.51336E-07	1.506608541	0.437128941
4.50991E-07	1.507628038	0.437302062
4.50631E-07	1.508636928	0.437520056
4.50287E-07	1.509633467	0.437782744
4.49944E-07	1.51061591	0.438089859
4.49601E-07	1.511582506	0.438441043
4.49259E-07	1.512531513	0.438835848
4.48918E-07	1.513461199	0.439273733
4.48576E-07	1.514369849	0.439754065
4.48236E-07	1.515255771	0.440276118
4.47896E-07	1.516117306	0.440839079
4.47556E-07	1.516952826	0.441442042
4.47218E-07	1.517760749	0.442084017
4.46879E-07	1.51853954	0.442763925
4.46541E-07	1.519287715	0.44348061
4.46204E-07	1.520003854	0.444232835
4.45867E-07	1.520686599	0.445019287
4.4553E-07	1.521334661	0.445838586
4.45194E-07	1.521946827	0.446689284
4.44859E-07	1.522521963	0.447569873
4.44524E-07	1.523059015	0.448478791
4.4419E-07	1.523557018	0.449414425
4.43856E-07	1.524015093	0.45037512
4.43522E-07	1.524432454	0.451359183
4.4319E-07	1.524808408	0.452364891
4.42857E-07	1.525142356	0.453390495
4.42525E-07	1.525433794	0.454434229
4.42194E-07	1.525682315	0.455494315
4.41863E-07	1.525887607	0.45656897
4.41533E-07	1.526049453	0.457656412
4.41203E-07	1.526167729	0.458754868
4.40873E-07	1.526242405	0.459862575
4.40544E-07	1.526273537	0.460977793
4.40216E-07	1.526261274	0.462098806
4.39888E-07	1.526205845	0.463223925
4.3956E-07	1.526107561	0.464351499
4.39233E-07	1.525966814	0.465479917
4.38907E-07	1.525784065	0.466607609
4.38581E-07	1.525559848	0.467733056
4.38255E-07	1.525294763	0.468854788
4.3793E-07	1.524989467	0.46997139
4.37606E-07	1.524644677	0.471081502
4.37282E-07	1.524261161	0.472183827
4.36958E-07	1.523839734	0.473277125
4.36635E-07	1.523381252	0.474360221
4.36312E-07	1.522886609	0.475432003
4.3599E-07	1.522356734	0.476491422
4.35669E-07	1.521792581	0.477537495
4.35347E-07	1.52119513	0.478569303
4.35011E-07	1.52056538	0.479585992
4.34691E-07	1.519904345	0.480586772
4.34371E-07	1.519213051	0.481570915
4.34052E-07	1.51849253	0.482537755
4.33733E-07	1.517743819	0.483486687
4.33415E-07	1.516967955	0.484417166
4.33097E-07	1.516165971	0.485328703
4.3278E-07	1.515338894	0.486220865
4.32463E-07	1.514487745	0.487093274
4.32146E-07	1.51361353	0.487945601
4.3183E-07	1.512717243	0.488777569
4.31514E-07	1.511799862	0.489588947
4.31199E-07	1.510862347	0.490379548
4.30885E-07	1.509905638	0.491149229
4.30571E-07	1.508930654	0.491897886
4.30257E-07	1.507938293	0.492625454
4.29943E-07	1.506929426	0.493331903
4.29631E-07	1.505904903	0.494017237
4.29318E-07	1.504865546	0.494681489
4.29006E-07	1.503812154	0.495324722
4.28695E-07	1.502745496	0.495947025
4.28384E-07	1.501666316	0.496548512
4.28073E-07	1.500575332	0.497129318
4.27763E-07	1.499473232	0.4976896
4.27454E-07	1.498360679	0.498229532
4.27144E-07	1.497238309	0.498749305
4.26836E-07	1.496106729	0.499249123
4.26527E-07	1.494966522	0.499729206
4.26219E-07	1.493818244	0.500189783
4.25912E-07	1.492662425	0.500631094
4.25605E-07	1.491499569	0.501053385
4.25298E-07	1.490330156	0.501456912
4.24992E-07	1.489154643	0.501841936
4.24687E-07	1.487973462	0.50220872
4.24381E-07	1.486787022	0.502557533
4.24077E-07	1.485595711	0.502888646
4.23772E-07	1.484399894	0.503202329
4.23468E-07	1.483199918	0.503498855
4.23165E-07	1.481996106	0.503778496
4.22862E-07	1.480788766	0.50404152
4.22559E-07	1.479578184	0.504288196
4.22257E-07	1.478364631	0.504518791
4.21955E-07	1.477148359	0.504733564
4.21654E-07	1.475929604	0.504932775
4.21353E-07	1.474708588	0.505116678
4.21053E-07	1.473485517	0.505285522
4.20753E-07	1.472260582	0.50543955
4.20453E-07	1.471033964	0.505579001
4.2014E-07	1.469805828	0.505704107
4.19841E-07	1.468576328	0.505815096
4.19543E-07	1.467345607	0.505912187
4.19245E-07	1.466113798	0.505995594
4.18947E-07	1.464881024	0.506065524
4.1865E-07	1.463647397	0.506122177
4.18354E-07	1.462413021	0.506165745
4.18057E-07	1.461177992	0.506196416
4.17762E-07	1.459942399	0.506214368
4.17466E-07	1.458706324	0.506219773
4.17171E-07	1.45746984	0.506212795
4.16877E-07	1.456233017	0.506193594
4.16583E-07	1.454995918	0.506162318
4.16289E-07	1.453758601	0.506119112
4.15996E-07	1.45252112	0.506064113
4.15703E-07	1.451283523	0.505997449
4.1541E-07	1.450045856	0.505919244
4.15118E-07	1.448808162	0.505829613
4.14827E-07	1.447570479	0.505728667
4.14535E-07	1.446332845	0.505616507
4.14245E-07	1.445095292	0.50549323
4.13954E-07	1.443857855	0.505358926
4.13664E-07	1.442620563	0.50521368
4.13375E-07	1.441383446	0.505057569
4.13085E-07	1.440146533	0.504890665
4.12797E-07	1.438909851	0.504713035
4.12508E-07	1.437673427	0.504524739
4.1222E-07	1.43643729	0.504325834
4.11933E-07	1.435201465	0.504116368
4.11646E-07	1.433965981	0.503896389
4.11359E-07	1.432730866	0.503665935
4.11072E-07	1.431496147	0.503425042
4.10786E-07	1.430261855	0.503173743
4.10501E-07	1.429028021	0.502912062
4.10216E-07	1.427794676	0.502640024
4.09931E-07	1.426561853	0.502357646
4.09647E-07	1.425329589	0.502064943
4.09363E-07	1.424097918	0.501761926
4.09079E-07	1.42286688	0.501448604
4.08796E-07	1.421636515	0.50112498
4.08513E-07	1.420406867	0.500791056
4.0823E-07	1.419177978	0.500446829
4.07948E-07	1.417949898	0.500092296
4.07667E-07	1.416722675	0.49972745
4.07386E-07	1.415496361	0.49935228
4.07105E-07	1.41427101	0.498966777
4.06824E-07	1.413046682	0.498570924
4.06531E-07	1.411823434	0.498164708
4.06251E-07	1.41060133	0.497748111
4.05972E-07	1.409380435	0.497321114
4.05693E-07	1.408160819	0.496883697
4.05414E-07	1.406942552	0.496435838
4.05136E-07	1.405725708	0.495977515
4.04858E-07	1.404510366	0.495508705
4.04581E-07	1.403296605	0.495029384
4.04304E-07	1.402084509	0.494539527
4.04027E-07	1.400874165	0.494039109
4.03751E-07	1.399665661	0.493528106
4.03475E-07	1.39845909	0.493006491
4.032E-07	1.397254548	0.492474239
4.02924E-07	1.396052134	0.491931326
4.0265E-07	1.39485195	0.491377728
4.02375E-07	1.393654099	0.490813419
4.02101E-07	1.39245869	0.490238376
4.01828E-07	1.391265834	0.489652578
4.01554E-07	1.390075644	0.489056002
4.01282E-07	1.388888236	0.488448628
4.01009E-07	1.387703731	0.487830436
4.00737E-07	1.386522251	0.487201408
4.00465E-07	1.385343921	0.486561529
4.00194E-07	1.384168868	0.485910782
3.99923E-07	1.382997223	0.485249156
3.99652E-07	1.38182912	0.484576639
3.99382E-07	1.380664695	0.483893221
3.99112E-07	1.379504085	0.483198896
3.98842E-07	1.378347432	0.482493659
3.98573E-07	1.377194879	0.481777506
3.98304E-07	1.376046571	0.481050439
3.98036E-07	1.374902656	0.480312459
3.97767E-07	1.373763284	0.479563573
3.975E-07	1.372628607	0.478803786
3.97232E-07	1.371498779	0.478033112
3.96965E-07	1.370373957	0.477251562
3.96698E-07	1.369254296	0.476459155
3.96432E-07	1.368139958	0.475655911
3.96166E-07	1.367031103	0.474841851
3.95901E-07	1.365927894	0.474017004
3.95635E-07	1.364830495	0.473181399
3.9537E-07	1.36373907	0.472335069
3.95106E-07	1.362653787	0.471478052
3.94842E-07	1.361574814	0.470610388
3.94578E-07	1.360502318	0.469732122
3.94314E-07	1.359436469	0.468843301
3.94051E-07	1.358377438	0.467943978
3.93788E-07	1.357325395	0.467034208
3.93513E-07	1.356280512	0.466114052
3.93251E-07	1.35524296	0.465183572
3.9299E-07	1.354212912	0.464242837
3.92728E-07	1.35319054	0.463291918
3.92467E-07	1.352176015	0.462330892
3.92206E-07	1.351169511	0.461359837
3.91946E-07	1.350171198	0.460378839
3.91686E-07	1.349181249	0.459387985
3.91426E-07	1.348199835	0.458387368
3.91167E-07	1.347227125	0.457377084
3.90908E-07	1.34626329	0.456357235
3.9065E-07	1.345308498	0.455327925
3.90391E-07	1.344362918	0.454289265
3.90133E-07	1.343426714	0.453241366
3.89876E-07	1.342500054	0.452184348
3.89619E-07	1.3415831	0.451118332
3.89362E-07	1.340676015	0.450043444
3.89105E-07	1.339778959	0.448959815
3.88849E-07	1.338892092	0.447867578
3.88593E-07	1.338015569	0.446766873
3.88337E-07	1.337149547	0.445657842
3.88082E-07	1.336294176	0.444540631
3.87827E-07	1.335449608	0.443415391
3.87573E-07	1.334615989	0.442282277
3.87318E-07	1.333793466	0.441141448
3.87065E-07	1.332982179	0.439993064
3.86811E-07	1.33218227	0.438837293
3.86558E-07	1.331393873	0.437674305
3.86305E-07	1.330617122	0.436504272
3.86052E-07	1.329852148	0.435327371
3.858E-07	1.329099077	0.434143783
3.85548E-07	1.328358033	0.432953692
3.85297E-07	1.327629134	0.431757285
3.85045E-07	1.326912498	0.430554752
3.84794E-07	1.326208236	0.429346287
3.84544E-07	1.325516457	0.428132086
3.84294E-07	1.324837265	0.426912349
3.84044E-07	1.32417076	0.425687278
3.83794E-07	1.323517039	0.424457078
3.83545E-07	1.322876193	0.423221957
3.83296E-07	1.32224831	0.421982125
3.83047E-07	1.321633472	0.420737794
3.82799E-07	1.321031759	0.419489179
3.82551E-07	1.320443244	0.418236497
3.82303E-07	1.319867996	0.416979967
3.82056E-07	1.319306079	0.41571981
3.81809E-07	1.318757555	0.414456248
3.81562E-07	1.318222476	0.413189505
3.81304E-07	1.317700894	0.411919807
3.81058E-07	1.317192852	0.410647381
3.80812E-07	1.316698392	0.409372455
3.80567E-07	1.316217547	0.408095259
3.80321E-07	1.315750348	0.406816021
3.80077E-07	1.315296819	0.405534975
3.79832E-07	1.31485698	0.40425235
3.79588E-07	1.314430845	0.402968379
3.79344E-07	1.314018423	0.401683294
3.79101E-07	1.313619719	0.400397328
3.78857E-07	1.313234731	0.399110714
3.78614E-07	1.312863452	0.397823683
3.78372E-07	1.312505871	0.396536469
3.78129E-07	1.312161972	0.395249302
3.77887E-07	1.311831731	0.393962415
3.77646E-07	1.311515123	0.392676039
3.77404E-07	1.311212115	0.391390401
3.77163E-07	1.310922669	0.390105733
3.76923E-07	1.310646743	0.38882226
3.76682E-07	1.31038429	0.387540211
3.76442E-07	1.310135256	0.386259809
3.76202E-07	1.309899586	0.384981279
3.75963E-07	1.309677215	0.383704842
3.75723E-07	1.309468078	0.382430718
3.75484E-07	1.309272102	0.381159125
3.75246E-07	1.30908921	0.37989028
3.75008E-07	1.308919322	0.378624395
3.7477E-07	1.30876235	0.377361684
3.74532E-07	1.308618206	0.376102354
3.74294E-07	1.308486794	0.374846613
3.74057E-07	1.308368015	0.373594663
3.73821E-07	1.308261765	0.372346707
3.73584E-07	1.308167937	0.371102942
3.73348E-07	1.30808642	0.369863564
3.73112E-07	1.308017097	0.368628764
3.72876E-07	1.30795985	0.367398732
3.72641E-07	1.307914555	0.366173652
3.72406E-07	1.307881085	0.364953708
3.72171E-07	1.307859309	0.363739077
3.71937E-07	1.307849095	0.362529936
3.71703E-07	1.307850303	0.361326455
3.71469E-07	1.307862796	0.360128802
3.71235E-07	1.307886427	0.358937142
3.71002E-07	1.307921052	0.357751634
3.70769E-07	1.30796652	0.356572435
3.70536E-07	1.30802268	0.355399697
3.70304E-07	1.308089376	0.354233569
3.70061E-07	1.308166452	0.353074193
3.69829E-07	1.308253747	0.351921712
3.69598E-07	1.3083511	0.35077626
3.69366E-07	1.308458347	0.349637969
3.69136E-07	1.308575322	0.348506967
3.68905E-07	1.308701856	0.347383377
3.68675E-07	1.30883778	0.346267318
3.68445E-07	1.308982923	0.345158904
3.68215E-07	1.309137112	0.344058247
3.67985E-07	1.309300172	0.342965452
3.67756E-07	1.309471928	0.34188062
3.67527E-07	1.309652204	0.340803849
3.67299E-07	1.309840822	0.339735233
3.6707E-07	1.310037602	0.338674859
3.66842E-07	1.310242367	0.337622812
3.66614E-07	1.310454935	0.336579172
3.66387E-07	1.310675127	0.335544015
3.6616E-07	1.310902761	0.334517412
3.65933E-07	1.311137656	0.33349943
3.65706E-07	1.31137963	0.332490133
3.6548E-07	1.311628503	0.331489579
3.65254E-07	1.311884092	0.330497822
3.65028E-07	1.312146216	0.329514912
3.64802E-07	1.312414694	0.328540897
3.64577E-07	1.312689344	0.327575819
3.64352E-07	1.312969987	0.326619714
3.64128E-07	1.313256442	0.325672618
3.63903E-07	1.313548531	0.324734561
3.63679E-07	1.313846074	0.32380557
3.63455E-07	1.314148894	0.322885665
3.63232E-07	1.314456814	0.321974868
3.63008E-07	1.314769658	0.321073191
3.62785E-07	1.315087251	0.320180648
3.62562E-07	1.31540942	0.319297244
3.6234E-07	1.315735991	0.318422986
3.62118E-07	1.316066795	0.317557872
3.61896E-07	1.31640166	0.316701902
3.61674E-07	1.316740419	0.315855067
3.61453E-07	1.317082905	0.31501736
3.61232E-07	1.317428953	0.314188767
3.61011E-07	1.317778398	0.313369274
3.6079E-07	1.318131079	0.31255886
3.6057E-07	1.318486836	0.311757504
3.6035E-07	1.318845511	0.310965182
3.6013E-07	1.319206946	0.310181865
3.59911E-07	1.319570987	0.309407524
3.59691E-07	1.319937481	0.308642125
3.59472E-07	1.320306279	0.307885633
3.59243E-07	1.32067723	0.307138009
3.59025E-07	1.321050189	0.306399212
3.58807E-07	1.321425011	0.305669199
3.58589E-07	1.321801553	0.304947925
3.58371E-07	1.322179676	0.304235341
3.58154E-07	1.322559241	0.303531398
3.57937E-07	1.322940113	0.302836043
3.5772E-07	1.323322159	0.302149223
3.57503E-07	1.323705246	0.30147088
3.57287E-07	1.324089246	0.300800957
3.57071E-07	1.324474033	0.300139395
3.56855E-07	1.324859481	0.29948613
3.5664E-07	1.32524547	0.2988411
3.56424E-07	1.325631879	0.29820424
3.56209E-07	1.326018591	0.297575484
3.55994E-07	1.326405492	0.296954763
3.5578E-07	1.326792468	0.296342007
3.55566E-07	1.327179409	0.295737147
3.55352E-07	1.327566208	0.29514011
3.55138E-07	1.32795276	0.294550823
3.54925E-07	1.32833896	0.293969212
3.54711E-07	1.328724709	0.293395201
3.54498E-07	1.329109908	0.292828713
3.54286E-07	1.32949446	0.292269671
