8.85714E-07	1.873175124	0.02853939
8.84386E-07	1.873675659	0.028677519
8.83062E-07	1.874178507	0.028815822
8.81742E-07	1.874683687	0.0289543
8.80426E-07	1.875191219	0.029092953
8.79114E-07	1.875701122	0.02923178
8.77806E-07	1.876213418	0.029370781
8.76502E-07	1.876728128	0.029509955
8.75201E-07	1.877245271	0.029649303
8.73905E-07	1.877764869	0.029788824
8.72612E-07	1.878286944	0.029928517
8.71323E-07	1.878811518	0.030068383
8.70038E-07	1.879338613	0.030208421
8.68757E-07	1.87986825	0.030348631
8.67479E-07	1.880400453	0.030489013
8.66205E-07	1.880935244	0.030629566
8.64935E-07	1.881472648	0.03077029
8.63669E-07	1.882012686	0.030911184
8.62406E-07	1.882555383	0.03105225
8.61147E-07	1.883100763	0.031193485
8.59892E-07	1.883648851	0.03133489
8.5864E-07	1.884199672	0.031476465
8.57392E-07	1.884753249	0.031618209
8.56148E-07	1.885309609	0.031760122
8.54907E-07	1.885868778	0.031902204
8.5367E-07	1.886430782	0.032044455
8.52436E-07	1.886995647	0.032186874
8.51206E-07	1.887563399	0.032329461
8.49979E-07	1.888134067	0.032472216
8.48756E-07	1.888707677	0.032615138
8.47537E-07	1.889284258	0.032758228
8.46321E-07	1.889863837	0.032901485
8.45108E-07	1.890446444	0.033044909
8.43899E-07	1.891032108	0.033188499
8.42694E-07	1.891620858	0.033332257
8.41492E-07	1.892212723	0.03347618
8.40293E-07	1.892807735	0.03362027
8.39098E-07	1.893405924	0.033764525
8.37906E-07	1.894007322	0.033908947
8.36717E-07	1.894611959	0.034053534
8.35532E-07	1.895219867	0.034198287
8.3435E-07	1.895831081	0.034343206
8.33172E-07	1.896445631	0.03448829
8.31997E-07	1.897063552	0.034633539
8.30825E-07	1.897684878	0.034778954
8.29656E-07	1.898309644	0.034924534
8.28491E-07	1.898937883	0.03507028
8.27329E-07	1.899569632	0.035216191
8.2617E-07	1.900204926	0.035362267
8.25015E-07	1.900843803	0.035508508
8.23863E-07	1.901486298	0.035654915
8.22714E-07	1.90213245	0.035801488
8.21568E-07	1.902782297	0.035948227
8.20425E-07	1.903435878	0.036095131
8.19286E-07	1.904093231	0.036242202
8.18149E-07	1.904754397	0.036389439
8.17016E-07	1.905419416	0.036536843
8.15886E-07	1.90608833	0.036684414
8.14759E-07	1.906761179	0.036832152
8.13635E-07	1.907438007	0.036980058
8.12515E-07	1.908118857	0.037128133
8.11397E-07	1.908803772	0.037276376
8.10283E-07	1.909492796	0.037424788
8.09171E-07	1.910185976	0.037573371
8.08063E-07	1.910883356	0.037722123
8.06957E-07	1.911584983	0.037871047
8.05855E-07	1.912290904	0.038020143
8.04755E-07	1.913001168	0.038169412
8.03659E-07	1.913715823	0.038318854
8.02566E-07	1.91443492	0.038468471
8.01475E-07	1.915158507	0.038618264
8.00388E-07	1.915886637	0.038768234
7.99303E-07	1.916619361	0.038918381
7.98222E-07	1.917356733	0.039068707
7.97143E-07	1.918098805	0.039219214
7.96067E-07	1.918845634	0.039369903
7.94994E-07	1.919597274	0.039520775
7.93924E-07	1.920353783	0.039671833
7.92857E-07	1.921115216	0.039823077
7.91793E-07	1.921881634	0.03997451
7.90732E-07	1.922653094	0.040126133
7.89673E-07	1.923429659	0.040277949
7.88617E-07	1.924211388	0.04042996
7.87564E-07	1.924998346	0.040582167
7.86514E-07	1.925790594	0.040734575
7.85467E-07	1.926588199	0.040887184
7.84422E-07	1.927391226	0.041039998
7.83381E-07	1.928199741	0.04119302
7.82342E-07	1.929013814	0.041346253
7.81306E-07	1.929833513	0.0414997
7.80272E-07	1.930658909	0.041653363
7.79241E-07	1.931490074	0.041807248
7.78213E-07	1.932327082	0.041961358
7.77188E-07	1.933170006	0.042115696
7.76165E-07	1.934018923	0.042270267
7.75145E-07	1.93487391	0.042425075
7.74128E-07	1.935735045	0.042580124
7.73114E-07	1.936602409	0.042735421
7.72102E-07	1.937476083	0.042890969
7.71092E-07	1.938356151	0.043046774
7.70086E-07	1.939242697	0.043202842
7.69082E-07	1.940135807	0.043359178
7.6808E-07	1.941035569	0.043515789
7.67082E-07	1.941942074	0.043672682
7.66085E-07	1.942855411	0.043829863
7.65092E-07	1.943775675	0.04398734
7.64101E-07	1.94470296	0.044145119
7.63112E-07	1.945637363	0.044303209
7.62126E-07	1.946578982	0.044461619
7.61143E-07	1.947527918	0.044620357
7.60162E-07	1.948484273	0.044779432
7.59184E-07	1.949448152	0.044938853
7.58208E-07	1.950419662	0.045098632
7.57235E-07	1.951398911	0.045258778
7.56264E-07	1.95238601	0.045419303
7.55295E-07	1.953381073	0.045580217
7.5433E-07	1.954384215	0.045741534
7.53366E-07	1.955395553	0.045903266
7.52405E-07	1.956415208	0.046065427
7.51447E-07	1.957443303	0.04622803
7.50491E-07	1.958479962	0.046391091
7.49537E-07	1.959525315	0.046554624
7.48586E-07	1.960579491	0.046718645
7.47637E-07	1.961642624	0.046883173
7.46691E-07	1.96271485	0.047048224
7.45747E-07	1.963796308	0.047213817
7.44805E-07	1.96488714	0.047379971
7.43866E-07	1.965987491	0.047546707
7.42929E-07	1.96709751	0.047714047
7.41995E-07	1.968217348	0.047882012
7.41062E-07	1.969347159	0.048050626
7.40133E-07	1.970487103	0.048219913
7.39205E-07	1.97163734	0.048389901
7.3828E-07	1.972798036	0.048560614
7.37357E-07	1.97396936	0.048732082
7.36437E-07	1.975151484	0.048904335
7.35518E-07	1.976344586	0.049077402
7.34602E-07	1.977548846	0.049251318
7.33689E-07	1.978764449	0.049426115
7.32777E-07	1.979991584	0.04960183
7.31868E-07	1.981230443	0.0497785
7.30961E-07	1.982481226	0.049956165
7.30057E-07	1.983744134	0.050134864
7.29154E-07	1.985019375	0.050314643
7.28254E-07	1.986307161	0.050495544
7.27356E-07	1.987607708	0.050677617
7.2646E-07	1.98892124	0.050860911
7.25567E-07	1.990247983	0.051045477
7.24675E-07	1.99158817	0.051231371
7.23786E-07	1.992942041	0.051418649
7.22899E-07	1.994309838	0.051607371
7.22014E-07	1.995691814	0.051797601
7.21132E-07	1.997088223	0.051989405
7.20251E-07	1.998499328	0.052182851
7.19373E-07	1.9999254	0.052378012
7.18497E-07	2.001366713	0.052574966
7.17623E-07	2.00282355	0.05277379
7.16751E-07	2.0042962	0.05297457
7.15881E-07	2.005784961	0.053177394
7.15013E-07	2.007290138	0.053382353
7.14147E-07	2.008812041	0.053589545
7.13284E-07	2.010350991	0.053799073
7.12422E-07	2.011907317	0.054011041
7.11563E-07	2.013481355	0.054225564
7.10706E-07	2.015073449	0.054442759
7.0985E-07	2.016683954	0.05466275
7.08997E-07	2.018313234	0.054885667
7.08146E-07	2.01996166	0.055111646
7.07297E-07	2.021629615	0.055340832
7.0645E-07	2.023317491	0.055573375
7.05605E-07	2.025025691	0.055809434
7.04762E-07	2.026754627	0.056049175
7.03921E-07	2.028504724	0.056292775
7.03082E-07	2.030276417	0.056540417
7.02245E-07	2.032070151	0.056792295
7.0141E-07	2.033886386	0.057048614
7.00577E-07	2.035725592	0.057309587
6.99746E-07	2.037588251	0.057575441
6.98917E-07	2.039474859	0.057846413
6.9809E-07	2.041385925	0.058122752
6.97264E-07	2.043321972	0.058404722
6.96441E-07	2.045283536	0.0586926
6.9562E-07	2.047271167	0.058986677
6.94801E-07	2.049285429	0.05928726
6.93983E-07	2.051326904	0.059594673
6.93168E-07	2.053396187	0.059909256
6.92354E-07	2.055493887	0.060231369
6.91542E-07	2.057620634	0.060561388
6.90733E-07	2.059777069	0.060899714
6.89925E-07	2.061963854	0.061246765
6.89119E-07	2.064181666	0.061602985
6.88315E-07	2.0664312	0.06196884
6.87512E-07	2.068713169	0.062344823
6.86712E-07	2.071028304	0.062731453
6.85914E-07	2.073377354	0.063129279
6.85117E-07	2.075761088	0.063538876
6.84322E-07	2.078180294	0.063960856
6.83529E-07	2.080635777	0.064395862
6.82738E-07	2.083128364	0.064844573
6.81949E-07	2.085658901	0.065307706
6.81161E-07	2.088228253	0.065786018
6.80376E-07	2.090837305	0.066280307
6.79592E-07	2.093486963	0.066791418
6.7881E-07	2.096178151	0.067320242
6.7803E-07	2.098911815	0.06786772
6.77251E-07	2.101688917	0.068434847
6.76474E-07	2.104510441	0.069022673
6.757E-07	2.107377389	0.069632308
6.74926E-07	2.11029078	0.070264925
6.74155E-07	2.113251651	0.070921762
6.73386E-07	2.116261055	0.071604131
6.72618E-07	2.119320062	0.072313414
6.71852E-07	2.122429753	0.073051075
6.71087E-07	2.125591225	0.073818659
6.70325E-07	2.128805584	0.0746178
6.69564E-07	2.132073944	0.075450225
6.68805E-07	2.135397428	0.076317758
6.68047E-07	2.13877716	0.077222327
6.67292E-07	2.142214268	0.078165971
6.66538E-07	2.145709873	0.079150841
6.65785E-07	2.149265092	0.080179213
6.65035E-07	2.152881031	0.081253489
6.64286E-07	2.156558777	0.082376206
6.63538E-07	2.160299398	0.083550043
6.62793E-07	2.16410393	0.084777827
6.62049E-07	2.167973376	0.086062543
6.61307E-07	2.171908693	0.087407339
6.60566E-07	2.175910787	0.088815535
6.59827E-07	2.179980499	0.090290629
6.5909E-07	2.184118598	0.091836308
6.58355E-07	2.188325766	0.093456454
6.57621E-07	2.192602583	0.095155152
6.56888E-07	2.196949518	0.096936698
6.56158E-07	2.201366906	0.098805604
6.55429E-07	2.205854932	0.10076661
6.54701E-07	2.210413615	0.102824685
6.53975E-07	2.21504278	0.104985038
6.53251E-07	2.219742038	0.107253116
6.52528E-07	2.224510759	0.109634616
6.51807E-07	2.229348048	0.112135481
6.51088E-07	2.234252707	0.114761902
6.5037E-07	2.239223212	0.117520319
6.49654E-07	2.244257669	0.120417415
6.48939E-07	2.249353785	0.123460112
6.48226E-07	2.254508823	0.126655559
6.47515E-07	2.259719564	0.130011119
6.46805E-07	2.264982259	0.133534353
6.46096E-07	2.270292587	0.137232999
6.45389E-07	2.275645606	0.14111494
6.44684E-07	2.281035704	0.145188175
6.4398E-07	2.286456548	0.149460776
6.43278E-07	2.291901039	0.153940843
6.42577E-07	2.297361255	0.158636444
6.41878E-07	2.302828412	0.163555557
6.4118E-07	2.308292809	0.168705991
6.40484E-07	2.313743795	0.174095305
6.39789E-07	2.319169727	0.179730715
6.39096E-07	2.324557943	0.18561899
6.38404E-07	2.329894739	0.191766338
6.37714E-07	2.335165361	0.198178281
6.37026E-07	2.340354005	0.204859519
6.36338E-07	2.345443838	0.211813794
6.35653E-07	2.350417028	0.219043731
6.34968E-07	2.355254805	0.226550687
6.34286E-07	2.359937533	0.234334593
6.33604E-07	2.364444812	0.24239379
6.32925E-07	2.368755606	0.250724877
6.32246E-07	2.372848397	0.259322557
6.31569E-07	2.376701364	0.268179504
6.30894E-07	2.380292594	0.277286237
6.3022E-07	2.383600317	0.286631027
6.29547E-07	2.386603168	0.296199817
6.28876E-07	2.389280469	0.305976189
6.28206E-07	2.391612524	0.31594136
6.27538E-07	2.393580937	0.326074226
6.26871E-07	2.395168922	0.336351445
6.26206E-07	2.396361621	0.346747578
6.25542E-07	2.397146401	0.35723527
6.24879E-07	2.397513142	0.367785491
6.24218E-07	2.397454487	0.378367814
6.23558E-07	2.396966055	0.388950744
6.22899E-07	2.396046613	0.39950208
6.22242E-07	2.39469819	0.409989303
6.21587E-07	2.392926133	0.420379992
6.20932E-07	2.390739099	0.430642244
6.20279E-07	2.388148988	0.440745087
6.19628E-07	2.38517081	0.450658896
6.18978E-07	2.381822489	0.460355763
6.18329E-07	2.378124614	0.469809853
6.17681E-07	2.37410015	0.478997703
6.17035E-07	2.369774096	0.487898476
6.16391E-07	2.365173126	0.496494162
6.15747E-07	2.360325205	0.504769712
6.15105E-07	2.355259199	0.512713121
6.14464E-07	2.350004491	0.520315448
6.13825E-07	2.344590599	0.527570783
6.13187E-07	2.339046828	0.534476158
6.1255E-07	2.333401934	0.541031422
6.11915E-07	2.327683837	0.547239073
6.11281E-07	2.321919355	0.553104055
6.10648E-07	2.316133993	0.558633541
6.10016E-07	2.310351757	0.563836691
6.09386E-07	2.304595017	0.568724412
6.08757E-07	2.298884408	0.573309103
6.0813E-07	2.293238764	0.577604409
6.07503E-07	2.287675086	0.581624989
6.06878E-07	2.282208538	0.58538628
6.06255E-07	2.276852474	0.588904293
6.05632E-07	2.271618477	0.592195412
6.05011E-07	2.26651643	0.595276219
6.04391E-07	2.261554583	0.598163333
6.03772E-07	2.25673965	0.600873273
6.03155E-07	2.252076897	0.603422337
6.02539E-07	2.247570248	0.605826496
6.01924E-07	2.243222385	0.60810131
6.01311E-07	2.239034852	0.610261858
6.00698E-07	2.235008156	0.612322684
6.00087E-07	2.231141867	0.614297749
5.99477E-07	2.227434714	0.616200406
5.98869E-07	2.223884673	0.618043376
5.98261E-07	2.220489054	0.619838739
5.97655E-07	2.217244583	0.621597928
5.9705E-07	2.214147472	0.623331731
5.96447E-07	2.211193488	0.625050302
5.95844E-07	2.208378015	0.626763169
5.95243E-07	2.205696115	0.628479253
5.94643E-07	2.203142569	0.630206887
5.94044E-07	2.200711931	0.63195383
5.93446E-07	2.198398564	0.633727297
5.9285E-07	2.19619668	0.635533977
5.92255E-07	2.194100364	0.637380055
5.91661E-07	2.19210361	0.639271237
5.91068E-07	2.190200339	0.641212774
5.90476E-07	2.188384421	0.643209477
5.89886E-07	2.186649694	0.645265749
5.89296E-07	2.184989978	0.647385594
5.88708E-07	2.183399085	0.649572646
5.88121E-07	2.181870833	0.65183018
5.87536E-07	2.180399054	0.654161133
5.86951E-07	2.178977599	0.656568116
5.86368E-07	2.177600343	0.659053434
5.85785E-07	2.176261194	0.661619093
5.85204E-07	2.174954091	0.664266814
5.84624E-07	2.17367301	0.666998044
5.84045E-07	2.172411964	0.669813967
5.83468E-07	2.171165007	0.672715507
5.82891E-07	2.169926232	0.675703339
5.82316E-07	2.168689776	0.678777892
5.81741E-07	2.167449817	0.681939356
5.81168E-07	2.166200576	0.685187686
5.80596E-07	2.164936321	0.688522599
5.80025E-07	2.163651366	0.691943583
5.79456E-07	2.16234007	0.695449894
5.78887E-07	2.160996847	0.699040556
5.78319E-07	2.15961616	0.702714362
5.77753E-07	2.158192528	0.706469871
5.77188E-07	2.156720534	0.710305406
5.76623E-07	2.155194821	0.714219054
5.7606E-07	2.153610104	0.718208661
5.75498E-07	2.151961174	0.722271832
5.74937E-07	2.150242907	0.726405921
5.74378E-07	2.148450268	0.730608036
5.73819E-07	2.146578326	0.734875029
5.73261E-07	2.144622258	0.739203498
5.72705E-07	2.142577366	0.743589777
5.72149E-07	2.140439086	0.74802994
5.71595E-07	2.138203001	0.752519795
5.71041E-07	2.13586486	0.757054883
5.70489E-07	2.13342059	0.761630475
5.69938E-07	2.130866315	0.766241576
5.69388E-07	2.128198373	0.770882921
5.68839E-07	2.125413338	0.77554898
5.68291E-07	2.122508037	0.78023396
5.67744E-07	2.119479575	0.78493181
5.67198E-07	2.116325355	0.789636231
5.66653E-07	2.113043103	0.794340676
5.66109E-07	2.109630891	0.799038373
5.65566E-07	2.106087163	0.803722326
5.65025E-07	2.102410758	0.808385339
5.64484E-07	2.098600936	0.813020031
5.63944E-07	2.094657406	0.817618857
5.63406E-07	2.090580346	0.822174132
5.62868E-07	2.086370429	0.826678061
5.62331E-07	2.082028846	0.831122768
5.61796E-07	2.07755733	0.835500327
5.61261E-07	2.072958171	0.839802805
5.60728E-07	2.068234236	0.844022302
5.60195E-07	2.063388984	0.84815099
5.59664E-07	2.058426477	0.852181168
5.59133E-07	2.053351385	0.856105309
5.58604E-07	2.048168992	0.859916112
5.58075E-07	2.042885195	0.863606562
5.57548E-07	2.037506493	0.867169988
5.57021E-07	2.032039975	0.870600118
5.56496E-07	2.026493302	0.873891146
5.55971E-07	2.020874679	0.877037792
5.55448E-07	2.015192821	0.880035358
5.54925E-07	2.009456912	0.882879793
5.54404E-07	2.003676555	0.885567747
5.53883E-07	1.997861718	0.888096627
5.53364E-07	1.992022668	0.890464641
5.52845E-07	1.9861699	0.892670849
5.52327E-07	1.980314056	0.894715193
5.51811E-07	1.974465846	0.89659853
5.51295E-07	1.968635954	0.898322649
5.5078E-07	1.962834944	0.899890286
5.50267E-07	1.957073165	0.901305116
5.49754E-07	1.95136065	0.902571749
5.49242E-07	1.945707016	0.903695698
5.48731E-07	1.940121367	0.904683349
5.48221E-07	1.934612201	0.905541908
5.47712E-07	1.929187316	0.906279342
5.47204E-07	1.923853727	0.906904307
5.46697E-07	1.918617595	0.907426062
5.4619E-07	1.913484159	0.907854379
5.45685E-07	1.908457679	0.908199439
5.45181E-07	1.903541403	0.908471724
5.44677E-07	1.898737532	0.908681906
5.44175E-07	1.894047212	0.908840729
5.43673E-07	1.889470533	0.908958891
5.43173E-07	1.885006548	0.909046929
5.42673E-07	1.880653301	0.909115109
5.42174E-07	1.876407875	0.909173314
5.41677E-07	1.872266447	0.909230946
5.4118E-07	1.868224359	0.909296837
5.40684E-07	1.864276197	0.909379167
5.40188E-07	1.860415878	0.909485392
5.39694E-07	1.856636745	0.909622195
5.39201E-07	1.852931662	0.909795435
5.38708E-07	1.849293121	0.910010123
5.38217E-07	1.845713339	0.910270399
5.37726E-07	1.842184361	0.910579536
5.37237E-07	1.838698157	0.91093994
5.36748E-07	1.835246715	0.911353177
5.3626E-07	1.831822127	0.911819995
5.35773E-07	1.828416674	0.912340372
5.35286E-07	1.825022894	0.912913555
5.34801E-07	1.82163365	0.913538117
5.34317E-07	1.818242183	0.914212011
5.33833E-07	1.814842161	0.914932639
5.33351E-07	1.811427717	0.91569691
5.32869E-07	1.807993477	0.916501304
5.32388E-07	1.80453458	0.917341945
5.31908E-07	1.801046693	0.918214656
5.31429E-07	1.797526017	0.919115028
5.3095E-07	1.793969281	0.920038476
5.30473E-07	1.79037374	0.920980299
5.29996E-07	1.786737161	0.921935728
5.2952E-07	1.783057804	0.922899981
5.29045E-07	1.779334404	0.923868302
5.28571E-07	1.775566144	0.924836006
5.28098E-07	1.77175263	0.925798509
5.27626E-07	1.767893864	0.926751365
5.27154E-07	1.76399021	0.927690291
5.26684E-07	1.760042368	0.928611187
5.26214E-07	1.756051339	0.92951016
5.25745E-07	1.7520184	0.930383534
5.25277E-07	1.747945066	0.931227864
5.24809E-07	1.743833067	0.932039945
5.24343E-07	1.739684315	0.932816813
5.23877E-07	1.735500881	0.933555754
5.23412E-07	1.731284964	0.9342543
5.22948E-07	1.727038871	0.934910229
5.22485E-07	1.722764988	0.935521557
5.22023E-07	1.718465767	0.936086542
5.21561E-07	1.714143696	0.936603667
5.211E-07	1.709801292	0.937071639
5.20641E-07	1.705441074	0.937489377
5.20181E-07	1.701065553	0.937856006
5.19723E-07	1.69667722	0.938170843
5.19266E-07	1.692278531	0.938433391
5.18809E-07	1.687871896	0.938643322
5.18353E-07	1.683459672	0.938800476
5.17898E-07	1.679044153	0.938904839
5.17444E-07	1.674627565	0.938956541
5.1699E-07	1.670212057	0.938955841
5.16537E-07	1.6657997	0.938903119
5.16085E-07	1.661392481	0.938798864
5.15634E-07	1.6569923	0.938643663
5.15184E-07	1.652600967	0.938438197
5.14734E-07	1.648220202	0.938183225
5.14286E-07	1.643851636	0.93787958
5.13838E-07	1.639496804	0.937528158
5.13391E-07	1.635157152	0.937129913
5.12944E-07	1.630834035	0.936685845
5.12498E-07	1.626528716	0.936196997
5.12054E-07	1.622242371	0.935664449
5.11609E-07	1.617976089	0.935089306
5.11166E-07	1.613730874	0.934472698
5.10724E-07	1.609507647	0.933815772
5.10282E-07	1.605307247	0.933119688
5.09841E-07	1.601130437	0.932385614
5.094E-07	1.596977903	0.931614719
5.08961E-07	1.59285026	0.930808174
5.08522E-07	1.588748052	0.929967146
5.08084E-07	1.584671755	0.929092793
5.07647E-07	1.580621782	0.928186263
5.0721E-07	1.576598483	0.927248691
5.06775E-07	1.572602153	0.926281197
5.0634E-07	1.568633027	0.925284882
5.05905E-07	1.564691289	0.924260828
5.05472E-07	1.560777074	0.923210095
5.05039E-07	1.556890468	0.922133719
5.04607E-07	1.553031514	0.921032713
5.04176E-07	1.54920021	0.919908064
5.03745E-07	1.545396518	0.91876073
5.03315E-07	1.541620362	0.917591646
5.02886E-07	1.53787163	0.916401714
5.02458E-07	1.534150179	0.91519181
5.0203E-07	1.530455838	0.913962779
5.01603E-07	1.526788405	0.912715439
5.01177E-07	1.523147655	0.911450575
5.00752E-07	1.519533338	0.910168943
5.00327E-07	1.515945183	0.908871271
4.99903E-07	1.512382901	0.907558254
4.9948E-07	1.508846183	0.90623056
4.99057E-07	1.505334705	0.904888824
4.98635E-07	1.501848129	0.903533654
4.98214E-07	1.498386105	0.902165629
4.97794E-07	1.494948269	0.900785297
4.97374E-07	1.49153425	0.89939318
4.96955E-07	1.488143669	0.897989769
4.96537E-07	1.484776137	0.896575531
4.96119E-07	1.481431263	0.895150903
4.95702E-07	1.478108649	0.893716297
4.95286E-07	1.474807895	0.892272099
4.94871E-07	1.471528597	0.890818667
4.94456E-07	1.468270353	0.889356338
4.94042E-07	1.465032758	0.887885422
4.93628E-07	1.461815408	0.886406207
4.93215E-07	1.458617902	0.884918955
4.92803E-07	1.45543984	0.88342391
4.92392E-07	1.452280827	0.88192129
4.91981E-07	1.449140469	0.880411295
4.91571E-07	1.446018381	0.878894103
4.91162E-07	1.442914179	0.877369871
4.90754E-07	1.439827488	0.87583874
4.90346E-07	1.436757937	0.874300829
4.89938E-07	1.433705165	0.872756243
4.89532E-07	1.430668817	0.871205065
4.89126E-07	1.427648545	0.869647367
4.88721E-07	1.424644012	0.868083199
4.88316E-07	1.421654888	0.866512602
4.87912E-07	1.418680854	0.864935597
4.87509E-07	1.4157216	0.863352195
4.87106E-07	1.412776824	0.861762391
4.86704E-07	1.409846239	0.86016617
4.86303E-07	1.406929564	0.858563502
4.85903E-07	1.404026531	0.856954348
4.85503E-07	1.401136885	0.855338657
4.85103E-07	1.398260378	0.853716369
4.84705E-07	1.395396778	0.852087413
4.84307E-07	1.392545861	0.850451709
4.8391E-07	1.389707419	0.848809172
4.83513E-07	1.386881251	0.847159705
4.83117E-07	1.384067172	0.845503206
4.82722E-07	1.381265008	0.843839567
4.82327E-07	1.378474598	0.842168672
4.81933E-07	1.375695791	0.840490403
4.81539E-07	1.372928452	0.838804634
4.81147E-07	1.370172454	0.837111235
4.80754E-07	1.367427687	0.835410076
4.80363E-07	1.36469405	0.833701019
4.79972E-07	1.361971456	0.831983927
4.79582E-07	1.35925983	0.83025866
4.79192E-07	1.356559109	0.828525075
4.78803E-07	1.353869241	0.826783031
4.78415E-07	1.351190189	0.825032384
4.78027E-07	1.348521925	0.823272992
4.7764E-07	1.345864435	0.821504711
4.77254E-07	1.343217715	0.819727402
4.76868E-07	1.340581773	0.817940924
4.76483E-07	1.337956629	0.816145141
4.76098E-07	1.335342313	0.814339916
4.75714E-07	1.332738867	0.812525119
4.75331E-07	1.330146343	0.810700622
4.74948E-07	1.327564804	0.808866299
4.74566E-07	1.324994322	0.80702203
4.74185E-07	1.32243498	0.805167702
4.73804E-07	1.319886871	0.803303203
4.73424E-07	1.317350096	0.801428429
4.73044E-07	1.314824766	0.799543282
4.72665E-07	1.312311001	0.79764767
4.72286E-07	1.309808928	0.795741507
4.71909E-07	1.307318683	0.793824717
4.71531E-07	1.304840409	0.791897228
4.71155E-07	1.302374258	0.789958977
4.70779E-07	1.299920387	0.78800991
4.70403E-07	1.297478959	0.786049981
4.70028E-07	1.295050146	0.784079152
4.69654E-07	1.292634122	0.782097394
4.69281E-07	1.290231069	0.780104688
4.68908E-07	1.287841171	0.778101023
4.68535E-07	1.28546462	0.7760864
4.68163E-07	1.283101608	0.774060828
4.67792E-07	1.280752332	0.772024325
4.67421E-07	1.278416992	0.769976922
4.67051E-07	1.27609579	0.767918659
4.66682E-07	1.27378893	0.765849584
4.66313E-07	1.271496617	0.76376976
4.65944E-07	1.269219057	0.761679256
4.65577E-07	1.266956457	0.759578155
4.6521E-07	1.264709021	0.757466548
4.64843E-07	1.262476957	0.755344538
4.64477E-07	1.260260466	0.753212239
4.64111E-07	1.258059753	0.751069774
4.63747E-07	1.255875015	0.748917276
4.63382E-07	1.253706452	0.746754891
4.63019E-07	1.251554256	0.744582773
4.62655E-07	1.249418617	0.742401086
4.62293E-07	1.247299721	0.740210005
4.61931E-07	1.245197748	0.738009713
4.61569E-07	1.243112874	0.735800403
4.61209E-07	1.241045268	0.733582278
4.60848E-07	1.238995094	0.731355549
4.60488E-07	1.236962508	0.729120436
4.60129E-07	1.234947659	0.726877167
4.59771E-07	1.23295069	0.724625977
4.59413E-07	1.230971734	0.72236711
4.59055E-07	1.229010916	0.720100816
4.58698E-07	1.227068354	0.717827353
4.58342E-07	1.225144155	0.715546984
4.57986E-07	1.223238418	0.713259977
4.5763E-07	1.221351231	0.710966609
4.57276E-07	1.219482672	0.708667157
4.56922E-07	1.21763281	0.706361906
4.56568E-07	1.215801703	0.704051144
4.56215E-07	1.213989398	0.701735161
4.55862E-07	1.212195932	0.699414252
4.5551E-07	1.21042133	0.697088712
4.55159E-07	1.208665607	0.694758839
4.54808E-07	1.206928765	0.692424933
4.54457E-07	1.205210797	0.690087292
4.54108E-07	1.203511683	0.687746216
4.53758E-07	1.201831393	0.685402005
4.53409E-07	1.200169886	0.683054956
4.53061E-07	1.198527108	0.680705365
4.52714E-07	1.196902995	0.678353525
4.52366E-07	1.195297474	0.675999729
4.5202E-07	1.193710458	0.673644264
4.51674E-07	1.192141852	0.671287414
4.51328E-07	1.190591548	0.668929458
4.50983E-07	1.189059432	0.66657067
4.50638E-07	1.187545377	0.664211321
4.50294E-07	1.186049247	0.661851673
4.49951E-07	1.184570897	0.659491982
4.49608E-07	1.183110175	0.6571325
4.49266E-07	1.181666917	0.654773469
4.48924E-07	1.180240955	0.652415124
4.48582E-07	1.178832111	0.650057693
4.48241E-07	1.177440201	0.647701394
4.47901E-07	1.176065033	0.645346438
4.47561E-07	1.174706409	0.642993027
4.47222E-07	1.173364128	0.640641352
4.46883E-07	1.172037981	0.638291596
4.46545E-07	1.170727754	0.635943934
4.46207E-07	1.169433232	0.633598527
4.4587E-07	1.168154194	0.63125553
4.45533E-07	1.166890416	0.628915086
4.45197E-07	1.165641672	0.626577329
4.44861E-07	1.164407734	0.624242382
4.44526E-07	1.163188374	0.621910357
4.44191E-07	1.161983359	0.619581359
4.43857E-07	1.160792461	0.61725548
4.43523E-07	1.159615449	0.614932804
4.4319E-07	1.158452092	0.612613402
4.42857E-07	1.157302163	0.610297339
4.42525E-07	1.156165434	0.607984668
4.42193E-07	1.155041681	0.605675435
4.41862E-07	1.153930682	0.603369674
4.41531E-07	1.152832219	0.601067412
4.41201E-07	1.151746074	0.598768668
4.40871E-07	1.150672038	0.59647345
4.40542E-07	1.149609903	0.59418176
4.40213E-07	1.148559466	0.591893592
4.39885E-07	1.147520529	0.589608934
4.39557E-07	1.146492902	0.587327765
4.3923E-07	1.145476396	0.585050058
4.38903E-07	1.144470832	0.582775781
4.38577E-07	1.143476034	0.580504895
4.38251E-07	1.142491835	0.578237357
4.37926E-07	1.141518072	0.575973117
4.37601E-07	1.14055459	0.573712123
4.37276E-07	1.139601241	0.571454317
4.36952E-07	1.138657884	0.569199639
4.36629E-07	1.137724383	0.566948025
4.36306E-07	1.136800612	0.564699409
4.35984E-07	1.13588645	0.562453722
4.35662E-07	1.134981783	0.560210893
4.3534E-07	1.134086505	0.557970851
4.35019E-07	1.133200516	0.555733522
4.34698E-07	1.132323725	0.553498834
4.34378E-07	1.131456044	0.551266712
4.34059E-07	1.130597395	0.549037083
4.33739E-07	1.129747705	0.546809874
4.33421E-07	1.128906908	0.544585014
4.33103E-07	1.128074944	0.542362431
4.32785E-07	1.127251759	0.540142057
4.32468E-07	1.126437304	0.537923825
4.32151E-07	1.125631536	0.53570767
4.31834E-07	1.124834419	0.533493529
4.31518E-07	1.124045919	0.531281344
4.31203E-07	1.12326601	0.529071058
4.30888E-07	1.122494668	0.526862617
4.30574E-07	1.121731874	0.524655972
4.30259E-07	1.120977614	0.522451077
4.29946E-07	1.120231876	0.52024789
4.29633E-07	1.119494653	0.518046372
4.2932E-07	1.118765941	0.51584649
4.29008E-07	1.118045736	0.513648213
4.28696E-07	1.117334041	0.511451515
4.28385E-07	1.116630857	0.509256377
4.28074E-07	1.11593619	0.50706278
4.27763E-07	1.115250045	0.504870712
4.27453E-07	1.114572431	0.502680167
4.27144E-07	1.113903355	0.50049114
4.26835E-07	1.113242827	0.498303633
4.26526E-07	1.112590857	0.496117652
4.26218E-07	1.111947454	0.493933206
4.2591E-07	1.111312628	0.491750311
4.25603E-07	1.110686389	0.489568986
4.25296E-07	1.110068744	0.487389253
4.2499E-07	1.109459702	0.48521114
4.24684E-07	1.108859269	0.483034678
4.24378E-07	1.108267451	0.480859904
4.24073E-07	1.107684251	0.478686855
4.23768E-07	1.107109671	0.476515576
4.23464E-07	1.106543711	0.474346111
4.2316E-07	1.105986369	0.472178512
4.22857E-07	1.105437641	0.470012831
4.22554E-07	1.10489752	0.467849125
4.22252E-07	1.104365996	0.465687452
4.2195E-07	1.103843057	0.463527875
4.21648E-07	1.103328688	0.461370457
4.21347E-07	1.102822871	0.459215267
4.21046E-07	1.102325584	0.457062372
4.20746E-07	1.101836804	0.454911845
4.20446E-07	1.101356503	0.452763758
4.20147E-07	1.10088465	0.450618186
4.19847E-07	1.10042121	0.448475206
4.19549E-07	1.099966146	0.446334894
4.19251E-07	1.099519417	0.444197331
4.18953E-07	1.099080978	0.442062595
4.18656E-07	1.098650782	0.439930768
4.18359E-07	1.098228775	0.43780193
4.18062E-07	1.097814904	0.435676164
4.17766E-07	1.097409108	0.433553551
4.1747E-07	1.097011328	0.431434174
4.17175E-07	1.096621495	0.429318116
4.1688E-07	1.096239542	0.427205457
4.16586E-07	1.095865396	0.42509628
4.16292E-07	1.095498981	0.422990667
4.15998E-07	1.095140218	0.420888698
4.15705E-07	1.094789025	0.418790453
4.15412E-07	1.094445315	0.416696012
4.1512E-07	1.094109001	0.414605453
4.14828E-07	1.09377999	0.412518853
4.14537E-07	1.093458188	0.410436288
4.14246E-07	1.093143497	0.408357834
4.13955E-07	1.092835817	0.406283562
4.13665E-07	1.092535044	0.404213547
4.13375E-07	1.092241074	0.402147857
4.13085E-07	1.091953797	0.400086563
4.12796E-07	1.091673104	0.39802973
4.12507E-07	1.09139888	0.395977425
4.12219E-07	1.091131011	0.393929711
4.11931E-07	1.090869379	0.39188665
4.11644E-07	1.090613865	0.389848302
4.11357E-07	1.090364348	0.387814723
4.1107E-07	1.090120703	0.385785971
4.10784E-07	1.089882807	0.383762099
4.10498E-07	1.089650532	0.381743159
4.10213E-07	1.089423751	0.379729201
4.09928E-07	1.089202334	0.377720272
4.09643E-07	1.088986149	0.375716417
4.09359E-07	1.088775065	0.37371768
4.09075E-07	1.088568948	0.371724103
4.08791E-07	1.088367665	0.369735724
4.08508E-07	1.088171079	0.367752581
4.08225E-07	1.087979055	0.365774709
4.07943E-07	1.087791456	0.36380214
4.07661E-07	1.087608143	0.361834906
4.0738E-07	1.08742898	0.359873035
4.07098E-07	1.087253827	0.357916554
4.06818E-07	1.087082545	0.355965488
4.06537E-07	1.086914995	0.354019861
4.06257E-07	1.086751038	0.352079692
4.05978E-07	1.086590532	0.350145002
4.05699E-07	1.086433339	0.348215807
4.0542E-07	1.086279319	0.346292124
4.05141E-07	1.086128331	0.344373965
4.04863E-07	1.085980236	0.342461343
4.04586E-07	1.085834894	0.340554269
4.04308E-07	1.085692166	0.338652752
4.04031E-07	1.085551913	0.336756798
4.03755E-07	1.085413997	0.334866414
4.03479E-07	1.085278278	0.332981604
4.03203E-07	1.085144619	0.33110237
4.02927E-07	1.085012883	0.329228715
4.02652E-07	1.084882933	0.32736064
4.02378E-07	1.084754633	0.325498142
4.02103E-07	1.084627849	0.32364122
4.0183E-07	1.084502444	0.321789871
4.01556E-07	1.084378285	0.31994409
4.01283E-07	1.08425524	0.318103873
4.0101E-07	1.084133176	0.316269213
4.00738E-07	1.084011961	0.314440102
4.00466E-07	1.083891465	0.312616533
4.00194E-07	1.083771559	0.310798497
3.99923E-07	1.083652114	0.308985984
3.99652E-07	1.083533003	0.307178983
3.99381E-07	1.083414099	0.305377484
3.99111E-07	1.083295278	0.303581475
3.98841E-07	1.083176415	0.301790943
3.98571E-07	1.083057386	0.300005876
3.98302E-07	1.082938071	0.298226259
3.98034E-07	1.08281835	0.296452079
3.97765E-07	1.082698102	0.294683321
3.97497E-07	1.08257721	0.29291997
3.97229E-07	1.082455559	0.291162011
3.96962E-07	1.082333033	0.289409428
3.96695E-07	1.082209518	0.287662204
3.96429E-07	1.082084905	0.285920322
3.96162E-07	1.081959081	0.284183767
3.95896E-07	1.08183194	0.28245252
3.95631E-07	1.081703374	0.280726563
3.95366E-07	1.08157328	0.27900588
3.95101E-07	1.081441556	0.27729045
3.94836E-07	1.0813081	0.275580257
3.94572E-07	1.081172815	0.273875282
3.94309E-07	1.081035606	0.272175505
3.94045E-07	1.080896379	0.270480908
3.93782E-07	1.080755045	0.268791472
3.93519E-07	1.080611516	0.267107178
3.93257E-07	1.080465706	0.265428007
3.92995E-07	1.080317536	0.263753942
3.92733E-07	1.080166927	0.262084963
3.92472E-07	1.080013804	0.260421053
3.92211E-07	1.079858097	0.258762195
3.91951E-07	1.079699738	0.257108374
3.9169E-07	1.079538664	0.255459573
3.9143E-07	1.079374816	0.253815779
3.91171E-07	1.079208138	0.252176979
3.90912E-07	1.079038581	0.250543164
3.90653E-07	1.078866097	0.248914324
3.90394E-07	1.078690645	0.247290453
3.90136E-07	1.078512187	0.245671547
3.89878E-07	1.078330689	0.244057607
3.89621E-07	1.078146123	0.242448635
3.89364E-07	1.077958464	0.240844637
3.89107E-07	1.077767691	0.239245623
3.8885E-07	1.077573787	0.237651609
3.88594E-07	1.077376738	0.236062613
3.88338E-07	1.077176534	0.234478659
3.88083E-07	1.076973167	0.232899777
3.87828E-07	1.076766634	0.231325998
3.87573E-07	1.07655693	0.229757364
3.87318E-07	1.076344055	0.228193916
3.87064E-07	1.07612801	0.226635706
3.8681E-07	1.075908796	0.225082785
3.86557E-07	1.075686415	0.223535214
3.86304E-07	1.075460868	0.221993055
3.86051E-07	1.075232159	0.220456377
3.85798E-07	1.075000289	0.21892525
3.85546E-07	1.074765259	0.217399749
3.85294E-07	1.07452707	0.215879953
3.85043E-07	1.07428572	0.214365943
3.84792E-07	1.07404121	0.212857801
3.84541E-07	1.073793536	0.211355611
3.8429E-07	1.073542696	0.209859461
3.8404E-07	1.073288686	0.208369436
3.8379E-07	1.073031502	0.206885624
3.83541E-07	1.072771139	0.205408113
3.83292E-07	1.072507595	0.203936991
3.83043E-07	1.072240864	0.202472343
3.82794E-07	1.071970943	0.201014256
3.82546E-07	1.07169783	0.199562815
3.82298E-07	1.071421523	0.198118105
3.8205E-07	1.071142023	0.196680207
3.81803E-07	1.070859333	0.195249205
3.81556E-07	1.070573456	0.193825178
3.81309E-07	1.070284399	0.192408204
3.81063E-07	1.069992172	0.190998362
3.80817E-07	1.069696788	0.189595728
3.80571E-07	1.069398262	0.188200376
3.80326E-07	1.069096612	0.186812379
3.80081E-07	1.068791862	0.185431812
3.79836E-07	1.068484037	0.184058744
3.79592E-07	1.068173167	0.182693245
3.79348E-07	1.067859285	0.181335386
3.79104E-07	1.067542429	0.179985233
3.7886E-07	1.067222641	0.178642854
3.78617E-07	1.066899964	0.177308316
3.78374E-07	1.066574449	0.175981684
3.78132E-07	1.066246148	0.174663022
3.7789E-07	1.06591512	0.173352395
3.77648E-07	1.065581423	0.172049865
3.77406E-07	1.065245125	0.170755495
3.77165E-07	1.064906293	0.169469347
3.76924E-07	1.064564999	0.16819148
3.76683E-07	1.064221321	0.166921955
3.76443E-07	1.063875338	0.16566083
3.76203E-07	1.063527133	0.164408164
3.75963E-07	1.063176795	0.163164014
3.75723E-07	1.062824412	0.161928436
3.75484E-07	1.06247008	0.160701484
3.75245E-07	1.062113895	0.159483212
3.75007E-07	1.061755958	0.158273673
3.74769E-07	1.061396373	0.157072918
3.74531E-07	1.061035245	0.155880996
3.74293E-07	1.060672686	0.154697957
3.74056E-07	1.060308807	0.153523847
3.73819E-07	1.059943723	0.15235871
3.73582E-07	1.059577553	0.151202592
3.73345E-07	1.059210417	0.150055532
3.73109E-07	1.058842438	0.148917571
3.72873E-07	1.058473741	0.147788746
3.72638E-07	1.058104454	0.146669094
3.72403E-07	1.057734707	0.145558648
3.72168E-07	1.057364632	0.144457439
3.71933E-07	1.056994362	0.143365496
3.71699E-07	1.056624034	0.142282847
3.71465E-07	1.056253784	0.141209514
3.71231E-07	1.055883753	0.14014552
3.70997E-07	1.05551408	0.139090883
3.70764E-07	1.055144908	0.138045621
3.70531E-07	1.054776379	0.137009746
3.70299E-07	1.05440864	0.13598327
3.70066E-07	1.054041834	0.1349662
3.69834E-07	1.053676108	0.133958541
3.69603E-07	1.05331161	0.132960296
3.69371E-07	1.052948488	0.131971462
3.6914E-07	1.05258689	0.130992038
3.68909E-07	1.052226965	0.130022014
3.68679E-07	1.051868863	0.129061381
3.68448E-07	1.051512732	0.128110125
3.68218E-07	1.051158723	0.12716823
3.67989E-07	1.050806985	0.126235676
3.67759E-07	1.050457667	0.125312439
3.6753E-07	1.050110918	0.124398493
3.67301E-07	1.049766886	0.12349381
3.67073E-07	1.04942572	0.122598355
3.66844E-07	1.049087566	0.121712093
3.66616E-07	1.048752572	0.120834984
3.66389E-07	1.048420882	0.119966986
3.66161E-07	1.048092641	0.119108053
3.65934E-07	1.047767993	0.118258137
3.65707E-07	1.047447078	0.117417184
3.65481E-07	1.047130038	0.116585141
3.65254E-07	1.046817012	0.115761947
3.65028E-07	1.046508136	0.114947543
3.64803E-07	1.046203547	0.114141864
3.64577E-07	1.045903378	0.113344842
3.64352E-07	1.045607761	0.112556407
3.64127E-07	1.045316826	0.111776486
3.63902E-07	1.045030699	0.111005004
3.63678E-07	1.044749507	0.110241881
3.63454E-07	1.044473372	0.109487035
3.6323E-07	1.044202414	0.108740385
3.63007E-07	1.043936752	0.108001842
3.62783E-07	1.043676501	0.107271318
3.6256E-07	1.043421772	0.106548721
3.62338E-07	1.043172677	0.10583396
3.62115E-07	1.042929322	0.105126937
3.61893E-07	1.04269181	0.104427554
3.61671E-07	1.042460243	0.103735713
3.6145E-07	1.042234719	0.103051312
3.61228E-07	1.042015333	0.102374246
3.61007E-07	1.041802177	0.101704411
3.60786E-07	1.041595338	0.101041699
3.60566E-07	1.041394903	0.100386003
3.60346E-07	1.041200954	0.099737212
3.60126E-07	1.041013569	0.099095215
3.59906E-07	1.040832823	0.098459901
3.59686E-07	1.040658789	0.097831154
3.59467E-07	1.040491536	0.097208861
3.59248E-07	1.040331129	0.096592906
3.5903E-07	1.040177629	0.095983172
3.58811E-07	1.040031095	0.095379543
3.58593E-07	1.039891582	0.0947819
3.58375E-07	1.039759142	0.094190127
3.58158E-07	1.039633823	0.093604102
3.5794E-07	1.03951567	0.093023709
3.57723E-07	1.039404724	0.092448827
3.57506E-07	1.039301023	0.091879337
3.5729E-07	1.039204601	0.09131512
3.57074E-07	1.039115491	0.090756055
3.56858E-07	1.039033721	0.090202025
3.56642E-07	1.038959313	0.089652909
3.56426E-07	1.038892292	0.08910859
3.56211E-07	1.038832673	0.088568948
3.55996E-07	1.038780474	0.088033867
3.55781E-07	1.038735704	0.087503228
3.55567E-07	1.038698374	0.086976915
3.55353E-07	1.038668489	0.086454812
3.55139E-07	1.038646052	0.085936804
3.54925E-07	1.038631062	0.085422778
3.54712E-07	1.038623516	0.084912618
3.54499E-07	1.038623409	0.084406215
3.54286E-07	1.038630732	0.083903455
