8.85714E-07	1.856050619	0.008963593
8.84388E-07	1.85653435	0.009077527
8.83065E-07	1.857020243	0.009191363
8.81746E-07	1.857508317	0.0093051
8.80432E-07	1.857998592	0.009418732
8.79121E-07	1.858491088	0.009532258
8.77814E-07	1.858985824	0.009645672
8.76511E-07	1.85948282	0.009758973
8.75212E-07	1.859982097	0.009872155
8.73916E-07	1.860483675	0.009985217
8.72625E-07	1.860987576	0.010098154
8.71337E-07	1.861493821	0.010210961
8.70053E-07	1.862002431	0.010323637
8.68773E-07	1.862513427	0.010436177
8.67497E-07	1.863026833	0.010548577
8.66224E-07	1.86354267	0.010660833
8.64955E-07	1.864060961	0.010772941
8.6369E-07	1.864581729	0.010884898
8.62429E-07	1.865104998	0.0109967
8.61171E-07	1.865630791	0.011108342
8.59917E-07	1.866159132	0.011219821
8.58666E-07	1.866690045	0.011331132
8.57419E-07	1.867223554	0.011442272
8.56176E-07	1.867759686	0.011553235
8.54878E-07	1.868298465	0.011664019
8.53642E-07	1.868839917	0.011774618
8.52409E-07	1.869384067	0.011885029
8.51181E-07	1.869930943	0.011995246
8.49955E-07	1.87048057	0.012105266
8.48734E-07	1.871032977	0.012215084
8.47516E-07	1.87158819	0.012324696
8.46301E-07	1.872146238	0.012434097
8.4509E-07	1.872707149	0.012543283
8.43882E-07	1.873270951	0.012652248
8.42678E-07	1.873837674	0.012760989
8.41477E-07	1.874407348	0.0128695
8.40279E-07	1.874980001	0.012977777
8.39085E-07	1.875555666	0.013085815
8.37894E-07	1.876134372	0.013193609
8.36707E-07	1.876716151	0.013301155
8.35523E-07	1.877301034	0.013408446
8.34343E-07	1.877889055	0.013515479
8.33165E-07	1.878480246	0.013622249
8.31991E-07	1.879074639	0.013728749
8.30821E-07	1.879672269	0.013834976
8.29653E-07	1.880273171	0.013940924
8.28489E-07	1.880877378	0.014046587
8.27329E-07	1.881484926	0.014151961
8.26171E-07	1.882095851	0.01425704
8.25017E-07	1.88271019	0.014361819
8.23866E-07	1.883327979	0.014466293
8.22718E-07	1.883949256	0.014570456
8.21573E-07	1.884574059	0.014674302
8.20431E-07	1.885202426	0.014777826
8.19293E-07	1.885834398	0.014881024
8.18158E-07	1.886470013	0.014983888
8.17026E-07	1.887109313	0.015086413
8.15897E-07	1.887752339	0.015188595
8.14771E-07	1.888399132	0.015290426
8.13648E-07	1.889049735	0.015391902
8.12529E-07	1.889704191	0.015493016
8.11412E-07	1.890362545	0.015593764
8.10299E-07	1.891024841	0.015694138
8.09188E-07	1.891691124	0.015794133
8.08081E-07	1.89236144	0.015893744
8.06976E-07	1.893035836	0.015992964
8.05875E-07	1.89371436	0.016091787
8.04777E-07	1.89439706	0.016190208
8.03681E-07	1.895083986	0.01628822
8.02589E-07	1.895775187	0.016385817
8.015E-07	1.896470714	0.016482994
8.00413E-07	1.897170619	0.016579744
7.99278E-07	1.897874955	0.016676062
7.98198E-07	1.898583775	0.01677194
7.9712E-07	1.899297134	0.016867374
7.96045E-07	1.900015086	0.016962357
7.94974E-07	1.900737688	0.017056882
7.93905E-07	1.901464998	0.017150944
7.92839E-07	1.902197074	0.017244537
7.91776E-07	1.902933974	0.017337655
7.90715E-07	1.90367576	0.017430291
7.89658E-07	1.904422492	0.017522439
7.88603E-07	1.905174234	0.017614093
7.87552E-07	1.905931048	0.017705248
7.86503E-07	1.906692999	0.017795897
7.85456E-07	1.907460154	0.017886034
7.84413E-07	1.908232578	0.017975654
7.83372E-07	1.909010342	0.018064749
7.82334E-07	1.909793513	0.018153316
7.81299E-07	1.910582163	0.018241346
7.80267E-07	1.911376363	0.018328836
7.79237E-07	1.912176188	0.018415779
7.7821E-07	1.912981712	0.018502169
7.77186E-07	1.91379301	0.018588001
7.76164E-07	1.914610161	0.018673269
7.75145E-07	1.915433244	0.018757968
7.74129E-07	1.916262339	0.018842093
7.73116E-07	1.917097527	0.018925638
7.72105E-07	1.917938894	0.019008599
7.71096E-07	1.918786522	0.01909097
7.70091E-07	1.919640501	0.019172746
7.69088E-07	1.920500917	0.019253924
7.68087E-07	1.921367862	0.019334497
7.67089E-07	1.922241426	0.019414463
7.66094E-07	1.923121704	0.019493816
7.65101E-07	1.924008792	0.019572553
7.64111E-07	1.924902786	0.01965067
7.63124E-07	1.925803786	0.019728164
7.62139E-07	1.926711894	0.019805031
7.61156E-07	1.927627213	0.019881267
7.60177E-07	1.928549848	0.019956871
7.59199E-07	1.929479907	0.02003184
7.58224E-07	1.9304175	0.020106171
7.57252E-07	1.931362738	0.020179862
7.56282E-07	1.932315736	0.020252913
7.55315E-07	1.933276611	0.020325321
7.5435E-07	1.934245481	0.020397086
7.53387E-07	1.935222469	0.020468208
7.52427E-07	1.936207698	0.020538687
7.51424E-07	1.937201295	0.020608522
7.50469E-07	1.938203389	0.020677716
7.49516E-07	1.939214112	0.020746269
7.48566E-07	1.9402336	0.020814183
7.47618E-07	1.94126199	0.020881462
7.46673E-07	1.942299422	0.020948109
7.4573E-07	1.943346041	0.021014126
7.44789E-07	1.944401993	0.021079519
7.43851E-07	1.945467429	0.021144294
7.42915E-07	1.946542501	0.021208455
7.41982E-07	1.947627368	0.021272011
7.41051E-07	1.948722187	0.021334968
7.40122E-07	1.949827125	0.021397335
7.39195E-07	1.950942347	0.021459123
7.38271E-07	1.952068025	0.02152034
7.37349E-07	1.953204335	0.021580999
7.3643E-07	1.954351454	0.021641113
7.35512E-07	1.955509567	0.021700695
7.34597E-07	1.95667886	0.021759761
7.33684E-07	1.957859524	0.021818327
7.32774E-07	1.959051756	0.02187641
7.31866E-07	1.960255757	0.02193403
7.3096E-07	1.96147173	0.021991209
7.30056E-07	1.962699887	0.022047967
7.29154E-07	1.963940441	0.02210433
7.28255E-07	1.965193613	0.022160323
7.27358E-07	1.966459628	0.022215973
7.26463E-07	1.967738717	0.022271312
7.25571E-07	1.969031114	0.02232637
7.2468E-07	1.970337062	0.022381182
7.23792E-07	1.971656809	0.022435785
7.22906E-07	1.972990607	0.022490216
7.22022E-07	1.974338715	0.022544519
7.2114E-07	1.975701401	0.022598736
7.2026E-07	1.977078936	0.022652916
7.19383E-07	1.978471599	0.022707108
7.18507E-07	1.979879676	0.022761366
7.17634E-07	1.98130346	0.022815746
7.16763E-07	1.982743252	0.02287031
7.15894E-07	1.984199359	0.022925121
7.15027E-07	1.985672097	0.022980248
7.14162E-07	1.987161788	0.023035762
7.133E-07	1.988668765	0.023091741
7.12439E-07	1.990193368	0.023148266
7.1158E-07	1.991735945	0.023205423
7.10724E-07	1.993296853	0.023263304
7.09869E-07	1.994876459	0.023322006
7.09017E-07	1.99647514	0.023381632
7.08126E-07	1.99809328	0.02344229
7.07278E-07	1.999731275	0.023504096
7.06432E-07	2.001389531	0.023567172
7.05588E-07	2.003068465	0.023631646
7.04746E-07	2.004768502	0.023697657
7.03906E-07	2.006490082	0.023765348
7.03067E-07	2.008233654	0.023834872
7.02231E-07	2.009999679	0.023906392
7.01397E-07	2.011788631	0.02398008
7.00565E-07	2.013600995	0.024056115
6.99735E-07	2.015437269	0.02413469
6.98907E-07	2.017297965	0.024216008
6.9808E-07	2.019183608	0.024300283
6.97256E-07	2.021094736	0.024387741
6.96434E-07	2.023031902	0.024478623
6.95613E-07	2.024995673	0.024573181
6.94795E-07	2.02698663	0.024671683
6.93978E-07	2.029005372	0.024774414
6.93163E-07	2.03105251	0.024881671
6.92351E-07	2.033128673	0.024993771
6.9154E-07	2.035234506	0.025111049
6.90731E-07	2.03737067	0.025233859
6.89924E-07	2.039537844	0.025362573
6.89119E-07	2.041736724	0.025497588
6.88315E-07	2.043968023	0.02563932
6.87514E-07	2.046232472	0.025788212
6.86714E-07	2.048530823	0.025944729
6.85917E-07	2.050863842	0.026109365
6.85121E-07	2.053232318	0.026282642
6.84327E-07	2.055637058	0.02646511
6.83535E-07	2.058078887	0.026657353
6.82744E-07	2.060558653	0.026859986
6.81956E-07	2.06307722	0.027073659
6.81169E-07	2.065635475	0.027299063
6.80384E-07	2.068234323	0.027536924
6.79601E-07	2.070874692	0.027788011
6.7882E-07	2.073557526	0.028053138
6.7804E-07	2.076283793	0.028333164
6.77263E-07	2.079054478	0.028628999
6.76487E-07	2.081870587	0.028941603
6.75712E-07	2.084733146	0.029271992
6.7494E-07	2.087643197	0.029621239
6.7417E-07	2.090601804	0.029990481
6.73401E-07	2.093610044	0.030380916
6.72634E-07	2.096669015	0.030793813
6.71868E-07	2.099779828	0.031230512
6.71105E-07	2.102943607	0.031692431
6.70343E-07	2.106161493	0.032181067
6.69546E-07	2.109434632	0.032698003
6.68788E-07	2.112764185	0.033244909
6.68031E-07	2.116151315	0.033823552
6.67277E-07	2.119597193	0.034435799
6.66523E-07	2.123102987	0.03508362
6.65772E-07	2.126669866	0.035769096
6.65022E-07	2.130298992	0.036494424
6.64274E-07	2.133991515	0.037261923
6.63527E-07	2.137748573	0.038074039
6.62783E-07	2.14157128	0.038933355
6.6204E-07	2.145460724	0.039842594
6.61298E-07	2.149417962	0.040804624
6.60558E-07	2.153444008	0.04182247
6.5982E-07	2.157539826	0.042899317
6.59084E-07	2.161706323	0.044038521
6.58349E-07	2.165944337	0.045243608
6.57616E-07	2.170254627	0.046518289
6.56884E-07	2.174637857	0.047866465
6.56154E-07	2.179094589	0.04929223
6.55426E-07	2.183625261	0.05079988
6.54699E-07	2.188230176	0.052393919
6.53974E-07	2.192909482	0.054079065
6.5325E-07	2.197663154	0.055860251
6.52529E-07	2.202490972	0.057742635
6.51808E-07	2.207392497	0.059731598
6.5109E-07	2.212367052	0.061832746
6.50372E-07	2.217413688	0.064051913
6.49657E-07	2.222531164	0.066395158
6.48943E-07	2.227717911	0.068868761
6.4823E-07	2.232972002	0.071479219
6.4752E-07	2.23829112	0.074233236
6.4681E-07	2.24367252	0.077137711
6.46103E-07	2.249112994	0.080199724
6.45396E-07	2.25460883	0.083426519
6.44692E-07	2.260155773	0.086825478
6.43989E-07	2.265748986	0.090404093
6.43287E-07	2.271383004	0.094169934
6.42587E-07	2.277051696	0.098130611
6.41888E-07	2.282748225	0.102293723
6.41191E-07	2.288465001	0.106666813
6.40496E-07	2.294193651	0.111257302
6.39802E-07	2.299924979	0.116072427
6.39109E-07	2.305648936	0.121119162
6.38418E-07	2.311354592	0.126404134
6.37729E-07	2.317030121	0.131933538
6.37041E-07	2.322662783	0.13771303
6.36354E-07	2.328238927	0.143747624
6.35637E-07	2.333743998	0.15004158
6.34953E-07	2.339162559	0.156598279
6.34271E-07	2.344478324	0.163420102
6.33591E-07	2.349674218	0.170508298
6.32911E-07	2.354732441	0.17786286
6.32234E-07	2.35963456	0.18548239
6.31558E-07	2.364361617	0.19336398
6.30883E-07	2.368894263	0.201503089
6.30209E-07	2.373212905	0.209893437
6.29537E-07	2.377297885	0.218526913
6.28867E-07	2.381129663	0.227393493
6.28198E-07	2.384689039	0.236481193
6.2753E-07	2.387957369	0.245776033
6.26864E-07	2.390916811	0.255262042
6.26199E-07	2.393550569	0.264921287
6.25536E-07	2.395843142	0.274733939
6.24874E-07	2.397780578	0.284678381
6.24213E-07	2.399350711	0.294731345
6.23554E-07	2.400543387	0.30486809
6.22896E-07	2.401350672	0.315062615
6.2224E-07	2.401767032	0.325287906
6.21585E-07	2.401789473	0.335516209
6.20931E-07	2.401417659	0.345719328
6.20279E-07	2.400653967	0.35586894
6.19628E-07	2.399503518	0.365936921
6.18979E-07	2.397974145	0.375895672
6.18331E-07	2.396076321	0.385718441
6.17684E-07	2.393823045	0.395379636
6.17038E-07	2.391229679	0.404855108
6.16394E-07	2.388313745	0.414122418
6.15751E-07	2.385094702	0.423161062
6.1511E-07	2.381593679	0.431952665
6.1447E-07	2.377833198	0.44048113
6.13831E-07	2.373836885	0.448732747
6.13194E-07	2.36962917	0.456696257
6.12557E-07	2.365234993	0.464362878
6.11923E-07	2.360679512	0.471726285
6.11289E-07	2.355987834	0.478782559
6.10657E-07	2.351184756	0.485530098
6.10026E-07	2.346294532	0.491969504
6.09397E-07	2.341340664	0.49810344
6.08768E-07	2.336345722	0.50393648
6.08141E-07	2.331331193	0.509474927
6.07516E-07	2.326317352	0.514726646
6.06891E-07	2.321323172	0.519700866
6.06268E-07	2.316366245	0.524408005
6.05646E-07	2.311462747	0.528859485
6.05026E-07	2.306627406	0.533067553
6.04377E-07	2.301873504	0.537045117
6.03759E-07	2.29721289	0.540805589
6.03142E-07	2.292656012	0.544362736
6.02527E-07	2.288211957	0.547730549
6.01913E-07	2.283888506	0.550923122
6.013E-07	2.279692191	0.553954546
6.00688E-07	2.275628368	0.556838813
6.00077E-07	2.271701279	0.559589735
5.99468E-07	2.267914133	0.562220877
5.9886E-07	2.264269172	0.564745493
5.98253E-07	2.26076775	0.567176482
5.97648E-07	2.257410402	0.56952635
5.97044E-07	2.254196916	0.571807176
5.96441E-07	2.251126397	0.574030595
5.95839E-07	2.248197334	0.576207777
5.95238E-07	2.245407655	0.578349424
5.94639E-07	2.24275479	0.580465757
5.9404E-07	2.24023572	0.582566525
5.93443E-07	2.237847022	0.584661002
5.92848E-07	2.235584919	0.586757996
5.92253E-07	2.233445316	0.588865859
5.9166E-07	2.231423837	0.590992495
5.91067E-07	2.229515861	0.593145375
5.90476E-07	2.227716547	0.595331547
5.89886E-07	2.22602086	0.597557654
5.89298E-07	2.224423599	0.599829944
5.8871E-07	2.222919411	0.602154288
5.88124E-07	2.221502811	0.604536188
5.87538E-07	2.220168197	0.606980799
5.86954E-07	2.218909862	0.609492934
5.86372E-07	2.217722007	0.612077083
5.8579E-07	2.216598746	0.614737417
5.85209E-07	2.215534114	0.617477805
5.8463E-07	2.214522078	0.62030182
5.84052E-07	2.213556535	0.623212751
5.83474E-07	2.212631318	0.626213603
5.82899E-07	2.2117402	0.629307113
5.82324E-07	2.210876895	0.632495745
5.8175E-07	2.210035059	0.635781701
5.81177E-07	2.209208289	0.63916692
5.80606E-07	2.208390128	0.642653081
5.80036E-07	2.207574059	0.646241601
5.79466E-07	2.206753514	0.649933634
5.78898E-07	2.205921863	0.653730072
5.78331E-07	2.205072427	0.657631535
5.77765E-07	2.204198467	0.661638371
5.77201E-07	2.203293193	0.66575065
5.7661E-07	2.202349766	0.669968152
5.76048E-07	2.201361296	0.674290364
5.75486E-07	2.200320848	0.678716467
5.74926E-07	2.199221447	0.683245325
5.74367E-07	2.198056084	0.687875478
5.73808E-07	2.196817722	0.692605121
5.73251E-07	2.195499306	0.697432101
5.72695E-07	2.194093772	0.702353894
5.7214E-07	2.192594057	0.707367593
5.71587E-07	2.190993119	0.712469893
5.71034E-07	2.189283947	0.717657076
5.70482E-07	2.187459583	0.722924991
5.69932E-07	2.185513144	0.728269041
5.69382E-07	2.183437841	0.733684164
5.68833E-07	2.181227013	0.739164819
5.68286E-07	2.178874149	0.744704971
5.6774E-07	2.17637293	0.750298073
5.67194E-07	2.173717257	0.755937057
5.6665E-07	2.1709013	0.761614322
5.66107E-07	2.167919535	0.767321721
5.65564E-07	2.164766797	0.77305056
5.65023E-07	2.16143833	0.778791591
5.64483E-07	2.157929845	0.784535017
5.63944E-07	2.154237576	0.790270492
5.63406E-07	2.15035835	0.795987137
5.62869E-07	2.146289647	0.801673558
5.62333E-07	2.142029677	0.807317864
5.61798E-07	2.137577447	0.812907709
5.61264E-07	2.132932841	0.818430329
5.60731E-07	2.128096692	0.823872593
5.60199E-07	2.12307086	0.829221072
5.59668E-07	2.117858305	0.834462108
5.59138E-07	2.11246316	0.839581906
5.58609E-07	2.106890794	0.844566634
5.58081E-07	2.101147877	0.849402539
5.57554E-07	2.095242427	0.854076079
5.57028E-07	2.089183847	0.85857406
5.56503E-07	2.08298295	0.862883801
5.55979E-07	2.076651967	0.866993298
5.55456E-07	2.070204529	0.870891404
5.54934E-07	2.063655626	0.874568019
5.54413E-07	2.057021545	0.878014281
5.53893E-07	2.050319773	0.881222762
5.53374E-07	2.043568869	0.884187656
5.52856E-07	2.036788304	0.886904961
5.52339E-07	2.029998272	0.88937265
5.51822E-07	2.023219459	0.891590813
5.51307E-07	2.016472789	0.893561774
5.50768E-07	2.009779143	0.895290182
5.50255E-07	2.003159053	0.896783044
5.49743E-07	1.996632379	0.898049729
5.49232E-07	1.990217982	0.899101913
5.48721E-07	1.983933399	0.899953468
5.48212E-07	1.977794526	0.900620304
5.47703E-07	1.971815321	0.90112015
5.47196E-07	1.966007552	0.901472289
5.46689E-07	1.96038057	0.90169725
5.46183E-07	1.954941146	0.901816456
5.45679E-07	1.949693364	0.901851855
5.45175E-07	1.944638568	0.901825527
5.44672E-07	1.939775391	0.901759295
5.4417E-07	1.935099834	0.901674341
5.43669E-07	1.93060541	0.901590844
5.43169E-07	1.926283355	0.901527654
5.4267E-07	1.922122867	0.901502004
5.42171E-07	1.918111405	0.901529278
5.41674E-07	1.914234999	0.901622828
5.41177E-07	1.910478584	0.901793855
5.40682E-07	1.906826337	0.902051339
5.40187E-07	1.903262009	0.902402036
5.39694E-07	1.899769241	0.902850519
5.39201E-07	1.896331855	0.903399263
5.38709E-07	1.892934119	0.904048776
5.38218E-07	1.889560975	0.904797756
5.37728E-07	1.886198229	0.905643272
5.37238E-07	1.882832708	0.906580962
5.3675E-07	1.879452376	0.907605237
5.36263E-07	1.876046413	0.908709491
5.35776E-07	1.87260526	0.9098863
5.3529E-07	1.869120643	0.911127622
5.34805E-07	1.865585557	0.91242498
5.34322E-07	1.861994238	0.913769628
5.33838E-07	1.858342114	0.915152703
5.33356E-07	1.854625737	0.916565363
5.32875E-07	1.850842713	0.917998902
5.32394E-07	1.846991616	0.919444847
5.31915E-07	1.843071901	0.920895045
5.31436E-07	1.839083816	0.922341724
5.30958E-07	1.835028314	0.923777547
5.30481E-07	1.83090696	0.92519565
5.30005E-07	1.826721851	0.926589668
5.2953E-07	1.822475535	0.927953749
5.29055E-07	1.818170935	0.929282564
5.28582E-07	1.813811275	0.9305713
5.28109E-07	1.809400022	0.931815658
5.27615E-07	1.804940822	0.933011835
5.27144E-07	1.80043745	0.934156512
5.26673E-07	1.79589376	0.935246828
5.26204E-07	1.791313646	0.93628036
5.25736E-07	1.786701003	0.937255099
5.25268E-07	1.782059695	0.938169422
5.24801E-07	1.777393529	0.939022066
5.24335E-07	1.772706231	0.939812101
5.2387E-07	1.768001428	0.940538907
5.23406E-07	1.763282628	0.941202142
5.22942E-07	1.758553211	0.941801722
5.22479E-07	1.753816418	0.942337795
5.22017E-07	1.749075344	0.942810718
5.21556E-07	1.744332928	0.943221033
5.21096E-07	1.739591957	0.943569448
5.20637E-07	1.734855058	0.943856819
5.20178E-07	1.730124699	0.944084126
5.1972E-07	1.725403191	0.944252464
5.19263E-07	1.720692689	0.944363017
5.18807E-07	1.715995197	0.944417054
5.18351E-07	1.711312566	0.944415907
5.17897E-07	1.706646503	0.944360961
5.17443E-07	1.701998574	0.944253646
5.1699E-07	1.697370209	0.944095422
5.16538E-07	1.692762705	0.943887771
5.16086E-07	1.688177235	0.94363219
5.15635E-07	1.683614852	0.943330181
5.15186E-07	1.679076494	0.942983246
5.14736E-07	1.67456299	0.942592879
5.14288E-07	1.670075067	0.942160562
5.13841E-07	1.665613352	0.94168776
5.13394E-07	1.661178383	0.941175916
5.12948E-07	1.656770609	0.940626446
5.12503E-07	1.652390399	0.94004074
5.12058E-07	1.648038045	0.939420153
5.11614E-07	1.643713769	0.938766009
5.11172E-07	1.639417725	0.938079595
5.10729E-07	1.635150008	0.93736216
5.10288E-07	1.630910653	0.936614913
5.09847E-07	1.626699644	0.935839026
5.09408E-07	1.622516915	0.935035626
5.08969E-07	1.618362359	0.934205802
5.0853E-07	1.614235823	0.9333506
5.08093E-07	1.61013712	0.932471022
5.07656E-07	1.606066028	0.931568032
5.0722E-07	1.602022296	0.930642547
5.06784E-07	1.598005644	0.929695448
5.0635E-07	1.594015767	0.92872757
5.05895E-07	1.590052339	0.92773971
5.05462E-07	1.586115017	0.926732623
5.0503E-07	1.582203438	0.925707027
5.04598E-07	1.578317225	0.924663599
5.04168E-07	1.574455992	0.92360298
5.03737E-07	1.570619341	0.922525771
5.03308E-07	1.566806864	0.92143254
5.02879E-07	1.56301815	0.920323819
5.02451E-07	1.559252782	0.919200104
5.02024E-07	1.55551034	0.918061861
5.01598E-07	1.551790402	0.916909521
5.01172E-07	1.548092548	0.915743485
5.00747E-07	1.544416356	0.914564123
5.00323E-07	1.54076141	0.913371778
4.99899E-07	1.537127295	0.912166762
4.99476E-07	1.533513601	0.910949364
4.99054E-07	1.529919925	0.909719843
4.98633E-07	1.526345869	0.908478436
4.98212E-07	1.522791043	0.907225355
4.97792E-07	1.519255064	0.90596079
4.97373E-07	1.515737559	0.904684908
4.96954E-07	1.512238163	0.903397857
4.96536E-07	1.508756523	0.902099765
4.96119E-07	1.505292294	0.900790739
4.95703E-07	1.501845144	0.899470872
4.95287E-07	1.49841475	0.898140237
4.94872E-07	1.495000802	0.896798894
4.94457E-07	1.491603002	0.895446887
4.94044E-07	1.488221064	0.894084244
4.93631E-07	1.484854715	0.892710984
4.93218E-07	1.481503693	0.89132711
4.92807E-07	1.478167751	0.889932616
4.92396E-07	1.474846654	0.888527485
4.91985E-07	1.471540179	0.887111691
4.91576E-07	1.468248119	0.885685198
4.91167E-07	1.464970276	0.884247962
4.90759E-07	1.461706468	0.882799934
4.90351E-07	1.458456527	0.881341055
4.89944E-07	1.455220295	0.879871262
4.89538E-07	1.451997629	0.878390489
4.89133E-07	1.448788399	0.876898661
4.88728E-07	1.445592487	0.875395704
4.88324E-07	1.442409787	0.873881538
4.8792E-07	1.439240208	0.872356082
4.87517E-07	1.436083669	0.870819251
4.87115E-07	1.432940101	0.869270963
4.86714E-07	1.429809448	0.867711131
4.86313E-07	1.426691666	0.866139671
4.85893E-07	1.423586722	0.864556498
4.85494E-07	1.420494592	0.862961528
4.85095E-07	1.417415265	0.861354679
4.84697E-07	1.414348741	0.85973587
4.84299E-07	1.41129503	0.858105025
4.83902E-07	1.408254149	0.856462068
4.83506E-07	1.405226128	0.854806927
4.83111E-07	1.402211005	0.853139534
4.82716E-07	1.399208827	0.851459826
4.82321E-07	1.39621965	0.849767743
4.81928E-07	1.393243536	0.848063231
4.81535E-07	1.390280557	0.846346239
4.81142E-07	1.387330792	0.844616723
4.80751E-07	1.384394327	0.842874645
4.80359E-07	1.381471254	0.841119971
4.79969E-07	1.378561671	0.839352676
4.79579E-07	1.375665682	0.837572739
4.7919E-07	1.372783397	0.835780146
4.78801E-07	1.369914931	0.83397489
4.78414E-07	1.367060403	0.832156971
4.78026E-07	1.364219936	0.830326397
4.7764E-07	1.361393657	0.82848318
4.77253E-07	1.358581695	0.826627342
4.76868E-07	1.355784185	0.824758912
4.76483E-07	1.353001262	0.822877926
4.76099E-07	1.350233063	0.820984427
4.75715E-07	1.347479728	0.819078466
4.75333E-07	1.344741397	0.817160101
4.7495E-07	1.342018212	0.815229398
4.74568E-07	1.339310314	0.81328643
4.74187E-07	1.336617845	0.811331277
4.73807E-07	1.333940947	0.809364026
4.73427E-07	1.331279762	0.807384774
4.73048E-07	1.328634427	0.805393621
4.72669E-07	1.326005083	0.803390677
4.72291E-07	1.323391866	0.801376058
4.71914E-07	1.32079491	0.799349885
4.71537E-07	1.318214348	0.797312288
4.7116E-07	1.315650309	0.795263402
4.70785E-07	1.313102919	0.793203369
4.7041E-07	1.310572302	0.791132336
4.70035E-07	1.308058578	0.789050458
4.69661E-07	1.30556186	0.786957891
4.69288E-07	1.303082262	0.784854801
4.68915E-07	1.300619891	0.782741358
4.68543E-07	1.298174848	0.780617734
4.68172E-07	1.295747233	0.778484109
4.67783E-07	1.293337137	0.776340666
4.67413E-07	1.290944648	0.774187591
4.67043E-07	1.288569849	0.772025076
4.66674E-07	1.286212816	0.769853314
4.66306E-07	1.283873621	0.767672504
4.65938E-07	1.281552329	0.765482845
4.6557E-07	1.279249	0.76328454
4.65204E-07	1.276963688	0.761077795
4.64837E-07	1.27469644	0.758862816
4.64472E-07	1.272447299	0.756639813
4.64107E-07	1.2702163	0.754408997
4.63742E-07	1.268003472	0.752170578
4.63378E-07	1.26580884	0.749924769
4.63015E-07	1.263632421	0.747671782
4.62652E-07	1.261474225	0.745411832
4.6229E-07	1.259334259	0.743145132
4.61928E-07	1.257212522	0.740871893
4.61567E-07	1.255109006	0.738592329
4.61207E-07	1.2530237	0.73630665
4.60847E-07	1.250956586	0.734015069
4.60487E-07	1.248907639	0.731717792
4.60128E-07	1.24687683	0.729415029
4.5977E-07	1.244864124	0.727106985
4.59412E-07	1.242869482	0.724793864
4.59055E-07	1.240892856	0.722475867
4.58699E-07	1.238934198	0.720153194
4.58343E-07	1.236993452	0.71782604
4.57987E-07	1.235070558	0.7154946
4.57632E-07	1.233165451	0.713159065
4.57278E-07	1.231278063	0.710819622
4.56924E-07	1.229408321	0.708476455
4.56571E-07	1.227556147	0.706129747
4.56218E-07	1.225721462	0.703779673
4.55866E-07	1.22390418	0.701426408
4.55514E-07	1.222104214	0.699070122
4.55163E-07	1.220321474	0.696710981
4.54812E-07	1.218555865	0.694349148
4.54462E-07	1.21680729	0.691984781
4.54113E-07	1.215075652	0.689618034
4.53764E-07	1.213360847	0.687249058
4.53415E-07	1.211662773	0.684877999
4.53067E-07	1.209981323	0.682504999
4.5272E-07	1.208316391	0.680130196
4.52373E-07	1.206667867	0.677753724
4.52027E-07	1.205035641	0.675375713
4.51681E-07	1.203419601	0.672996288
4.51336E-07	1.201819635	0.670615571
4.50991E-07	1.20023563	0.66823368
4.50631E-07	1.198667471	0.665850728
4.50287E-07	1.197115044	0.663466825
4.49944E-07	1.195578234	0.661082076
4.49601E-07	1.194056927	0.658696585
4.49259E-07	1.192551006	0.65631045
4.48918E-07	1.191060358	0.653923764
4.48576E-07	1.189584868	0.65153662
4.48236E-07	1.188124422	0.649149105
4.47896E-07	1.186678906	0.646761304
4.47556E-07	1.185248206	0.644373298
4.47218E-07	1.183832212	0.641985166
4.46879E-07	1.182430811	0.639596982
4.46541E-07	1.181043892	0.637208819
4.46204E-07	1.179671347	0.634820746
4.45867E-07	1.178313067	0.632432831
4.4553E-07	1.176968945	0.630045137
4.45194E-07	1.175638875	0.627657727
4.44859E-07	1.174322751	0.62527066
4.44524E-07	1.173020471	0.622883994
4.4419E-07	1.171731932	0.620497784
4.43856E-07	1.170457035	0.618112085
4.43522E-07	1.169195678	0.615726947
4.4319E-07	1.167947765	0.613342422
4.42857E-07	1.1667132	0.610958557
4.42525E-07	1.165491886	0.6085754
4.42194E-07	1.164283731	0.606192996
4.41863E-07	1.163088643	0.603811391
4.41533E-07	1.16190653	0.601430628
4.41203E-07	1.160737303	0.599050749
4.40873E-07	1.159580874	0.596671797
4.40544E-07	1.158437157	0.594293811
4.40216E-07	1.157306067	0.591916833
4.39888E-07	1.156187518	0.589540902
4.3956E-07	1.155081429	0.587166057
4.39233E-07	1.153987717	0.584792337
4.38907E-07	1.152906303	0.58241978
4.38581E-07	1.151837105	0.580048424
4.38255E-07	1.150780047	0.577678308
4.3793E-07	1.14973505	0.575309468
4.37606E-07	1.148702037	0.572941943
4.37282E-07	1.147680934	0.57057577
4.36958E-07	1.146671664	0.568210987
4.36635E-07	1.145674154	0.565847631
4.36312E-07	1.14468833	0.563485741
4.3599E-07	1.143714119	0.561125355
4.35669E-07	1.142751448	0.55876651
4.35347E-07	1.141800244	0.556409247
4.35011E-07	1.140860437	0.554053602
4.34691E-07	1.139931955	0.551699616
4.34371E-07	1.139014726	0.549347327
4.34052E-07	1.13810868	0.546996776
4.33733E-07	1.137213745	0.544648003
4.33415E-07	1.13632985	0.542301047
4.33097E-07	1.135456926	0.539955951
4.3278E-07	1.1345949	0.537612754
4.32463E-07	1.133743701	0.535271498
4.32146E-07	1.132903259	0.532932225
4.3183E-07	1.132073501	0.530594977
4.31514E-07	1.131254356	0.528259797
4.31199E-07	1.130445751	0.525926727
4.30885E-07	1.129647613	0.523595811
4.30571E-07	1.12885987	0.521267091
4.30257E-07	1.128082448	0.518940611
4.29943E-07	1.127315272	0.516616415
4.29631E-07	1.126558268	0.514294547
4.29318E-07	1.12581136	0.511975051
4.29006E-07	1.125074472	0.509657972
4.28695E-07	1.124347526	0.507343353
4.28384E-07	1.123630446	0.505031241
4.28073E-07	1.122923153	0.502721678
4.27763E-07	1.122225567	0.50041471
4.27454E-07	1.121537609	0.498110382
4.27144E-07	1.120859197	0.495808737
4.26836E-07	1.12019025	0.493509822
4.26527E-07	1.119530684	0.49121368
4.26219E-07	1.118880416	0.488920355
4.25912E-07	1.118239362	0.486629892
4.25605E-07	1.117607436	0.484342335
4.25298E-07	1.116984551	0.482057727
4.24992E-07	1.11637062	0.479776113
4.24687E-07	1.115765554	0.477497534
4.24381E-07	1.115169264	0.475222035
4.24077E-07	1.11458166	0.472949658
4.23772E-07	1.11400265	0.470680444
4.23468E-07	1.113432141	0.468414437
4.23165E-07	1.112870041	0.466151676
4.22862E-07	1.112316255	0.463892202
4.22559E-07	1.111770688	0.461636057
4.22257E-07	1.111233243	0.459383279
4.21955E-07	1.110703824	0.457133909
4.21654E-07	1.110182333	0.454887984
4.21353E-07	1.10966867	0.452645543
4.21053E-07	1.109162736	0.450406623
4.20753E-07	1.10866443	0.448171261
4.20453E-07	1.10817365	0.445939493
4.2014E-07	1.107690295	0.443711354
4.19841E-07	1.10721426	0.44148688
4.19543E-07	1.106745442	0.439266105
4.19245E-07	1.106283736	0.437049061
4.18947E-07	1.105829037	0.434835781
4.1865E-07	1.105381238	0.432626297
4.18354E-07	1.104940232	0.430420641
4.18057E-07	1.104505911	0.428218843
4.17762E-07	1.104078168	0.426020932
4.17466E-07	1.103656894	0.423826937
4.17171E-07	1.103241978	0.421636886
4.16877E-07	1.102833311	0.419450807
4.16583E-07	1.102430782	0.417268726
4.16289E-07	1.10203428	0.415090669
4.15996E-07	1.101643693	0.41291666
4.15703E-07	1.10125891	0.410746725
4.1541E-07	1.100879817	0.408580887
4.15118E-07	1.100506302	0.406419168
4.14827E-07	1.100138251	0.404261591
4.14535E-07	1.099775551	0.402108176
4.14245E-07	1.099418087	0.399958945
4.13954E-07	1.099065746	0.397813918
4.13664E-07	1.098718412	0.395673113
4.13375E-07	1.098375972	0.393536549
4.13085E-07	1.098038309	0.391404244
4.12797E-07	1.09770531	0.389276216
4.12508E-07	1.097376858	0.38715248
4.1222E-07	1.097052838	0.385033054
4.11933E-07	1.096733134	0.382917953
4.11646E-07	1.096417631	0.380807191
4.11359E-07	1.096106214	0.378700783
4.11072E-07	1.095798766	0.376598743
4.10786E-07	1.095495172	0.374501084
4.10501E-07	1.095195316	0.37240782
4.10216E-07	1.094899083	0.370318963
4.09931E-07	1.094606357	0.368234526
4.09647E-07	1.094317023	0.366154519
4.09363E-07	1.094030966	0.364078955
4.09079E-07	1.09374807	0.362007844
4.08796E-07	1.093468221	0.359941198
4.08513E-07	1.093191304	0.357879028
4.0823E-07	1.092917205	0.355821343
4.07948E-07	1.092645809	0.353768155
4.07667E-07	1.092377003	0.351719472
4.07386E-07	1.092110673	0.349675306
4.07105E-07	1.091846706	0.347635666
4.06824E-07	1.091584989	0.345600562
4.06531E-07	1.09132541	0.343570003
4.06251E-07	1.091067856	0.341544001
4.05972E-07	1.090812216	0.339522564
4.05693E-07	1.090558378	0.337505704
4.05414E-07	1.090306232	0.335493429
4.05136E-07	1.090055668	0.333485751
4.04858E-07	1.089806575	0.33148268
4.04581E-07	1.089558845	0.329484227
4.04304E-07	1.089312369	0.327490403
4.04027E-07	1.089067039	0.325501219
4.03751E-07	1.088822747	0.323516688
4.03475E-07	1.088579387	0.321536821
4.032E-07	1.088336852	0.319561631
4.02924E-07	1.088095037	0.317591131
4.0265E-07	1.087853836	0.315625334
4.02375E-07	1.087613147	0.313664255
4.02101E-07	1.087372865	0.311707909
4.01828E-07	1.087132887	0.30975631
4.01554E-07	1.086893112	0.307809474
4.01282E-07	1.086653439	0.305867419
4.01009E-07	1.086413767	0.303930161
4.00737E-07	1.086173998	0.301997718
4.00465E-07	1.085934032	0.300070109
4.00194E-07	1.085693772	0.298147355
3.99923E-07	1.085453121	0.296229474
3.99652E-07	1.085211984	0.29431649
3.99382E-07	1.084970265	0.292408423
3.99112E-07	1.084727871	0.290505297
3.98842E-07	1.08448471	0.288607136
3.98573E-07	1.084240689	0.286713966
3.98304E-07	1.083995717	0.284825813
3.98036E-07	1.083749706	0.282942704
3.97767E-07	1.083502568	0.281064666
3.975E-07	1.083254213	0.279191731
3.97232E-07	1.083004558	0.277323928
3.96965E-07	1.082753516	0.275461289
3.96698E-07	1.082501005	0.273603847
3.96432E-07	1.082246942	0.271751636
3.96166E-07	1.081991247	0.269904692
3.95901E-07	1.081733839	0.26806305
3.95635E-07	1.08147464	0.26622675
3.9537E-07	1.081213574	0.264395831
3.95106E-07	1.080950565	0.262570332
3.94842E-07	1.08068554	0.260750296
3.94578E-07	1.080418426	0.258935765
3.94314E-07	1.080149151	0.257126785
3.94051E-07	1.079877648	0.255323401
3.93788E-07	1.079603849	0.25352566
3.93513E-07	1.079327687	0.251733612
3.93251E-07	1.079049098	0.249947305
3.9299E-07	1.07876802	0.248166792
3.92728E-07	1.078484392	0.246392125
3.92467E-07	1.078198155	0.244623359
3.92206E-07	1.077909252	0.242860549
3.91946E-07	1.077617628	0.241103751
3.91686E-07	1.07732323	0.239353025
3.91426E-07	1.077026006	0.23760843
3.91167E-07	1.076725907	0.235870028
3.90908E-07	1.076422886	0.23413788
3.9065E-07	1.076116898	0.232412052
3.90391E-07	1.0758079	0.230692607
3.90133E-07	1.07549585	0.228979613
3.89876E-07	1.075180711	0.227273137
3.89619E-07	1.074862447	0.225573249
3.89362E-07	1.074541022	0.22388002
3.89105E-07	1.074216406	0.22219352
3.88849E-07	1.073888568	0.220513823
3.88593E-07	1.073557483	0.218841004
3.88337E-07	1.073223126	0.217175137
3.88082E-07	1.072885474	0.215516299
3.87827E-07	1.072544509	0.213864568
3.87573E-07	1.072200214	0.212220022
3.87318E-07	1.071852574	0.210582742
3.87065E-07	1.071501578	0.208952807
3.86811E-07	1.071147217	0.2073303
3.86558E-07	1.070789485	0.205715303
3.86305E-07	1.070428379	0.2041079
3.86052E-07	1.070063899	0.202508174
3.858E-07	1.069696046	0.200916212
3.85548E-07	1.069324825	0.199332099
3.85297E-07	1.068950246	0.19775592
3.85045E-07	1.068572318	0.196187764
3.84794E-07	1.068191057	0.194627717
3.84544E-07	1.067806478	0.193075868
3.84294E-07	1.067418602	0.191532306
3.84044E-07	1.067027453	0.189997117
3.83794E-07	1.066633055	0.188470393
3.83545E-07	1.066235438	0.186952222
3.83296E-07	1.065834635	0.185442693
3.83047E-07	1.065430681	0.183941896
3.82799E-07	1.065023614	0.182449919
3.82551E-07	1.064613476	0.180966853
3.82303E-07	1.064200312	0.179492787
3.82056E-07	1.06378417	0.178027808
3.81809E-07	1.063365101	0.176572006
3.81562E-07	1.062943159	0.175125468
3.81304E-07	1.062518402	0.173688283
3.81058E-07	1.06209089	0.172260536
3.80812E-07	1.061660687	0.170842314
3.80567E-07	1.06122786	0.169433703
3.80321E-07	1.060792479	0.168034787
3.80077E-07	1.060354618	0.166645649
3.79832E-07	1.059914351	0.165266373
3.79588E-07	1.05947176	0.163897038
3.79344E-07	1.059026925	0.162537726
3.79101E-07	1.058579934	0.161188515
3.78857E-07	1.058130873	0.159849483
3.78614E-07	1.057679834	0.158520705
3.78372E-07	1.057226913	0.157202255
3.78129E-07	1.056772205	0.155894207
3.77887E-07	1.056315811	0.15459663
3.77646E-07	1.055857833	0.153309594
3.77404E-07	1.055398378	0.152033165
3.77163E-07	1.054937553	0.150767408
3.76923E-07	1.054475469	0.149512386
3.76682E-07	1.05401224	0.148268158
3.76442E-07	1.053547982	0.147034784
3.76202E-07	1.053082813	0.145812318
3.75963E-07	1.052616853	0.144600814
3.75723E-07	1.052150226	0.143400323
3.75484E-07	1.051683057	0.142210891
3.75246E-07	1.051215473	0.141032564
3.75008E-07	1.050747603	0.139865385
3.7477E-07	1.05027958	0.138709392
3.74532E-07	1.049811536	0.137564623
3.74294E-07	1.049343605	0.13643111
3.74057E-07	1.048875926	0.135308884
3.73821E-07	1.048408635	0.134197972
3.73584E-07	1.047941873	0.133098399
3.73348E-07	1.047475781	0.132010184
3.73112E-07	1.047010501	0.130933345
3.72876E-07	1.046546177	0.129867896
3.72641E-07	1.046082953	0.128813848
3.72406E-07	1.045620976	0.127771207
3.72171E-07	1.04516039	0.126739978
3.71937E-07	1.044701344	0.12572016
3.71703E-07	1.044243985	0.124711751
3.71469E-07	1.043788461	0.123714742
3.71235E-07	1.043334921	0.122729124
3.71002E-07	1.042883515	0.121754882
3.70769E-07	1.042434389	0.120791998
3.70536E-07	1.041987695	0.119840451
3.70304E-07	1.04154358	0.118900215
3.70061E-07	1.041102194	0.117971262
3.69829E-07	1.040663684	0.117053559
3.69598E-07	1.040228199	0.11614707
3.69366E-07	1.039795885	0.115251756
3.69136E-07	1.03936689	0.114367572
3.68905E-07	1.03894136	0.113494473
3.68675E-07	1.038519438	0.112632407
3.68445E-07	1.038101269	0.11178132
3.68215E-07	1.037686996	0.110941156
3.67985E-07	1.037276759	0.110111852
3.67756E-07	1.036870699	0.109293345
3.67527E-07	1.036468955	0.108485566
3.67299E-07	1.036071662	0.107688445
3.6707E-07	1.035678957	0.106901907
3.66842E-07	1.035290972	0.106125875
3.66614E-07	1.034907839	0.105360267
3.66387E-07	1.034529688	0.104605
3.6616E-07	1.034156645	0.103859987
3.65933E-07	1.033788837	0.103125138
3.65706E-07	1.033426385	0.102400359
3.6548E-07	1.033069409	0.101685557
3.65254E-07	1.032718029	0.100980632
3.65028E-07	1.03237236	0.100285483
3.64802E-07	1.032032514	0.099600007
3.64577E-07	1.031698601	0.098924098
3.64352E-07	1.031370729	0.098257647
3.64128E-07	1.031049002	0.097600544
3.63903E-07	1.030733523	0.096952676
3.63679E-07	1.030424389	0.096313928
3.63455E-07	1.030121697	0.095684183
3.63232E-07	1.029825539	0.095063321
3.63008E-07	1.029536005	0.094451223
3.62785E-07	1.029253182	0.093847765
3.62562E-07	1.028977152	0.093252824
3.6234E-07	1.028707995	0.092666274
3.62118E-07	1.028445789	0.092087988
3.61896E-07	1.028190608	0.091517837
3.61674E-07	1.02794252	0.090955693
3.61453E-07	1.027701594	0.090401424
3.61232E-07	1.027467893	0.089854899
3.61011E-07	1.027241478	0.089315985
3.6079E-07	1.027022404	0.088784548
3.6057E-07	1.026810727	0.088260456
3.6035E-07	1.026606496	0.087743572
3.6013E-07	1.026409758	0.087233763
3.59911E-07	1.026220557	0.086730891
3.59691E-07	1.026038933	0.086234822
3.59472E-07	1.025864923	0.08574542
3.59243E-07	1.025698561	0.085262547
3.59025E-07	1.025539877	0.084786068
3.58807E-07	1.025388898	0.084315847
3.58589E-07	1.025245649	0.083851748
3.58371E-07	1.025110149	0.083393634
3.58154E-07	1.024982417	0.082941372
3.57937E-07	1.024862467	0.082494824
3.5772E-07	1.024750311	0.082053858
3.57503E-07	1.024645956	0.081618339
3.57287E-07	1.024549408	0.081188133
3.57071E-07	1.024460669	0.08076311
3.56855E-07	1.024379739	0.080343135
3.5664E-07	1.024306614	0.07992808
3.56424E-07	1.024241288	0.079517814
3.56209E-07	1.024183752	0.079112207
3.55994E-07	1.024133994	0.078711134
3.5578E-07	1.024092	0.078314466
3.55566E-07	1.024057753	0.077922078
3.55352E-07	1.024031232	0.077533846
3.55138E-07	1.024012417	0.077149648
3.54925E-07	1.024001282	0.076769361
3.54711E-07	1.023997802	0.076392867
3.54498E-07	1.024001945	0.076020045
3.54286E-07	1.024013682	0.07565078