8.85714E-07	1.830715128	0.00088455
8.84386E-07	1.831278731	0.00103142
8.83062E-07	1.831843925	0.00117869
8.81742E-07	1.832410719	0.00132637
8.80426E-07	1.832979122	0.00147444
8.79114E-07	1.833549143	0.00162289
8.77806E-07	1.834120791	0.00177174
8.76502E-07	1.834694076	0.00192096
8.75201E-07	1.835269007	0.00207055
8.73905E-07	1.835845594	0.00222051
8.72612E-07	1.836423847	0.00237084
8.71323E-07	1.837003774	0.00252152
8.70038E-07	1.837585388	0.00267255
8.68757E-07	1.838168697	0.00282392
8.67479E-07	1.838753712	0.00297563
8.66205E-07	1.839340444	0.00312767
8.64935E-07	1.839928904	0.00328004
8.63669E-07	1.840519103	0.00343272
8.62406E-07	1.841111052	0.0035857
8.61147E-07	1.841704761	0.00373899
8.59892E-07	1.842300243	0.00389257
8.5864E-07	1.84289751	0.00404644
8.57392E-07	1.843496573	0.00420058
8.56148E-07	1.844097445	0.00435499
8.54907E-07	1.844700138	0.00450966
8.5367E-07	1.845304664	0.00466458
8.52436E-07	1.845911036	0.00481974
8.51206E-07	1.846519268	0.00497513
8.49979E-07	1.847129373	0.00513075
8.48756E-07	1.847741364	0.00528657
8.47537E-07	1.848355256	0.0054426
8.46321E-07	1.848971061	0.00559882
8.45108E-07	1.849588796	0.00575522
8.43899E-07	1.850208473	0.00591179
8.42694E-07	1.850830109	0.00606852
8.41492E-07	1.851453718	0.00622539
8.40293E-07	1.852079316	0.0063824
8.39098E-07	1.852706918	0.00653953
8.37906E-07	1.853336542	0.00669676
8.36717E-07	1.853968202	0.0068541
8.35532E-07	1.854601917	0.00701152
8.3435E-07	1.855237704	0.00716901
8.33172E-07	1.855875579	0.00732655
8.31997E-07	1.85651556	0.00748414
8.30825E-07	1.857157667	0.00764175
8.29656E-07	1.857801917	0.00779938
8.28491E-07	1.858448329	0.007957
8.27329E-07	1.859096924	0.00811461
8.2617E-07	1.85974772	0.00827218
8.25015E-07	1.860400739	0.00842969
8.23863E-07	1.861056001	0.00858714
8.22714E-07	1.861713526	0.00874451
8.21568E-07	1.862373338	0.00890177
8.20425E-07	1.863035457	0.00905891
8.19286E-07	1.863699907	0.00921591
8.18149E-07	1.86436671	0.00937276
8.17016E-07	1.865035891	0.00952942
8.15886E-07	1.865707474	0.00968589
8.14759E-07	1.866381483	0.00984214
8.13635E-07	1.867057943	0.00999815
8.12515E-07	1.867736882	0.0101539
8.11397E-07	1.868418325	0.0103094
8.10283E-07	1.869102299	0.0104645
8.09171E-07	1.869788833	0.0106194
8.08063E-07	1.870477955	0.0107739
8.06957E-07	1.871169693	0.010928
8.05855E-07	1.871864079	0.0110817
8.04755E-07	1.872561142	0.011235
8.03659E-07	1.873260915	0.0113878
8.02566E-07	1.873963428	0.0115402
8.01475E-07	1.874668716	0.0116921
8.00388E-07	1.875376812	0.0118434
7.99303E-07	1.87608775	0.0119942
7.98222E-07	1.876801566	0.0121444
7.97143E-07	1.877518297	0.012294
7.96067E-07	1.878237979	0.0124429
7.94994E-07	1.878960651	0.0125912
7.93924E-07	1.879686352	0.0127387
7.92857E-07	1.880415123	0.0128856
7.91793E-07	1.881147005	0.0130316
7.90732E-07	1.88188204	0.0131769
7.89673E-07	1.882620272	0.0133213
7.88617E-07	1.883361744	0.0134649
7.87564E-07	1.884106504	0.0136075
7.86514E-07	1.884854598	0.0137492
7.85467E-07	1.885606075	0.0138899
7.84422E-07	1.886360983	0.0140296
7.83381E-07	1.887119375	0.0141683
7.82342E-07	1.887881301	0.0143059
7.81306E-07	1.888646817	0.0144423
7.80272E-07	1.889415976	0.0145776
7.79241E-07	1.890188837	0.0147116
7.78213E-07	1.890965456	0.0148444
7.77188E-07	1.891745895	0.0149759
7.76165E-07	1.892530213	0.015106
7.75145E-07	1.893318476	0.0152348
7.74128E-07	1.894110747	0.0153621
7.73114E-07	1.894907093	0.0154879
7.72102E-07	1.895707584	0.0156122
7.71092E-07	1.89651229	0.015735
7.70086E-07	1.897321283	0.0158561
7.69082E-07	1.898134639	0.0159755
7.6808E-07	1.898952434	0.0160932
7.67082E-07	1.899774747	0.0162091
7.66085E-07	1.90060166	0.0163232
7.65092E-07	1.901433257	0.0164354
7.64101E-07	1.902269623	0.0165456
7.63112E-07	1.903110848	0.0166539
7.62126E-07	1.903957023	0.01676
7.61143E-07	1.904808242	0.0168641
7.60162E-07	1.905664601	0.016966
7.59184E-07	1.906526201	0.0170657
7.58208E-07	1.907393144	0.017163
7.57235E-07	1.908265536	0.017258
7.56264E-07	1.909143485	0.0173506
7.55295E-07	1.910027104	0.0174407
7.5433E-07	1.910916508	0.0175282
7.53366E-07	1.911811817	0.0176131
7.52405E-07	1.912713153	0.0176953
7.51447E-07	1.913620642	0.0177748
7.50491E-07	1.914534415	0.0178514
7.49537E-07	1.915454606	0.0179251
7.48586E-07	1.916381353	0.0179959
7.47637E-07	1.9173148	0.0180636
7.46691E-07	1.918255093	0.0181282
7.45747E-07	1.919202384	0.0181896
7.44805E-07	1.920156829	0.0182477
7.43866E-07	1.92111859	0.0183025
7.42929E-07	1.922087833	0.0183539
7.41995E-07	1.923064729	0.0184017
7.41062E-07	1.924049457	0.018446
7.40133E-07	1.925042198	0.0184866
7.39205E-07	1.92604314	0.0185235
7.3828E-07	1.927052479	0.0185565
7.37357E-07	1.928070414	0.0185857
7.36437E-07	1.929097154	0.0186108
7.35518E-07	1.930132911	0.0186319
7.34602E-07	1.931177906	0.0186487
7.33689E-07	1.932232367	0.0186614
7.32777E-07	1.933296528	0.0186697
7.31868E-07	1.934370634	0.0186736
7.30961E-07	1.935454933	0.018673
7.30057E-07	1.936549685	0.0186678
7.29154E-07	1.937655157	0.0186579
7.28254E-07	1.938771624	0.0186432
7.27356E-07	1.939899373	0.0186237
7.2646E-07	1.941038696	0.0185993
7.25567E-07	1.942189898	0.0185698
7.24675E-07	1.943353293	0.0185353
7.23786E-07	1.944529205	0.0184955
7.22899E-07	1.945717969	0.0184504
7.22014E-07	1.946919931	0.0184
7.21132E-07	1.94813545	0.0183442
7.20251E-07	1.949364893	0.0182828
7.19373E-07	1.950608644	0.0182159
7.18497E-07	1.951867097	0.0181432
7.17623E-07	1.953140659	0.0180649
7.16751E-07	1.954429752	0.0179807
7.15881E-07	1.955734811	0.0178906
7.15013E-07	1.957056286	0.0177946
7.14147E-07	1.958394641	0.0176925
7.13284E-07	1.959750358	0.0175844
7.12422E-07	1.961123932	0.0174702
7.11563E-07	1.962515878	0.0173498
7.10706E-07	1.963926724	0.0172232
7.0985E-07	1.96535702	0.0170904
7.08997E-07	1.966807332	0.0169512
7.08146E-07	1.968278244	0.0168058
7.07297E-07	1.969770362	0.0166541
7.0645E-07	1.971284311	0.0164961
7.05605E-07	1.972820736	0.0163317
7.04762E-07	1.974380304	0.016161
7.03921E-07	1.975963705	0.0159841
7.03082E-07	1.97757165	0.0158009
7.02245E-07	1.979204876	0.0156115
7.0141E-07	1.980864142	0.015416
7.00577E-07	1.982550232	0.0152144
6.99746E-07	1.984263956	0.0150068
6.98917E-07	1.986006151	0.0147934
6.9809E-07	1.987777681	0.0145742
6.97264E-07	1.989579435	0.0143494
6.96441E-07	1.991412335	0.0141192
6.9562E-07	1.993277329	0.0138838
6.94801E-07	1.995175395	0.0136434
6.93983E-07	1.997107542	0.0133981
6.93168E-07	1.999074812	0.0131484
6.92354E-07	2.001078275	0.0128944
6.91542E-07	2.003119038	0.0126365
6.90733E-07	2.005198238	0.0123751
6.89925E-07	2.007317047	0.0121106
6.89119E-07	2.00947667	0.0118434
6.88315E-07	2.011678348	0.011574
6.87512E-07	2.013923356	0.0113029
6.86712E-07	2.016213004	0.0110307
6.85914E-07	2.01854864	0.0107581
6.85117E-07	2.020931644	0.0104856
6.84322E-07	2.023363435	0.0102141
6.83529E-07	2.025845465	0.00994429
6.82738E-07	2.028379222	0.00967711
6.81949E-07	2.030966229	0.00941346
6.81161E-07	2.033608044	0.00915436
6.80376E-07	2.036306257	0.00890089
6.79592E-07	2.039062492	0.00865422
6.7881E-07	2.041878401	0.00841562
6.7803E-07	2.044755669	0.00818642
6.77251E-07	2.047696007	0.00796809
6.76474E-07	2.05070115	0.00776218
6.757E-07	2.053772858	0.00757036
6.74926E-07	2.056912909	0.00739441
6.74155E-07	2.060123098	0.00723624
6.73386E-07	2.063405233	0.00709789
6.72618E-07	2.066761127	0.00698153
6.71852E-07	2.070192597	0.00688948
6.71087E-07	2.073701458	0.00682422
6.70325E-07	2.077289513	0.00678836
6.69564E-07	2.08095855	0.00678471
6.68805E-07	2.08471033	0.00681624
6.68047E-07	2.088546583	0.00688608
6.67292E-07	2.092468992	0.00699757
6.66538E-07	2.096479188	0.00715426
6.65785E-07	2.100578733	0.00735986
6.65035E-07	2.104769113	0.00761833
6.64286E-07	2.109051717	0.00793383
6.63538E-07	2.113427828	0.00831073
6.62793E-07	2.1178986	0.00875365
6.62049E-07	2.122465047	0.00926743
6.61307E-07	2.127128015	0.00985714
6.60566E-07	2.13188817	0.0105281
6.59827E-07	2.13674597	0.0112859
6.5909E-07	2.141701643	0.0121363
6.58355E-07	2.14675516	0.0130854
6.57621E-07	2.151906212	0.0141394
6.56888E-07	2.157154178	0.0153049
6.56158E-07	2.1624981	0.0165886
6.55429E-07	2.167936648	0.0179974
6.54701E-07	2.173468091	0.0195385
6.53975E-07	2.179090266	0.0212193
6.53251E-07	2.184800542	0.0230472
6.52528E-07	2.190595787	0.02503
6.51807E-07	2.19647234	0.0271753
6.51088E-07	2.202425969	0.029491
6.5037E-07	2.208451848	0.0319852
6.49654E-07	2.214544521	0.0346655
6.48939E-07	2.220697874	0.03754
6.48226E-07	2.22690511	0.0406164
6.47515E-07	2.233158726	0.0439024
6.46805E-07	2.239450491	0.0474053
6.46096E-07	2.245771437	0.0511324
6.45389E-07	2.252111845	0.0550905
6.44684E-07	2.258461247	0.059286
6.4398E-07	2.264808426	0.0637249
6.43278E-07	2.271141433	0.0684124
6.42577E-07	2.27744761	0.0733533
6.41878E-07	2.283713615	0.0785515
6.4118E-07	2.28992547	0.0840101
6.40484E-07	2.296068611	0.0897314
6.39789E-07	2.302127952	0.0957165
6.39096E-07	2.308087958	0.101966
6.38404E-07	2.313932734	0.108478
6.37714E-07	2.31964612	0.115251
6.37026E-07	2.325211799	0.122281
6.36338E-07	2.330613414	0.129564
6.35653E-07	2.335834691	0.137093
6.34968E-07	2.340859575	0.144861
6.34286E-07	2.345672364	0.152859
6.33604E-07	2.350257853	0.161077
6.32925E-07	2.354601472	0.169504
6.32246E-07	2.358689426	0.178126
6.31569E-07	2.362508835	0.186929
6.30894E-07	2.366047861	0.195899
6.3022E-07	2.369295831	0.205019
6.29547E-07	2.372243344	0.214273
6.28876E-07	2.374882368	0.223641
6.28206E-07	2.377206321	0.233107
6.27538E-07	2.379210136	0.24265
6.26871E-07	2.380890301	0.252251
6.26206E-07	2.382244888	0.261891
6.25542E-07	2.383273557	0.27155
6.24879E-07	2.383977546	0.281209
6.24218E-07	2.384359629	0.290849
6.23558E-07	2.384424076	0.30045
6.22899E-07	2.384176575	0.309994
6.22242E-07	2.383624157	0.319465
6.21587E-07	2.382775096	0.328845
6.20932E-07	2.3816388	0.338119
6.20279E-07	2.380225703	0.347272
6.19628E-07	2.378547135	0.35629
6.18978E-07	2.376615204	0.365161
6.18329E-07	2.374442664	0.373874
6.17681E-07	2.372042792	0.382418
6.17035E-07	2.369429264	0.390784
6.16391E-07	2.366616036	0.398965
6.15747E-07	2.36361723	0.406954
6.15105E-07	2.360447029	0.414745
6.14464E-07	2.357119581	0.422334
6.13825E-07	2.353648903	0.429719
6.13187E-07	2.350048812	0.436895
6.1255E-07	2.346332844	0.443863
6.11915E-07	2.342514202	0.450622
6.11281E-07	2.338605696	0.457171
6.10648E-07	2.334619711	0.463513
6.10016E-07	2.330568165	0.469648
6.09386E-07	2.326462488	0.47558
6.08757E-07	2.322313605	0.48131
6.0813E-07	2.318131921	0.486843
6.07503E-07	2.313927324	0.492182
6.06878E-07	2.30970918	0.497331
6.06255E-07	2.305486342	0.502295
6.05632E-07	2.301267163	0.507078
6.05011E-07	2.297059507	0.511686
6.04391E-07	2.292870769	0.516124
6.03772E-07	2.288707895	0.520397
6.03155E-07	2.284577406	0.524509
6.02539E-07	2.280485417	0.528468
6.01924E-07	2.276437672	0.532277
6.01311E-07	2.272439558	0.535944
6.00698E-07	2.268496144	0.539472
6.00087E-07	2.264612198	0.542869
5.99477E-07	2.26079222	0.546139
5.98869E-07	2.257040466	0.549288
5.98261E-07	2.253360973	0.552321
5.97655E-07	2.249757586	0.555245
5.9705E-07	2.24623398	0.558064
5.96447E-07	2.242793684	0.560785
5.95844E-07	2.239440102	0.563412
5.95243E-07	2.236176531	0.565951
5.94643E-07	2.233006179	0.568408
5.94044E-07	2.22993218	0.570789
5.93446E-07	2.226957608	0.573099
5.9285E-07	2.224085484	0.575344
5.92255E-07	2.221318784	0.577531
5.91661E-07	2.21866044	0.579665
5.91068E-07	2.216113339	0.581753
5.90476E-07	2.213680314	0.583802
5.89886E-07	2.211364132	0.585818
5.89296E-07	2.209167477	0.587809
5.88708E-07	2.207092917	0.589783
5.88121E-07	2.205142876	0.591747
5.87536E-07	2.203319583	0.593711
5.86951E-07	2.20162502	0.595683
5.86368E-07	2.200060852	0.597674
5.85785E-07	2.198628352	0.599692
5.85204E-07	2.197328303	0.601751
5.84624E-07	2.19616089	0.60386
5.84045E-07	2.195125579	0.606032
5.83468E-07	2.194220975	0.608281
5.82891E-07	2.193444668	0.610619
5.82316E-07	2.192793067	0.613062
5.81741E-07	2.192261217	0.615623
5.81168E-07	2.191842614	0.618319
5.80596E-07	2.191529008	0.621164
5.80025E-07	2.191310218	0.624175
5.79456E-07	2.191173955	0.627367
5.78887E-07	2.191105661	0.630755
5.78319E-07	2.191088394	0.634354
5.77753E-07	2.191102752	0.638177
5.77188E-07	2.191126864	0.642236
5.76623E-07	2.191136458	0.64654
5.7606E-07	2.191105027	0.651096
5.75498E-07	2.191004093	0.65591
5.74937E-07	2.190803595	0.660981
5.74378E-07	2.190472384	0.666306
5.73819E-07	2.189978837	0.671878
5.73261E-07	2.189291569	0.677685
5.72705E-07	2.188380211	0.683709
5.72149E-07	2.18721625	0.68993
5.71595E-07	2.185773852	0.696323
5.71041E-07	2.184030665	0.702857
5.70489E-07	2.181968515	0.709501
5.69938E-07	2.179573993	0.71622
5.69388E-07	2.176838855	0.722975
5.68839E-07	2.173760242	0.729731
5.68291E-07	2.170340688	0.73645
5.67744E-07	2.166587925	0.743096
5.67198E-07	2.162514499	0.749635
5.66653E-07	2.158137225	0.756036
5.66109E-07	2.153476526	0.762272
5.65566E-07	2.148555684	0.768319
5.65025E-07	2.14340006	0.774156
5.64484E-07	2.138036325	0.77977
5.63944E-07	2.132491722	0.785147
5.63406E-07	2.126793407	0.790281
5.62868E-07	2.120967874	0.795169
5.62331E-07	2.115040482	0.799809
5.61796E-07	2.109035085	0.804204
5.61261E-07	2.102973764	0.808359
5.60728E-07	2.096876651	0.81228
5.60195E-07	2.090761836	0.815977
5.59664E-07	2.084645342	0.819458
5.59133E-07	2.078541163	0.822735
5.58604E-07	2.072461342	0.825817
5.58075E-07	2.066416075	0.828718
5.57548E-07	2.060413853	0.831447
5.57021E-07	2.054461601	0.834017
5.56496E-07	2.048564833	0.836439
5.55971E-07	2.042727802	0.838723
5.55448E-07	2.03695365	0.840879
5.54925E-07	2.031244548	0.842917
5.54404E-07	2.02560183	0.844846
5.53883E-07	2.020026108	0.846676
5.53364E-07	2.014517392	0.848413
5.52845E-07	2.009075179	0.850065
5.52327E-07	2.003698551	0.85164
5.51811E-07	1.998386245	0.853143
5.51295E-07	1.993136726	0.85458
5.5078E-07	1.987948244	0.855957
5.50267E-07	1.982818887	0.857278
5.49754E-07	1.977746621	0.858548
5.49242E-07	1.972729333	0.859771
5.48731E-07	1.967764857	0.86095
5.48221E-07	1.962851001	0.862089
5.47712E-07	1.957985574	0.86319
5.47204E-07	1.953166398	0.864257
5.46697E-07	1.948391323	0.865291
5.4619E-07	1.943658244	0.866294
5.45685E-07	1.938965104	0.86727
5.45181E-07	1.934309906	0.868218
5.44677E-07	1.929690716	0.869141
5.44175E-07	1.925105667	0.870041
5.43673E-07	1.920552962	0.870917
5.43173E-07	1.916030877	0.871771
5.42673E-07	1.911537762	0.872605
5.42174E-07	1.907072036	0.873418
5.41677E-07	1.902632196	0.874212
5.4118E-07	1.898216806	0.874987
5.40684E-07	1.893824503	0.875743
5.40188E-07	1.889453993	0.876481
5.39694E-07	1.885104049	0.877201
5.39201E-07	1.880773509	0.877904
5.38708E-07	1.876461274	0.87859
5.38217E-07	1.872166306	0.879258
5.37726E-07	1.867887628	0.879909
5.37237E-07	1.863624317	0.880544
5.36748E-07	1.859375508	0.881161
5.3626E-07	1.855140385	0.881761
5.35773E-07	1.850918183	0.882345
5.35286E-07	1.846708188	0.882911
5.34801E-07	1.84250973	0.883461
5.34317E-07	1.838322181	0.883993
5.33833E-07	1.83414496	0.884508
5.33351E-07	1.829977523	0.885006
5.32869E-07	1.825819365	0.885486
5.32388E-07	1.821670019	0.885948
5.31908E-07	1.81752905	0.886393
5.31429E-07	1.81339606	0.88682
5.3095E-07	1.809270682	0.887228
5.30473E-07	1.805152577	0.887618
5.29996E-07	1.801041438	0.88799
5.2952E-07	1.796936984	0.888343
5.29045E-07	1.792838959	0.888678
5.28571E-07	1.788747136	0.888993
5.28098E-07	1.784661307	0.889289
5.27626E-07	1.780581291	0.889566
5.27154E-07	1.776506925	0.889823
5.26684E-07	1.772438068	0.890061
5.26214E-07	1.768374598	0.890278
5.25745E-07	1.764316413	0.890476
5.25277E-07	1.760263428	0.890654
5.24809E-07	1.756215572	0.890811
5.24343E-07	1.752172795	0.890947
5.23877E-07	1.748135056	0.891063
5.23412E-07	1.744102335	0.891158
5.22948E-07	1.740074619	0.891232
5.22485E-07	1.736051913	0.891285
5.22023E-07	1.732034231	0.891317
5.21561E-07	1.7280216	0.891327
5.211E-07	1.724014058	0.891316
5.20641E-07	1.720011652	0.891283
5.20181E-07	1.716014441	0.891228
5.19723E-07	1.712022492	0.891152
5.19266E-07	1.708035879	0.891053
5.18809E-07	1.704054688	0.890933
5.18353E-07	1.700079008	0.89079
5.17898E-07	1.696108941	0.890625
5.17444E-07	1.69214459	0.890438
5.1699E-07	1.688186068	0.890229
5.16537E-07	1.684233494	0.889997
5.16085E-07	1.680286991	0.889742
5.15634E-07	1.676346687	0.889465
5.15184E-07	1.672412718	0.889166
5.14734E-07	1.66848522	0.888843
5.14286E-07	1.664564337	0.888498
5.13838E-07	1.660650215	0.888131
5.13391E-07	1.656743003	0.88774
5.12944E-07	1.652842856	0.887327
5.12498E-07	1.64894993	0.886891
5.12054E-07	1.645064383	0.886432
5.11609E-07	1.641186377	0.88595
5.11166E-07	1.637316076	0.885446
5.10724E-07	1.633453645	0.884919
5.10282E-07	1.629599252	0.884369
5.09841E-07	1.625753065	0.883796
5.094E-07	1.621915255	0.8832
5.08961E-07	1.618085994	0.882582
5.08522E-07	1.614265452	0.881941
5.08084E-07	1.610453805	0.881278
5.07647E-07	1.606651224	0.880592
5.0721E-07	1.602857883	0.879883
5.06775E-07	1.599073958	0.879152
5.0634E-07	1.595299621	0.878398
5.05905E-07	1.591535048	0.877622
5.05472E-07	1.587780411	0.876824
5.05039E-07	1.584035884	0.876003
5.04607E-07	1.58030164	0.875161
5.04176E-07	1.576577851	0.874296
5.03745E-07	1.572864688	0.873409
5.03315E-07	1.569162322	0.8725
5.02886E-07	1.565470922	0.871569
5.02458E-07	1.561790656	0.870617
5.0203E-07	1.558121692	0.869643
5.01603E-07	1.554464196	0.868648
5.01177E-07	1.550818332	0.867631
5.00752E-07	1.547184262	0.866592
5.00327E-07	1.543562148	0.865533
4.99903E-07	1.53995215	0.864452
4.9948E-07	1.536354425	0.863351
4.99057E-07	1.532769131	0.862228
4.98635E-07	1.52919642	0.861085
4.98214E-07	1.525636445	0.859921
4.97794E-07	1.522089357	0.858737
4.97374E-07	1.518555303	0.857532
4.96955E-07	1.515034431	0.856307
4.96537E-07	1.511526883	0.855062
4.96119E-07	1.508032802	0.853797
4.95702E-07	1.504552328	0.852513
4.95286E-07	1.501085597	0.851208
4.94871E-07	1.497632744	0.849884
4.94456E-07	1.494193903	0.848541
4.94042E-07	1.490769203	0.847179
4.93628E-07	1.487358772	0.845797
4.93215E-07	1.483962736	0.844397
4.92803E-07	1.480581217	0.842977
4.92392E-07	1.477214336	0.84154
4.91981E-07	1.473862211	0.840083
4.91571E-07	1.470524957	0.838609
4.91162E-07	1.467202687	0.837116
4.90754E-07	1.463895512	0.835606
4.90346E-07	1.460603538	0.834077
4.89938E-07	1.457326872	0.832531
4.89532E-07	1.454065616	0.830968
4.89126E-07	1.45081987	0.829387
4.88721E-07	1.447589731	0.82779
4.88316E-07	1.444375295	0.826175
4.87912E-07	1.441176653	0.824543
4.87509E-07	1.437993895	0.822895
4.87106E-07	1.434827109	0.821231
4.86704E-07	1.431676379	0.81955
4.86303E-07	1.428541786	0.817853
4.85903E-07	1.425423411	0.816141
4.85503E-07	1.42232133	0.814412
4.85103E-07	1.419235618	0.812668
4.84705E-07	1.416166346	0.810909
4.84307E-07	1.413113583	0.809134
4.8391E-07	1.410077396	0.807345
4.83513E-07	1.40705785	0.80554
4.83117E-07	1.404055006	0.803721
4.82722E-07	1.401068923	0.801888
4.82327E-07	1.398099659	0.80004
4.81933E-07	1.395147267	0.798178
4.81539E-07	1.3922118	0.796302
4.81147E-07	1.389293306	0.794412
4.80754E-07	1.386391834	0.792509
4.80363E-07	1.383507428	0.790592
4.79972E-07	1.38064013	0.788662
4.79582E-07	1.37778998	0.786719
4.79192E-07	1.374957017	0.784763
4.78803E-07	1.372141276	0.782795
4.78415E-07	1.36934279	0.780814
4.78027E-07	1.36656159	0.77882
4.7764E-07	1.363797705	0.776815
4.77254E-07	1.361051161	0.774797
4.76868E-07	1.358321984	0.772768
4.76483E-07	1.355610195	0.770727
4.76098E-07	1.352915814	0.768674
4.75714E-07	1.350238859	0.76661
4.75331E-07	1.347579347	0.764536
4.74948E-07	1.344937292	0.76245
4.74566E-07	1.342312705	0.760353
4.74185E-07	1.339705595	0.758246
4.73804E-07	1.337115972	0.756128
4.73424E-07	1.334543842	0.754
4.73044E-07	1.331989207	0.751862
4.72665E-07	1.32945207	0.749715
4.72286E-07	1.326932432	0.747557
4.71909E-07	1.32443029	0.74539
4.71531E-07	1.321945642	0.743213
4.71155E-07	1.319478482	0.741027
4.70779E-07	1.317028804	0.738833
4.70403E-07	1.314596597	0.736629
4.70028E-07	1.312181853	0.734416
4.69654E-07	1.309784557	0.732195
4.69281E-07	1.307404698	0.729966
4.68908E-07	1.305042258	0.727728
4.68535E-07	1.302697222	0.725482
4.68163E-07	1.300369569	0.723228
4.67792E-07	1.29805928	0.720967
4.67421E-07	1.295766332	0.718697
4.67051E-07	1.293490703	0.716421
4.66682E-07	1.291232366	0.714137
4.66313E-07	1.288991296	0.711846
4.65944E-07	1.286767465	0.709548
4.65577E-07	1.284560842	0.707243
4.6521E-07	1.282371397	0.704931
4.64843E-07	1.280199098	0.702613
4.64477E-07	1.278043911	0.700289
4.64111E-07	1.275905802	0.697958
4.63747E-07	1.273784732	0.695621
4.63382E-07	1.271680666	0.693278
4.63019E-07	1.269593563	0.69093
4.62655E-07	1.267523384	0.688576
4.62293E-07	1.265470088	0.686216
4.61931E-07	1.26343363	0.683851
4.61569E-07	1.261413967	0.681481
4.61209E-07	1.259411055	0.679106
4.60848E-07	1.257424846	0.676726
4.60488E-07	1.255455294	0.674341
4.60129E-07	1.253502348	0.671951
4.59771E-07	1.251565961	0.669557
4.59413E-07	1.24964608	0.667159
4.59055E-07	1.247742654	0.664756
4.58698E-07	1.245855629	0.662349
4.58342E-07	1.243984952	0.659938
4.57986E-07	1.242130568	0.657524
4.5763E-07	1.240292419	0.655106
4.57276E-07	1.23847045	0.652684
4.56922E-07	1.236664602	0.650258
4.56568E-07	1.234874816	0.64783
4.56215E-07	1.233101032	0.645398
4.55862E-07	1.231343188	0.642963
4.5551E-07	1.229601224	0.640526
4.55159E-07	1.227875075	0.638085
4.54808E-07	1.22616468	0.635642
4.54457E-07	1.224469972	0.633196
4.54108E-07	1.222790887	0.630748
4.53758E-07	1.221127359	0.628297
4.53409E-07	1.21947932	0.625845
4.53061E-07	1.217846702	0.62339
4.52714E-07	1.216229437	0.620933
4.52366E-07	1.214627455	0.618475
4.5202E-07	1.213040687	0.616014
4.51674E-07	1.211469061	0.613552
4.51328E-07	1.209912505	0.611089
4.50983E-07	1.208370947	0.608624
4.50638E-07	1.206844314	0.606158
4.50294E-07	1.205332532	0.603691
4.49951E-07	1.203835527	0.601222
4.49608E-07	1.202353222	0.598753
4.49266E-07	1.200885543	0.596283
4.48924E-07	1.199432413	0.593812
4.48582E-07	1.197993754	0.591341
4.48241E-07	1.196569488	0.588869
4.47901E-07	1.195159538	0.586396
4.47561E-07	1.193763824	0.583923
4.47222E-07	1.192382266	0.58145
4.46883E-07	1.191014784	0.578977
4.46545E-07	1.189661298	0.576504
4.46207E-07	1.188321725	0.574031
4.4587E-07	1.186995985	0.571558
4.45533E-07	1.185683994	0.569086
4.45197E-07	1.184385669	0.566614
4.44861E-07	1.183100927	0.564142
4.44526E-07	1.181829684	0.561671
4.44191E-07	1.180571855	0.5592
4.43857E-07	1.179327355	0.55673
4.43523E-07	1.178096098	0.554261
4.4319E-07	1.176877999	0.551793
4.42857E-07	1.175672971	0.549326
4.42525E-07	1.174480927	0.54686
4.42193E-07	1.17330178	0.544396
4.41862E-07	1.172135441	0.541932
4.41531E-07	1.170981823	0.53947
4.41201E-07	1.169840837	0.53701
4.40871E-07	1.168712393	0.534551
4.40542E-07	1.167596402	0.532093
4.40213E-07	1.166492775	0.529637
4.39885E-07	1.165401421	0.527183
4.39557E-07	1.164322249	0.524731
4.3923E-07	1.163255169	0.522281
4.38903E-07	1.162200089	0.519833
4.38577E-07	1.161156916	0.517386
4.38251E-07	1.16012556	0.514943
4.37926E-07	1.159105928	0.512501
4.37601E-07	1.158097927	0.510061
4.37276E-07	1.157101465	0.507624
4.36952E-07	1.156116447	0.50519
4.36629E-07	1.15514278	0.502758
4.36306E-07	1.15418037	0.500329
4.35984E-07	1.153229124	0.497902
4.35662E-07	1.152288946	0.495478
4.3534E-07	1.151359742	0.493057
4.35019E-07	1.150441417	0.490639
4.34698E-07	1.149533876	0.488223
4.34378E-07	1.148637023	0.485811
4.34059E-07	1.147750762	0.483402
4.33739E-07	1.146874998	0.480996
4.33421E-07	1.146009635	0.478593
4.33103E-07	1.145154576	0.476194
4.32785E-07	1.144309725	0.473798
4.32468E-07	1.143474985	0.471405
4.32151E-07	1.142650258	0.469016
4.31834E-07	1.141835449	0.46663
4.31518E-07	1.14103046	0.464248
4.31203E-07	1.140235193	0.46187
4.30888E-07	1.139449551	0.459495
4.30574E-07	1.138673437	0.457124
4.30259E-07	1.137906752	0.454757
4.29946E-07	1.137149398	0.452393
4.29633E-07	1.136401278	0.450034
4.2932E-07	1.135662294	0.447679
4.29008E-07	1.134932347	0.445328
4.28696E-07	1.134211338	0.44298
4.28385E-07	1.13349917	0.440637
4.28074E-07	1.132795745	0.438299
4.27763E-07	1.132100962	0.435964
4.27453E-07	1.131414725	0.433634
4.27144E-07	1.130736934	0.431308
4.26835E-07	1.13006749	0.428987
4.26526E-07	1.129406295	0.42667
4.26218E-07	1.128753251	0.424357
4.2591E-07	1.128108257	0.422049
4.25603E-07	1.127471217	0.419746
4.25296E-07	1.12684203	0.417447
4.2499E-07	1.126220598	0.415153
4.24684E-07	1.125606823	0.412864
4.24378E-07	1.125000606	0.41058
4.24073E-07	1.124401847	0.4083
4.23768E-07	1.12381045	0.406026
4.23464E-07	1.123226314	0.403756
4.2316E-07	1.122649341	0.401491
4.22857E-07	1.122079433	0.399231
4.22554E-07	1.121516492	0.396977
4.22252E-07	1.120960419	0.394727
4.2195E-07	1.120411117	0.392483
4.21648E-07	1.119868486	0.390243
4.21347E-07	1.11933243	0.388009
4.21046E-07	1.11880285	0.38578
4.20746E-07	1.118279648	0.383557
4.20446E-07	1.117762727	0.381338
4.20147E-07	1.11725199	0.379126
4.19847E-07	1.116747339	0.376918
4.19549E-07	1.116248677	0.374716
4.19251E-07	1.115755908	0.37252
4.18953E-07	1.115268933	0.370329
4.18656E-07	1.114787658	0.368143
4.18359E-07	1.114311985	0.365963
4.18062E-07	1.113841818	0.363789
4.17766E-07	1.113377062	0.36162
4.1747E-07	1.11291762	0.359458
4.17175E-07	1.112463397	0.3573
4.1688E-07	1.112014298	0.355149
4.16586E-07	1.111570228	0.353003
4.16292E-07	1.111131091	0.350864
4.15998E-07	1.110696794	0.34873
4.15705E-07	1.110267243	0.346602
4.15412E-07	1.109842342	0.344479
4.1512E-07	1.109421999	0.342363
4.14828E-07	1.109006121	0.340253
4.14537E-07	1.108594613	0.338149
4.14246E-07	1.108187385	0.336051
4.13955E-07	1.107784342	0.333959
4.13665E-07	1.107385393	0.331873
4.13375E-07	1.106990447	0.329793
4.13085E-07	1.106599411	0.327719
4.12796E-07	1.106212196	0.325652
4.12507E-07	1.10582871	0.323591
4.12219E-07	1.105448863	0.321536
4.11931E-07	1.105072565	0.319487
4.11644E-07	1.104699727	0.317445
4.11357E-07	1.10433026	0.315409
4.1107E-07	1.103964074	0.313379
4.10784E-07	1.103601083	0.311356
4.10498E-07	1.103241198	0.309339
4.10213E-07	1.102884331	0.307329
4.09928E-07	1.102530397	0.305325
4.09643E-07	1.102179308	0.303328
4.09359E-07	1.101830978	0.301337
4.09075E-07	1.101485323	0.299353
4.08791E-07	1.101142257	0.297375
4.08508E-07	1.100801695	0.295404
4.08225E-07	1.100463555	0.29344
4.07943E-07	1.100127751	0.291482
4.07661E-07	1.099794203	0.289531
4.0738E-07	1.099462826	0.287587
4.07098E-07	1.099133539	0.285649
4.06818E-07	1.098806262	0.283719
4.06537E-07	1.098480913	0.281795
4.06257E-07	1.098157412	0.279878
4.05978E-07	1.09783568	0.277968
4.05699E-07	1.097515637	0.276065
4.0542E-07	1.097197206	0.274168
4.05141E-07	1.096880309	0.272279
4.04863E-07	1.096564869	0.270397
4.04586E-07	1.096250809	0.268521
4.04308E-07	1.095938054	0.266653
4.04031E-07	1.095626528	0.264792
4.03755E-07	1.095316157	0.262938
4.03479E-07	1.095006867	0.261091
4.03203E-07	1.094698585	0.259251
4.02927E-07	1.09439124	0.257418
4.02652E-07	1.094084758	0.255593
4.02378E-07	1.093779069	0.253775
4.02103E-07	1.093474104	0.251964
4.0183E-07	1.093169792	0.25016
4.01556E-07	1.092866064	0.248364
4.01283E-07	1.092562854	0.246575
4.0101E-07	1.092260093	0.244793
4.00738E-07	1.091957715	0.243019
4.00466E-07	1.091655655	0.241253
4.00194E-07	1.091353848	0.239493
3.99923E-07	1.091052229	0.237742
3.99652E-07	1.090750736	0.235997
3.99381E-07	1.090449307	0.234261
3.99111E-07	1.09014788	0.232532
3.98841E-07	1.089846394	0.23081
3.98571E-07	1.089544789	0.229097
3.98302E-07	1.089243007	0.22739
3.98034E-07	1.08894099	0.225692
3.97765E-07	1.088638681	0.224001
3.97497E-07	1.088336024	0.222319
3.97229E-07	1.088032963	0.220644
3.96962E-07	1.087729444	0.218977
3.96695E-07	1.087425414	0.217317
3.96429E-07	1.087120821	0.215666
3.96162E-07	1.086815612	0.214022
3.95896E-07	1.086509739	0.212387
3.95631E-07	1.086203151	0.21076
3.95366E-07	1.0858958	0.20914
3.95101E-07	1.085587639	0.207529
3.94836E-07	1.085278622	0.205926
3.94572E-07	1.084968702	0.204331
3.94309E-07	1.084657836	0.202744
3.94045E-07	1.084345981	0.201165
3.93782E-07	1.084033094	0.199595
3.93519E-07	1.083719136	0.198033
3.93257E-07	1.083404064	0.196479
3.92995E-07	1.083087842	0.194933
3.92733E-07	1.082770431	0.193396
3.92472E-07	1.082451794	0.191868
3.92211E-07	1.082131897	0.190347
3.91951E-07	1.081810705	0.188836
3.9169E-07	1.081488185	0.187333
3.9143E-07	1.081164304	0.185838
3.91171E-07	1.080839033	0.184352
3.90912E-07	1.080512342	0.182875
3.90653E-07	1.080184202	0.181406
3.90394E-07	1.079854586	0.179946
3.90136E-07	1.079523468	0.178495
3.89878E-07	1.079190825	0.177053
3.89621E-07	1.078856631	0.175619
3.89364E-07	1.078520866	0.174195
3.89107E-07	1.078183508	0.172779
3.8885E-07	1.077844537	0.171372
3.88594E-07	1.077503936	0.169974
3.88338E-07	1.077161686	0.168585
3.88083E-07	1.076817774	0.167206
3.87828E-07	1.076472183	0.165835
3.87573E-07	1.076124901	0.164473
3.87318E-07	1.075775916	0.163121
3.87064E-07	1.075425218	0.161778
3.8681E-07	1.075072797	0.160444
3.86557E-07	1.074718646	0.159119
3.86304E-07	1.074362757	0.157804
3.86051E-07	1.074005128	0.156498
3.85798E-07	1.073645752	0.155202
3.85546E-07	1.073284628	0.153915
3.85294E-07	1.072921756	0.152637
3.85043E-07	1.072557135	0.151369
3.84792E-07	1.072190768	0.150111
3.84541E-07	1.071822657	0.148862
3.8429E-07	1.071452807	0.147622
3.8404E-07	1.071081224	0.146393
3.8379E-07	1.070707916	0.145173
3.83541E-07	1.070332891	0.143963
3.83292E-07	1.06995616	0.142762
3.83043E-07	1.069577734	0.141572
3.82794E-07	1.069197626	0.140391
3.82546E-07	1.068815851	0.13922
3.82298E-07	1.068432425	0.138059
3.8205E-07	1.068047364	0.136908
3.81803E-07	1.067660688	0.135768
3.81556E-07	1.067272417	0.134637
3.81309E-07	1.066882572	0.133516
3.81063E-07	1.066491176	0.132405
3.80817E-07	1.066098253	0.131304
3.80571E-07	1.06570383	0.130214
3.80326E-07	1.065307934	0.129134
3.80081E-07	1.064910592	0.128064
3.79836E-07	1.064511836	0.127004
3.79592E-07	1.064111696	0.125954
3.79348E-07	1.063710205	0.124915
3.79104E-07	1.063307398	0.123886
3.7886E-07	1.062903309	0.122868
3.78617E-07	1.062497976	0.12186
3.78374E-07	1.062091437	0.120862
3.78132E-07	1.061683731	0.119875
3.7789E-07	1.061274899	0.118898
3.77648E-07	1.060864984	0.117932
3.77406E-07	1.060454029	0.116977
3.77165E-07	1.060042079	0.116032
3.76924E-07	1.059629181	0.115097
3.76683E-07	1.05921538	0.114173
3.76443E-07	1.058800727	0.11326
3.76203E-07	1.058385271	0.112358
3.75963E-07	1.057969064	0.111466
3.75723E-07	1.057552157	0.110584
3.75484E-07	1.057134605	0.109714
3.75245E-07	1.056716463	0.108854
3.75007E-07	1.056297785	0.108005
3.74769E-07	1.05587863	0.107167
3.74531E-07	1.055459055	0.106339
3.74293E-07	1.055039121	0.105523
3.74056E-07	1.054618887	0.104717
3.73819E-07	1.054198416	0.103922
3.73582E-07	1.053777769	0.103138
3.73345E-07	1.053357011	0.102364
3.73109E-07	1.052936207	0.101602
3.72873E-07	1.052515421	0.10085
3.72638E-07	1.05209472	0.100109
3.72403E-07	1.051674173	0.0993788
3.72168E-07	1.051253847	0.0986596
3.71933E-07	1.050833812	0.0979513
3.71699E-07	1.050414139	0.0972538
3.71465E-07	1.049994897	0.0965672
3.71231E-07	1.04957616	0.0958914
3.70997E-07	1.049158	0.0952264
3.70764E-07	1.04874049	0.0945723
3.70531E-07	1.048323704	0.093929
3.70299E-07	1.047907717	0.0932966
3.70066E-07	1.047492604	0.092675
3.69834E-07	1.047078442	0.0920641
3.69603E-07	1.046665308	0.0914641
3.69371E-07	1.046253278	0.0908749
3.6914E-07	1.04584243	0.0902964
3.68909E-07	1.045432843	0.0897287
3.68679E-07	1.045024595	0.0891716
3.68448E-07	1.044617765	0.0886253
3.68218E-07	1.044212433	0.0880897
3.67989E-07	1.043808679	0.0875648
3.67759E-07	1.043406583	0.0870505
3.6753E-07	1.043006226	0.0865468
3.67301E-07	1.042607688	0.0860537
3.67073E-07	1.04221105	0.0855712
3.66844E-07	1.041816394	0.0850991
3.66616E-07	1.041423801	0.0846376
3.66389E-07	1.041033351	0.0841866
3.66161E-07	1.040645127	0.0837459
3.65934E-07	1.040259211	0.0833157
3.65707E-07	1.039875683	0.0828958
3.65481E-07	1.039494625	0.0824862
3.65254E-07	1.039116118	0.0820869
3.65028E-07	1.038740244	0.0816979
3.64803E-07	1.038367084	0.081319
3.64577E-07	1.037996719	0.0809502
3.64352E-07	1.037629228	0.0805915
3.64127E-07	1.037264694	0.0802429
3.63902E-07	1.036903196	0.0799043
3.63678E-07	1.036544813	0.0795756
3.63454E-07	1.036189625	0.0792568
3.6323E-07	1.035837711	0.0789478
3.63007E-07	1.03548915	0.0786486
3.62783E-07	1.035144019	0.0783591
3.6256E-07	1.034802396	0.0780792
3.62338E-07	1.034464357	0.077809
3.62115E-07	1.03412998	0.0775482
3.61893E-07	1.03379934	0.077297
3.61671E-07	1.033472512	0.0770551
3.6145E-07	1.03314957	0.0768226
3.61228E-07	1.032830588	0.0765993
3.61007E-07	1.032515638	0.0763852
3.60786E-07	1.032204793	0.0761803
3.60566E-07	1.031898123	0.0759844
3.60346E-07	1.0315957	0.0757975
3.60126E-07	1.031297592	0.0756194
3.59906E-07	1.031003868	0.0754503
3.59686E-07	1.030714595	0.0752898
3.59467E-07	1.03042984	0.075138
3.59248E-07	1.030149669	0.0749949
3.5903E-07	1.029874145	0.0748602
3.58811E-07	1.029603332	0.0747339
3.58593E-07	1.029337292	0.074616
3.58375E-07	1.029076087	0.0745064
3.58158E-07	1.028819776	0.0744049
3.5794E-07	1.028568419	0.0743115
3.57723E-07	1.028322072	0.0742262
3.57506E-07	1.028080792	0.0741487
3.5729E-07	1.027844634	0.074079
3.57074E-07	1.027613652	0.0740171
3.56858E-07	1.027387898	0.0739628
3.56642E-07	1.027167424	0.0739161
3.56426E-07	1.026952279	0.0738768
3.56211E-07	1.026742512	0.0738449
3.55996E-07	1.026538171	0.0738203
3.55781E-07	1.026339299	0.0738028
3.55567E-07	1.026145943	0.0737924
3.55353E-07	1.025958145	0.073789
3.55139E-07	1.025775947	0.0737925
3.54925E-07	1.025599388	0.0738027
3.54712E-07	1.025428507	0.0738197
3.54499E-07	1.025263342	0.0738432
3.54286E-07	1.025103927	0.0738732
