8.85714E-07	1.895771844	0.017910545
8.84388E-07	1.896578984	0.017960407
8.83065E-07	1.897394051	0.018010452
8.81746E-07	1.898217173	0.018060723
8.80432E-07	1.899048482	0.018111264
8.79121E-07	1.899888112	0.018162119
8.77814E-07	1.9007362	0.018213338
8.76511E-07	1.901592886	0.018264968
8.75212E-07	1.90245831	0.018317064
8.73916E-07	1.903332617	0.018369678
8.72625E-07	1.904215955	0.018422867
8.71337E-07	1.905108474	0.018476689
8.70053E-07	1.906010325	0.018531207
8.68773E-07	1.906921665	0.018586484
8.67497E-07	1.907842651	0.018642586
8.66224E-07	1.908773446	0.018699583
8.64955E-07	1.909714214	0.018757546
8.6369E-07	1.910665123	0.018816552
8.62429E-07	1.911626342	0.018876678
8.61171E-07	1.912598046	0.018938006
8.59917E-07	1.913580412	0.019000621
8.58666E-07	1.914573621	0.019064611
8.57419E-07	1.915577855	0.019130068
8.56176E-07	1.916593303	0.019197088
8.54878E-07	1.917620156	0.01926577
8.53642E-07	1.918658606	0.019336219
8.52409E-07	1.919708853	0.019408542
8.51181E-07	1.920771098	0.019482851
8.49955E-07	1.921845546	0.019559264
8.48734E-07	1.922932407	0.019637903
8.47516E-07	1.924031893	0.019718893
8.46301E-07	1.925144221	0.019802367
8.4509E-07	1.926269612	0.019888462
8.43882E-07	1.927408292	0.01997732
8.42678E-07	1.928560488	0.020069091
8.41477E-07	1.929726436	0.020163927
8.40279E-07	1.930906371	0.020261991
8.39085E-07	1.932100536	0.020363449
8.37894E-07	1.933309176	0.020468476
8.36707E-07	1.934532543	0.020577252
8.35523E-07	1.935770891	0.020689965
8.34343E-07	1.937024479	0.020806813
8.33165E-07	1.938293572	0.020927998
8.31991E-07	1.939578438	0.021053733
8.30821E-07	1.940879349	0.021184238
8.29653E-07	1.942196585	0.021319744
8.28489E-07	1.943530426	0.021460489
8.27329E-07	1.944881161	0.021606723
8.26171E-07	1.946249082	0.021758704
8.25017E-07	1.947634483	0.021916701
8.23866E-07	1.949037669	0.022080995
8.22718E-07	1.950458943	0.022251877
8.21573E-07	1.951898618	0.022429651
8.20431E-07	1.953357008	0.022614634
8.19293E-07	1.954834434	0.022807154
8.18158E-07	1.956331221	0.023007552
8.17026E-07	1.957847699	0.023216187
8.15897E-07	1.959384201	0.023433427
8.14771E-07	1.960941066	0.023659659
8.13648E-07	1.962518637	0.023895286
8.12529E-07	1.964117261	0.024140725
8.11412E-07	1.965737289	0.024396411
8.10299E-07	1.967379078	0.024662797
8.09188E-07	1.969042985	0.024940356
8.08081E-07	1.970729375	0.025229578
8.06976E-07	1.972438612	0.025530975
8.05875E-07	1.974171066	0.025845079
8.04777E-07	1.97592711	0.026172444
8.03681E-07	1.977707118	0.026513647
8.02589E-07	1.979511468	0.026869288
8.015E-07	1.981340537	0.027239994
8.00413E-07	1.983194708	0.027626414
7.99278E-07	1.985074359	0.028029227
7.98198E-07	1.986979874	0.028449138
7.9712E-07	1.988911634	0.028886883
7.96045E-07	1.990870019	0.029343225
7.94974E-07	1.992855409	0.029818961
7.93905E-07	1.99486818	0.03031492
7.92839E-07	1.996908706	0.030831965
7.91776E-07	1.998977357	0.031370994
7.90715E-07	2.001074498	0.031932941
7.89658E-07	2.003200487	0.032518779
7.88603E-07	2.005355675	0.033129521
7.87552E-07	2.007540407	0.033766221
7.86503E-07	2.009755013	0.034429973
7.85456E-07	2.011999816	0.03512192
7.84413E-07	2.014275123	0.035843247
7.83372E-07	2.016581229	0.036595188
7.82334E-07	2.018918408	0.037379026
7.81299E-07	2.021286918	0.038196095
7.80267E-07	2.023686995	0.039047782
7.79237E-07	2.026118852	0.039935527
7.7821E-07	2.028582673	0.040860829
7.77186E-07	2.031078615	0.041825243
7.76164E-07	2.033606802	0.042830383
7.75145E-07	2.036167322	0.043877927
7.74129E-07	2.038760225	0.044969614
7.73116E-07	2.041385516	0.046107249
7.72105E-07	2.044043153	0.047292705
7.71096E-07	2.046733044	0.04852792
7.70091E-07	2.049455038	0.049814904
7.69088E-07	2.052208925	0.051155737
7.68087E-07	2.054994426	0.052552573
7.67089E-07	2.05781119	0.054007636
7.66094E-07	2.060658788	0.055523227
7.65101E-07	2.063536703	0.057101722
7.64111E-07	2.066444328	0.05874557
7.63124E-07	2.069380954	0.060457297
7.62139E-07	2.072345764	0.062239505
7.61156E-07	2.075337828	0.064094868
7.60177E-07	2.078356086	0.066026135
7.59199E-07	2.081399347	0.068036127
7.58224E-07	2.084466275	0.070127734
7.57252E-07	2.087555379	0.072303914
7.56282E-07	2.090665003	0.074567686
7.55315E-07	2.093793314	0.07692213
7.5435E-07	2.096938293	0.079370379
7.53387E-07	2.10009772	0.081915613
7.52427E-07	2.103269161	0.084561055
7.51424E-07	2.106449958	0.087309955
7.50469E-07	2.109637216	0.09016559
7.49516E-07	2.112827786	0.093131245
7.48566E-07	2.116018257	0.096210204
7.47618E-07	2.119204938	0.099405736
7.46673E-07	2.122383847	0.102721078
7.4573E-07	2.125550699	0.106159415
7.44789E-07	2.12870089	0.109723864
7.43851E-07	2.13182949	0.113417451
7.42915E-07	2.134931228	0.117243086
7.41982E-07	2.138000484	0.121203536
7.41051E-07	2.141031279	0.125301397
7.40122E-07	2.14401727	0.129539066
7.39195E-07	2.146951744	0.133918703
7.38271E-07	2.149827615	0.138442196
7.37349E-07	2.152637424	0.143111127
7.3643E-07	2.155373345	0.147926726
7.35512E-07	2.158027187	0.152889836
7.34597E-07	2.16059041	0.15800086
7.33684E-07	2.163054136	0.163259724
7.32774E-07	2.165409171	0.168665825
7.31866E-07	2.16764603	0.174217987
7.3096E-07	2.169754969	0.179914408
7.30056E-07	2.17172602	0.185752621
7.29154E-07	2.173549037	0.191729442
7.28255E-07	2.175213742	0.197840927
7.27358E-07	2.176709788	0.204082332
7.26463E-07	2.178026816	0.210448075
7.25571E-07	2.179154531	0.216931702
7.2468E-07	2.180082774	0.223525863
7.23792E-07	2.180801609	0.230222288
7.22906E-07	2.18130141	0.237011776
7.22022E-07	2.181572952	0.243884195
7.2114E-07	2.181607512	0.250828484
7.2026E-07	2.181396967	0.257832675
7.19383E-07	2.180933896	0.264883919
7.18507E-07	2.180211679	0.271968531
7.17634E-07	2.1792246	0.279072043
7.16763E-07	2.17796794	0.286179273
7.15894E-07	2.176438071	0.293274402
7.15027E-07	2.174632535	0.300341075
7.14162E-07	2.17255012	0.307362495
7.133E-07	2.170190924	0.314321548
7.12439E-07	2.167556405	0.321200923
7.1158E-07	2.164649415	0.327983245
7.10724E-07	2.161474223	0.334651215
7.09869E-07	2.158036518	0.341187753
7.09017E-07	2.154343394	0.347576138
7.08126E-07	2.150403325	0.353800155
7.07278E-07	2.14622611	0.359844231
7.06432E-07	2.141822814	0.365693569
7.05588E-07	2.137205682	0.371334275
7.04746E-07	2.132388052	0.376753471
7.03906E-07	2.127384238	0.381939396
7.03067E-07	2.122209418	0.386881495
7.02231E-07	2.1168795	0.391570493
7.01397E-07	2.111410995	0.395998451
7.00565E-07	2.10582087	0.400158805
6.99735E-07	2.100126413	0.404046387
6.98907E-07	2.094345092	0.407657437
6.9808E-07	2.088494415	0.410989585
6.97256E-07	2.082591802	0.414041831
6.96434E-07	2.076654454	0.416814501
6.95613E-07	2.070699241	0.419309201
6.94795E-07	2.064742588	0.421528744
6.93978E-07	2.058800385	0.423477085
6.93163E-07	2.052887894	0.425159234
6.92351E-07	2.04701968	0.426581172
6.9154E-07	2.041209548	0.427749761
6.90731E-07	2.035470488	0.428672643
6.89924E-07	2.029814647	0.429358154
6.89119E-07	2.024253291	0.429815222
6.88315E-07	2.018796795	0.430053275
6.87514E-07	2.013454635	0.430082153
6.86714E-07	2.008235388	0.429912019
6.85917E-07	2.003146746	0.429553278
6.85121E-07	1.99819553	0.429016496
6.84327E-07	1.993387717	0.428312331
6.83535E-07	1.988728465	0.427451466
6.82744E-07	1.98422215	0.426444549
6.81956E-07	1.979872401	0.425302137
6.81169E-07	1.975682139	0.424034651
6.80384E-07	1.971653617	0.422652332
6.79601E-07	1.967788466	0.421165202
6.7882E-07	1.964087736	0.419583037
6.7804E-07	1.960551939	0.41791534
6.77263E-07	1.957181092	0.416171317
6.76487E-07	1.953974758	0.414359865
6.75712E-07	1.950932089	0.412489554
6.7494E-07	1.948051863	0.410568624
6.7417E-07	1.945332522	0.408604975
6.73401E-07	1.942772211	0.406606167
6.72634E-07	1.940368808	0.404579421
6.71868E-07	1.938119958	0.402531617
6.71105E-07	1.936023102	0.400469306
6.70343E-07	1.934075505	0.39839871
6.69546E-07	1.932274284	0.396325734
6.68788E-07	1.930616428	0.394255972
6.68031E-07	1.929098822	0.392194721
6.67277E-07	1.927718266	0.390146988
6.66523E-07	1.926471494	0.388117504
6.65772E-07	1.925355186	0.386110734
6.65022E-07	1.92436599	0.384130894
6.64274E-07	1.923500527	0.382181956
6.63527E-07	1.922755407	0.380267668
6.62783E-07	1.922127236	0.37839156
6.6204E-07	1.921612627	0.376556961
6.61298E-07	1.921208205	0.374767009
6.60558E-07	1.920910616	0.373024664
6.5982E-07	1.920716526	0.371332717
6.59084E-07	1.920622632	0.369693805
6.58349E-07	1.920625662	0.368110417
6.57616E-07	1.920722375	0.36658491
6.56884E-07	1.920909566	0.365119513
6.56154E-07	1.921184064	0.36371634
6.55426E-07	1.921542735	0.3623774
6.54699E-07	1.921982477	0.361104601
6.53974E-07	1.922500223	0.359899762
6.5325E-07	1.923092937	0.358764618
6.52529E-07	1.923757614	0.357700828
6.51808E-07	1.924491274	0.356709983
6.5109E-07	1.925290963	0.355793608
6.50372E-07	1.926153745	0.35495317
6.49657E-07	1.927076705	0.354190085
6.48943E-07	1.928056939	0.353505717
6.4823E-07	1.929091551	0.352901386
6.4752E-07	1.930177651	0.352378372
6.4681E-07	1.931312349	0.351937914
6.46103E-07	1.93249275	0.351581216
6.45396E-07	1.933715948	0.351309448
6.44692E-07	1.934979022	0.351123745
6.43989E-07	1.936279032	0.351025212
6.43287E-07	1.937613008	0.35101492
6.42587E-07	1.938977953	0.351093909
6.41888E-07	1.940370827	0.351263185
6.41191E-07	1.941788552	0.351523719
6.40496E-07	1.943227996	0.351876447
6.39802E-07	1.944685975	0.352322263
6.39109E-07	1.946159244	0.352862018
6.38418E-07	1.947644488	0.353496517
6.37729E-07	1.949138324	0.354226512
6.37041E-07	1.950637289	0.355052698
6.36354E-07	1.952137836	0.355975705
6.35637E-07	1.95363633	0.356996091
6.34953E-07	1.955129043	0.358114335
6.34271E-07	1.95661215	0.35933083
6.33591E-07	1.958081721	0.360645866
6.32911E-07	1.959533723	0.362059629
6.32234E-07	1.960964015	0.363572179
6.31558E-07	1.962368344	0.365183448
6.30883E-07	1.963742346	0.366893216
6.30209E-07	1.965081543	0.368701104
6.29537E-07	1.966381348	0.370606554
6.28867E-07	1.967637062	0.372608815
6.28198E-07	1.968843882	0.374706924
6.2753E-07	1.969996902	0.376899688
6.26864E-07	1.971091123	0.379185664
6.26199E-07	1.972121461	0.381563141
6.25536E-07	1.973082755	0.384030118
6.24874E-07	1.973969784	0.386584282
6.24213E-07	1.974777284	0.389222991
6.23554E-07	1.975499961	0.391943247
6.22896E-07	1.976132519	0.394741681
6.2224E-07	1.97666968	0.397614528
6.21585E-07	1.977106216	0.40055761
6.20931E-07	1.977436979	0.403566317
6.20279E-07	1.977656935	0.40663559
6.19628E-07	1.977761208	0.409759908
6.18979E-07	1.977745117	0.412933277
6.18331E-07	1.977604226	0.416149221
6.17684E-07	1.977334392	0.419400776
6.17038E-07	1.976931819	0.422680496
6.16394E-07	1.976393115	0.425980455
6.15751E-07	1.975715349	0.429292261
6.1511E-07	1.974896114	0.432607072
6.1447E-07	1.973933582	0.435915628
6.13831E-07	1.972826578	0.439208279
6.13194E-07	1.971574629	0.442475031
6.12557E-07	1.970178033	0.445705598
6.11923E-07	1.968637911	0.44888946
6.11289E-07	1.966956264	0.452015936
6.10657E-07	1.965136013	0.455074261
6.10026E-07	1.96318105	0.458053673
6.09397E-07	1.961096257	0.460943514
6.08768E-07	1.958887535	0.463733327
6.08141E-07	1.956561812	0.466412971
6.07516E-07	1.954127038	0.468972733
6.06891E-07	1.951592164	0.471403446
6.06268E-07	1.948967118	0.473696612
6.05646E-07	1.946262744	0.475844515
6.05026E-07	1.943490747	0.47784034
6.04377E-07	1.940663606	0.479678284
6.03759E-07	1.937794478	0.481353652
6.03142E-07	1.934897089	0.482862957
6.02527E-07	1.931985605	0.484203988
6.01913E-07	1.929074494	0.485375881
6.013E-07	1.926178386	0.486379163
6.00688E-07	1.923311909	0.487215776
6.00077E-07	1.920489542	0.487889089
5.99468E-07	1.917725443	0.488403881
5.9886E-07	1.915033302	0.48876631
5.98253E-07	1.91242618	0.488983856
5.97648E-07	1.909916367	0.489065249
5.97044E-07	1.907515243	0.489020374
5.96441E-07	1.905233162	0.488860168
5.95839E-07	1.903079341	0.488596488
5.95238E-07	1.901061771	0.488241986
5.94639E-07	1.899187148	0.487809956
5.9404E-07	1.897460819	0.487314192
5.93443E-07	1.895886753	0.486768828
5.92848E-07	1.894467527	0.486188191
5.92253E-07	1.893204334	0.485586646
5.9166E-07	1.892097007	0.48497845
5.91067E-07	1.89114406	0.484377618
5.90476E-07	1.890342744	0.483797788
5.89886E-07	1.889689119	0.483252108
5.89298E-07	1.889178132	0.482753125
5.8871E-07	1.888803703	0.482312697
5.88124E-07	1.88855883	0.481941908
5.87538E-07	1.88843568	0.481651005
5.86954E-07	1.888425699	0.481449346
5.86372E-07	1.888519713	0.481345357
5.8579E-07	1.888708034	0.481346508
5.85209E-07	1.888980562	0.481459296
5.8463E-07	1.889326882	0.481689239
5.84052E-07	1.889736361	0.482040884
5.83474E-07	1.890198237	0.482517816
5.82899E-07	1.890701704	0.483122681
5.82324E-07	1.891235988	0.483857214
5.8175E-07	1.891790422	0.48472227
5.81177E-07	1.892354511	0.485717861
5.80606E-07	1.892917993	0.486843199
5.80036E-07	1.893470891	0.488096736
5.79466E-07	1.894003562	0.489476212
5.78898E-07	1.894506741	0.4909787
5.78331E-07	1.894971574	0.492600656
5.77765E-07	1.895389655	0.494337965
5.77201E-07	1.895753049	0.496185989
5.7661E-07	1.89605432	0.498139619
5.76048E-07	1.896286546	0.500193316
5.75486E-07	1.896443335	0.502341164
5.74926E-07	1.89651884	0.504576912
5.74367E-07	1.896507765	0.506894021
5.73808E-07	1.896405372	0.509285708
5.73251E-07	1.896207483	0.511744988
5.72695E-07	1.895910484	0.514264715
5.7214E-07	1.895511321	0.516837626
5.71587E-07	1.895007495	0.519456381
5.71034E-07	1.894397059	0.522113595
5.70482E-07	1.893678608	0.524801884
5.69932E-07	1.892851269	0.527513896
5.69382E-07	1.891914689	0.530242348
5.68833E-07	1.890869023	0.532980058
5.68286E-07	1.889714917	0.535719979
5.6774E-07	1.88845349	0.538455232
5.67194E-07	1.887086317	0.541179133
5.6665E-07	1.885615406	0.543885219
5.66107E-07	1.884043176	0.546567281
5.65564E-07	1.882372436	0.549219384
5.65023E-07	1.880606358	0.551835892
5.64483E-07	1.878748447	0.554411488
5.63944E-07	1.87680252	0.556941195
5.63406E-07	1.874772671	0.559420392
5.62869E-07	1.872663244	0.561844829
5.62333E-07	1.870478801	0.564210639
5.61798E-07	1.868224092	0.566514351
5.61264E-07	1.865904021	0.568752893
5.60731E-07	1.863523613	0.570923602
5.60199E-07	1.861087986	0.573024225
5.59668E-07	1.858602313	0.575052919
5.59138E-07	1.856071793	0.577008248
5.58609E-07	1.853501618	0.578889178
5.58081E-07	1.850896945	0.580695074
5.57554E-07	1.848262861	0.582425682
5.57028E-07	1.845604358	0.584081125
5.56503E-07	1.842926305	0.585661883
5.55979E-07	1.84023342	0.587168779
5.55456E-07	1.837530249	0.588602959
5.54934E-07	1.834821142	0.589965875
5.54413E-07	1.832110234	0.591259258
5.53893E-07	1.829401424	0.592485099
5.53374E-07	1.826698364	0.593645624
5.52856E-07	1.824004443	0.594743265
5.52339E-07	1.821322775	0.595780641
5.51822E-07	1.818656197	0.596760525
5.51307E-07	1.816007252	0.59768582
5.50768E-07	1.813378199	0.598559535
5.50255E-07	1.810771001	0.599384753
5.49743E-07	1.808187332	0.600164613
5.49232E-07	1.80562858	0.600902277
5.48721E-07	1.803095852	0.601600913
5.48212E-07	1.80058998	0.602263666
5.47703E-07	1.798111533	0.602893642
5.47196E-07	1.795660829	0.603493885
5.46689E-07	1.793237945	0.604067358
5.46183E-07	1.790842729	0.604616927
5.45679E-07	1.788474822	0.605145346
5.45175E-07	1.786133666	0.605655243
5.44672E-07	1.783818524	0.60614911
5.4417E-07	1.7815285	0.606629289
5.43669E-07	1.779262547	0.607097969
5.43169E-07	1.777019496	0.607557176
5.4267E-07	1.774798064	0.608008772
5.42171E-07	1.772596874	0.608454447
5.41674E-07	1.770414474	0.608895723
5.41177E-07	1.768249349	0.60933395
5.40682E-07	1.766099941	0.609770311
5.40187E-07	1.763964658	0.61020582
5.39694E-07	1.761841895	0.610641331
5.39201E-07	1.759730041	0.611077539
5.38709E-07	1.757627495	0.611514987
5.38218E-07	1.755532675	0.611954073
5.37728E-07	1.75344403	0.612395057
5.37238E-07	1.751360048	0.612838066
5.3675E-07	1.749279266	0.613283108
5.36263E-07	1.747200273	0.613730072
5.35776E-07	1.745121722	0.614178744
5.3529E-07	1.743042333	0.614628814
5.34805E-07	1.740960895	0.61507988
5.34322E-07	1.738876273	0.615531463
5.33838E-07	1.73678741	0.615983013
5.33356E-07	1.734693326	0.616433915
5.32875E-07	1.732593124	0.6168835
5.32394E-07	1.730485989	0.617331055
5.31915E-07	1.728371184	0.617775825
5.31436E-07	1.726248056	0.618217023
5.30958E-07	1.72411603	0.618653839
5.30481E-07	1.721974609	0.619085442
5.30005E-07	1.719823375	0.61951099
5.2953E-07	1.717661981	0.619929634
5.29055E-07	1.715490153	0.620340522
5.28582E-07	1.713307685	0.620742807
5.28109E-07	1.711114438	0.621135647
5.27615E-07	1.708910336	0.621518214
5.27144E-07	1.706695361	0.621889694
5.26673E-07	1.704469553	0.622249291
5.26204E-07	1.702233004	0.62259623
5.25736E-07	1.699985854	0.62292976
5.25268E-07	1.697728293	0.623249156
5.24801E-07	1.69546055	0.623553719
5.24335E-07	1.693182895	0.623842782
5.2387E-07	1.690895634	0.624115706
5.23406E-07	1.688599105	0.624371883
5.22942E-07	1.686293677	0.62461074
5.22479E-07	1.683979744	0.624831732
5.22017E-07	1.681657728	0.625034351
5.21556E-07	1.679328066	0.625218121
5.21096E-07	1.676991218	0.625382597
5.20637E-07	1.674647659	0.625527369
5.20178E-07	1.672297876	0.62565206
5.1972E-07	1.669942369	0.625756321
5.19263E-07	1.667581645	0.62583984
5.18807E-07	1.66521622	0.625902331
5.18351E-07	1.662846614	0.625943541
5.17897E-07	1.660473351	0.625963244
5.17443E-07	1.658096956	0.625961245
5.1699E-07	1.655717954	0.625937374
5.16538E-07	1.65333687	0.625891488
5.16086E-07	1.650954226	0.625823471
5.15635E-07	1.648570541	0.625733228
5.15186E-07	1.646186326	0.625620692
5.14736E-07	1.643802091	0.625485814
5.14288E-07	1.641418336	0.625328569
5.13841E-07	1.639035554	0.625148951
5.13394E-07	1.636654232	0.624946974
5.12948E-07	1.634274847	0.624722668
5.12503E-07	1.631897865	0.624476084
5.12058E-07	1.629523746	0.624207286
5.11614E-07	1.627152936	0.623916353
5.11172E-07	1.624785873	0.623603381
5.10729E-07	1.622422984	0.623268475
5.10288E-07	1.620064684	0.622911756
5.09847E-07	1.617711379	0.622533355
5.09408E-07	1.615363461	0.622133413
5.08969E-07	1.613021312	0.621712081
5.0853E-07	1.610685303	0.62126952
5.08093E-07	1.608355793	0.620805897
5.07656E-07	1.606033131	0.620321389
5.0722E-07	1.603717653	0.619816176
5.06784E-07	1.601409686	0.619290449
5.0635E-07	1.599109543	0.618744399
5.05895E-07	1.596817529	0.618178225
5.05462E-07	1.594533937	0.61759213
5.0503E-07	1.592259049	0.61698632
5.04598E-07	1.589993139	0.616361002
5.04168E-07	1.587736468	0.615716388
5.03737E-07	1.58548929	0.615052692
5.03308E-07	1.583251846	0.614370129
5.02879E-07	1.581024372	0.613668914
5.02451E-07	1.578807092	0.612949264
5.02024E-07	1.576600222	0.612211396
5.01598E-07	1.57440397	0.611455527
5.01172E-07	1.572218534	0.610681873
5.00747E-07	1.570044108	0.609890651
5.00323E-07	1.567880874	0.609082075
4.99899E-07	1.565729009	0.60825636
4.99476E-07	1.563588684	0.607413717
4.99054E-07	1.561460062	0.606554356
4.98633E-07	1.559343299	0.605678488
4.98212E-07	1.557238546	0.604786317
4.97792E-07	1.555145949	0.603878049
4.97373E-07	1.553065647	0.602953885
4.96954E-07	1.550997775	0.602014025
4.96536E-07	1.548942463	0.601058664
4.96119E-07	1.546899836	0.600087997
4.95703E-07	1.544870015	0.599102214
4.95287E-07	1.542853117	0.598101503
4.94872E-07	1.540849257	0.597086049
4.94457E-07	1.538858544	0.596056033
4.94044E-07	1.536881087	0.595011634
4.93631E-07	1.534916989	0.593953027
4.93218E-07	1.532966353	0.592880384
4.92807E-07	1.531029279	0.591793872
4.92396E-07	1.529105866	0.590693659
4.91985E-07	1.527196209	0.589579906
4.91576E-07	1.525300404	0.588452773
4.91167E-07	1.523418545	0.587312414
4.90759E-07	1.521550726	0.586158983
4.90351E-07	1.51969704	0.58499263
4.89944E-07	1.517857579	0.583813501
4.89538E-07	1.516032436	0.58262174
4.89133E-07	1.514221704	0.581417487
4.88728E-07	1.512425475	0.580200882
4.88324E-07	1.510643844	0.57897206
4.8792E-07	1.508876906	0.577731153
4.87517E-07	1.507124757	0.576478293
4.87115E-07	1.505387495	0.575213607
4.86714E-07	1.503665218	0.573937222
4.86313E-07	1.501958027	0.572649262
4.85893E-07	1.500266027	0.571349849
4.85494E-07	1.498589321	0.570039105
4.85095E-07	1.496928019	0.568717148
4.84697E-07	1.49528223	0.567384096
4.84299E-07	1.493652069	0.566040067
4.83902E-07	1.492037651	0.564685176
4.83506E-07	1.490439096	0.563319539
4.83111E-07	1.488856529	0.561943271
4.82716E-07	1.487290074	0.560556487
4.82321E-07	1.485739864	0.559159301
4.81928E-07	1.484206033	0.557751829
4.81535E-07	1.482688719	0.556334187
4.81142E-07	1.481188066	0.554906492
4.80751E-07	1.479704221	0.553468862
4.80359E-07	1.478237335	0.552021416
4.79969E-07	1.476787564	0.550564276
4.79579E-07	1.475355071	0.549097565
4.7919E-07	1.473940021	0.54762141
4.78801E-07	1.472542584	0.54613594
4.78414E-07	1.471162936	0.544641287
4.78026E-07	1.469801259	0.543137588
4.7764E-07	1.468457737	0.541624981
4.77253E-07	1.467132561	0.540103613
4.76868E-07	1.465825928	0.538573631
4.76483E-07	1.464538038	0.537035192
4.76099E-07	1.463269097	0.535488456
4.75715E-07	1.462019316	0.533933589
4.75333E-07	1.46078891	0.532370765
4.7495E-07	1.459578101	0.530800165
4.74568E-07	1.458387113	0.529221977
4.74187E-07	1.457216177	0.527636397
4.73807E-07	1.456065525	0.526043631
4.73427E-07	1.454935398	0.524443893
4.73048E-07	1.453826036	0.522837408
4.72669E-07	1.452737685	0.521224409
4.72291E-07	1.451670595	0.519605142
4.71914E-07	1.450625018	0.517979864
4.71537E-07	1.449601209	0.516348843
4.7116E-07	1.448599425	0.514712359
4.70785E-07	1.447619925	0.513070707
4.7041E-07	1.446662969	0.511424193
4.70035E-07	1.445728818	0.50977314
4.69661E-07	1.444817734	0.508117882
4.69288E-07	1.443929979	0.506458771
4.68915E-07	1.443065811	0.504796174
4.68543E-07	1.442225489	0.503130472
4.68172E-07	1.441409269	0.501462065
4.67783E-07	1.440617403	0.499791369
4.67413E-07	1.43985014	0.498118817
4.67043E-07	1.439107723	0.496444859
4.66674E-07	1.43839039	0.494769966
4.66306E-07	1.437698371	0.493094625
4.65938E-07	1.437031888	0.491419341
4.6557E-07	1.436391155	0.48974464
4.65204E-07	1.435776374	0.488071065
4.64837E-07	1.435187738	0.486399181
4.64472E-07	1.434625425	0.484729568
4.64107E-07	1.4340896	0.48306283
4.63742E-07	1.433580414	0.481399585
4.63378E-07	1.433097999	0.479740474
4.63015E-07	1.43264247	0.478086155
4.62652E-07	1.432213924	0.476437303
4.6229E-07	1.431812436	0.474794614
4.61928E-07	1.431438059	0.473158797
4.61567E-07	1.431090822	0.471530583
4.61207E-07	1.430770729	0.469910713
4.60847E-07	1.430477759	0.468299948
4.60487E-07	1.430211861	0.466699061
4.60128E-07	1.429972956	0.465108838
4.5977E-07	1.429760934	0.463530077
4.59412E-07	1.429575651	0.461963586
4.59055E-07	1.429416934	0.460410184
4.58699E-07	1.429284571	0.458870697
4.58343E-07	1.429178316	0.457345954
4.57987E-07	1.429097886	0.455836793
4.57632E-07	1.429042962	0.45434405
4.57278E-07	1.429013183	0.452868564
4.56924E-07	1.42900815	0.451411171
4.56571E-07	1.429027425	0.449972703
4.56218E-07	1.429070526	0.448553986
4.55866E-07	1.429136934	0.447155837
4.55514E-07	1.429226086	0.445779062
4.55163E-07	1.429337379	0.444424455
4.54812E-07	1.429470166	0.44309279
4.54462E-07	1.429623762	0.441784827
4.54113E-07	1.42979744	0.4405013
4.53764E-07	1.429990434	0.439242923
4.53415E-07	1.430201937	0.438010381
4.53067E-07	1.430431106	0.43680433
4.5272E-07	1.43067706	0.435625395
4.52373E-07	1.430938883	0.434474166
4.52027E-07	1.431215625	0.433351196
4.51681E-07	1.431506304	0.432257001
4.51336E-07	1.431809908	0.431192054
4.50991E-07	1.432125397	0.430156783
4.50631E-07	1.432451707	0.429151574
4.50287E-07	1.432787749	0.428176763
4.49944E-07	1.433132416	0.427232638
4.49601E-07	1.433484581	0.426319437
4.49259E-07	1.433843104	0.425437347
4.48918E-07	1.434206833	0.424586499
4.48576E-07	1.434574609	0.423766974
4.48236E-07	1.434945265	0.422978797
4.47896E-07	1.435317636	0.422221938
4.47556E-07	1.435690554	0.421496313
4.47218E-07	1.43606286	0.420801783
4.46879E-07	1.436433399	0.420138154
4.46541E-07	1.436801029	0.419505179
4.46204E-07	1.437164623	0.418902556
4.45867E-07	1.437523071	0.418329933
4.4553E-07	1.437875283	0.417786905
4.45194E-07	1.438220193	0.41727302
4.44859E-07	1.438556761	0.416787775
4.44524E-07	1.438883978	0.416330623
4.4419E-07	1.439200864	0.415900974
4.43856E-07	1.439506474	0.415498193
4.43522E-07	1.4397999	0.415121608
4.4319E-07	1.440080271	0.41477051
4.42857E-07	1.440346756	0.414444154
4.42525E-07	1.440598568	0.414141765
4.42194E-07	1.44083496	0.413862537
4.41863E-07	1.44105523	0.41360564
4.41533E-07	1.441258722	0.413370218
4.41203E-07	1.441444826	0.413155398
4.40873E-07	1.441612978	0.412960288
4.40544E-07	1.441762661	0.412783979
4.40216E-07	1.441893404	0.412625554
4.39888E-07	1.442004785	0.412484084
4.3956E-07	1.442096427	0.412358636
4.39233E-07	1.442168	0.412248272
4.38907E-07	1.442219218	0.412152054
4.38581E-07	1.442249843	0.412069046
4.38255E-07	1.442259679	0.411998314
4.3793E-07	1.442248574	0.411938931
4.37606E-07	1.442216415	0.411889981
4.37282E-07	1.442163133	0.411850555
4.36958E-07	1.442088696	0.411819759
4.36635E-07	1.441993112	0.411796712
4.36312E-07	1.441876421	0.411780549
4.3599E-07	1.441738702	0.411770423
4.35669E-07	1.441580064	0.411765505
4.35347E-07	1.441400648	0.411764987
4.35011E-07	1.441200624	0.411768081
4.34691E-07	1.44098019	0.411774022
4.34371E-07	1.44073957	0.411782067
4.34052E-07	1.440479013	0.411791498
4.33733E-07	1.440198788	0.411801621
4.33415E-07	1.439899187	0.411811764
4.33097E-07	1.439580521	0.411821284
4.3278E-07	1.439243115	0.411829561
4.32463E-07	1.438887314	0.411836001
4.32146E-07	1.438513474	0.411840034
4.3183E-07	1.438121966	0.411841118
4.31514E-07	1.43771317	0.411838735
4.31199E-07	1.437287476	0.411832391
4.30885E-07	1.436845283	0.411821619
4.30571E-07	1.436386996	0.411805974
4.30257E-07	1.435913026	0.411785038
4.29943E-07	1.435423789	0.411758415
4.29631E-07	1.434919703	0.411725731
4.29318E-07	1.43440119	0.411686637
4.29006E-07	1.433868672	0.411640804
4.28695E-07	1.433322571	0.411587925
4.28384E-07	1.43276331	0.411527716
4.28073E-07	1.432191307	0.411459909
4.27763E-07	1.431606983	0.411384259
4.27454E-07	1.431010752	0.411300537
4.27144E-07	1.430403025	0.411208536
4.26836E-07	1.429784212	0.411108062
4.26527E-07	1.429154713	0.41099894
4.26219E-07	1.428514928	0.410881012
4.25912E-07	1.427865248	0.410754133
4.25605E-07	1.42720606	0.410618173
4.25298E-07	1.426537743	0.410473019
4.24992E-07	1.42586067	0.410318567
4.24687E-07	1.425175208	0.410154728
4.24381E-07	1.424481715	0.409981424
4.24077E-07	1.423780543	0.40979859
4.23772E-07	1.423072036	0.409606169
4.23468E-07	1.42235653	0.409404117
4.23165E-07	1.421634355	0.409192398
4.22862E-07	1.420905831	0.408970984
4.22559E-07	1.42017127	0.408739856
4.22257E-07	1.419430979	0.408499005
4.21955E-07	1.418685254	0.408248427
4.21654E-07	1.417934385	0.407988124
4.21353E-07	1.417178652	0.407718107
4.21053E-07	1.41641833	0.407438391
4.20753E-07	1.415653685	0.407148998
4.20453E-07	1.414884975	0.406849952
4.2014E-07	1.41411245	0.406541285
4.19841E-07	1.413336354	0.406223031
4.19543E-07	1.412556924	0.405895229
4.19245E-07	1.411774387	0.40555792
4.18947E-07	1.410988966	0.405211151
4.1865E-07	1.410200876	0.404854968
4.18354E-07	1.409410325	0.404489423
4.18057E-07	1.408617513	0.404114567
4.17762E-07	1.407822637	0.403730456
4.17466E-07	1.407025885	0.403337146
4.17171E-07	1.40622744	0.402934694
4.16877E-07	1.405427478	0.40252316
4.16583E-07	1.404626171	0.402102602
4.16289E-07	1.403823683	0.401673082
4.15996E-07	1.403020174	0.401234661
4.15703E-07	1.4022158	0.400787401
4.1541E-07	1.401410709	0.400331362
4.15118E-07	1.400605046	0.399866608
4.14827E-07	1.399798951	0.399393199
4.14535E-07	1.398992559	0.398911198
4.14245E-07	1.398186001	0.398420665
4.13954E-07	1.397379403	0.397921661
4.13664E-07	1.396572888	0.397414246
4.13375E-07	1.395766574	0.396898479
4.13085E-07	1.394960576	0.39637442
4.12797E-07	1.394155006	0.395842126
4.12508E-07	1.39334997	0.395301653
4.1222E-07	1.392545574	0.394753057
4.11933E-07	1.391741918	0.394196393
4.11646E-07	1.390939102	0.393631714
4.11359E-07	1.39013722	0.393059073
4.11072E-07	1.389336365	0.39247852
4.10786E-07	1.388536628	0.391890105
4.10501E-07	1.387738097	0.391293876
4.10216E-07	1.386940857	0.39068988
4.09931E-07	1.386144992	0.390078163
4.09647E-07	1.385350583	0.389458768
4.09363E-07	1.38455771	0.388831738
4.09079E-07	1.383766451	0.388197114
4.08796E-07	1.382976882	0.387554935
4.08513E-07	1.382189078	0.386905241
4.0823E-07	1.381403113	0.386248066
4.07948E-07	1.380619058	0.385583447
4.07667E-07	1.379836986	0.384911417
4.07386E-07	1.379056965	0.384232008
4.07105E-07	1.378279066	0.38354525
4.06824E-07	1.377503357	0.382851173
4.06531E-07	1.376729905	0.382149804
4.06251E-07	1.375958778	0.381441169
4.05972E-07	1.375190042	0.380725293
4.05693E-07	1.374423764	0.3800022
4.05414E-07	1.37366001	0.37927191
4.05136E-07	1.372898845	0.378534445
4.04858E-07	1.372140336	0.377789825
4.04581E-07	1.371384547	0.377038066
4.04304E-07	1.370631546	0.376279185
4.04027E-07	1.369881398	0.375513198
4.03751E-07	1.369134169	0.374740119
4.03475E-07	1.368389927	0.373959961
4.032E-07	1.367648738	0.373172737
4.02924E-07	1.366910669	0.372378455
4.0265E-07	1.36617579	0.371577128
4.02375E-07	1.365444169	0.370768762
4.02101E-07	1.364715876	0.369953367
4.01828E-07	1.363990981	0.369130949
4.01554E-07	1.363269556	0.368301514
4.01282E-07	1.362551673	0.367465067
4.01009E-07	1.361837405	0.366621614
4.00737E-07	1.361126828	0.365771158
4.00465E-07	1.360420016	0.364913703
4.00194E-07	1.359717047	0.364049251
3.99923E-07	1.359017999	0.363177805
3.99652E-07	1.358322951	0.362299367
3.99382E-07	1.357631985	0.361413938
3.99112E-07	1.356945183	0.36052152
3.98842E-07	1.356262629	0.359622114
3.98573E-07	1.355584408	0.35871572
3.98304E-07	1.354910608	0.357802341
3.98036E-07	1.354241318	0.356881976
3.97767E-07	1.353576628	0.355954627
3.975E-07	1.352916631	0.355020296
3.97232E-07	1.35226142	0.354078983
3.96965E-07	1.351611092	0.353130691
3.96698E-07	1.350965745	0.352175423
3.96432E-07	1.350325479	0.351213181
3.96166E-07	1.349690394	0.350243969
3.95901E-07	1.349060596	0.349267791
3.95635E-07	1.348436189	0.348284652
3.9537E-07	1.347817282	0.347294559
3.95106E-07	1.347203984	0.346297519
3.94842E-07	1.346596408	0.345293539
3.94578E-07	1.345994666	0.34428263
3.94314E-07	1.345398876	0.343264802
3.94051E-07	1.344809155	0.342240067
3.93788E-07	1.344225624	0.34120844
3.93513E-07	1.343648405	0.340169936
3.93251E-07	1.343077622	0.339124572
3.9299E-07	1.342513402	0.338072367
3.92728E-07	1.341955874	0.337013343
3.92467E-07	1.341405168	0.335947523
3.92206E-07	1.340861417	0.334874932
3.91946E-07	1.340324756	0.333795599
3.91686E-07	1.339795322	0.332709554
3.91426E-07	1.339273253	0.33161683
3.91167E-07	1.338758689	0.330517463
3.90908E-07	1.338251774	0.329411491
3.9065E-07	1.337752652	0.328298957
3.90391E-07	1.337261469	0.327179904
3.90133E-07	1.336778372	0.326054382
3.89876E-07	1.336303512	0.324922441
3.89619E-07	1.335837038	0.323784136
3.89362E-07	1.335379105	0.322639525
3.89105E-07	1.334929866	0.321488672
3.88849E-07	1.334489476	0.320331641
3.88593E-07	1.334058091	0.319168503
3.88337E-07	1.333635871	0.317999333
3.88082E-07	1.333222972	0.316824207
3.87827E-07	1.332819556	0.31564321
3.87573E-07	1.332425782	0.314456427
3.87318E-07	1.332041813	0.313263952
3.87065E-07	1.331667809	0.31206588
3.86811E-07	1.331303932	0.310862312
3.86558E-07	1.330950346	0.309653354
3.86305E-07	1.330607213	0.308439118
3.86052E-07	1.330274695	0.307219719
3.858E-07	1.329952955	0.305995279
3.85548E-07	1.329642154	0.304765924
3.85297E-07	1.329342455	0.303531786
3.85045E-07	1.329054017	0.302293003
3.84794E-07	1.328777001	0.301049716
3.84544E-07	1.328511565	0.299802075
3.84294E-07	1.328257867	0.298550233
3.84044E-07	1.328016062	0.297294351
3.83794E-07	1.327786305	0.296034592
3.83545E-07	1.327568747	0.294771128
3.83296E-07	1.327363539	0.293504137
3.83047E-07	1.327170828	0.2922338
3.82799E-07	1.326990759	0.290960306
3.82551E-07	1.326823474	0.289683848
3.82303E-07	1.326669112	0.288404628
3.82056E-07	1.326527809	0.28712285
3.81809E-07	1.326399697	0.285838727
3.81562E-07	1.326284904	0.284552474
3.81304E-07	1.326183554	0.283264315
3.81058E-07	1.326095767	0.281974479
3.80812E-07	1.326021657	0.280683198
3.80567E-07	1.325961337	0.279390713
3.80321E-07	1.32591491	0.278097267
3.80077E-07	1.325882476	0.276803111
3.79832E-07	1.32586413	0.275508499
3.79588E-07	1.325859961	0.274213692
3.79344E-07	1.32587005	0.272918953
3.79101E-07	1.325894473	0.271624552
3.78857E-07	1.325933301	0.270330763
3.78614E-07	1.325986596	0.269037864
3.78372E-07	1.326054413	0.267746137
3.78129E-07	1.326136802	0.266455868
3.77887E-07	1.326233801	0.265167346
3.77646E-07	1.326345446	0.263880865
3.77404E-07	1.326471761	0.262596721
3.77163E-07	1.326612764	0.261315213
3.76923E-07	1.326768463	0.260036644
3.76682E-07	1.326938859	0.258761316
3.76442E-07	1.327123945	0.257489537
3.76202E-07	1.327323703	0.256221614
3.75963E-07	1.327538107	0.254957858
3.75723E-07	1.327767124	0.25369858
3.75484E-07	1.328010709	0.252444089
3.75246E-07	1.32826881	0.2511947
3.75008E-07	1.328541364	0.249950724
3.7477E-07	1.3288283	0.248712473
3.74532E-07	1.329129536	0.247480259
3.74294E-07	1.329444982	0.246254392
3.74057E-07	1.329774538	0.245035183
3.73821E-07	1.330118095	0.243822938
3.73584E-07	1.330475534	0.242617965
3.73348E-07	1.330846726	0.241420565
3.73112E-07	1.331231534	0.240231041
3.72876E-07	1.331629811	0.239049689
3.72641E-07	1.332041399	0.237876805
3.72406E-07	1.332466135	0.236712678
3.72171E-07	1.332903842	0.235557595
3.71937E-07	1.333354338	0.234411838
3.71703E-07	1.33381743	0.233275683
3.71469E-07	1.334292918	0.232149403
3.71235E-07	1.334780592	0.231033263
3.71002E-07	1.335280235	0.229927523
3.70769E-07	1.335791621	0.228832438
3.70536E-07	1.336314516	0.227748254
3.70304E-07	1.336848681	0.226675213
3.70061E-07	1.337393867	0.225613548
3.69829E-07	1.337949819	0.224563484
3.69598E-07	1.338516274	0.223525241
3.69366E-07	1.339092965	0.222499028
3.69136E-07	1.339679618	0.221485048
3.68905E-07	1.340275951	0.220483495
3.68675E-07	1.340881679	0.219494554
3.68445E-07	1.341496511	0.2185184
3.68215E-07	1.342120152	0.217555203
3.67985E-07	1.342752302	0.216605119
3.67756E-07	1.343392655	0.215668298
3.67527E-07	1.344040904	0.21474488
3.67299E-07	1.344696739	0.213834993
3.6707E-07	1.345359843	0.21293876
3.66842E-07	1.346029901	0.212056289
3.66614E-07	1.346706594	0.211187682
3.66387E-07	1.347389599	0.210333031
3.6616E-07	1.348078595	0.209492415
3.65933E-07	1.348773258	0.208665907
3.65706E-07	1.349473264	0.207853568
3.6548E-07	1.350178287	0.20705545
3.65254E-07	1.350888004	0.206271593
3.65028E-07	1.351602089	0.205502031
3.64802E-07	1.352320219	0.204746786
3.64577E-07	1.353042071	0.204005871
3.64352E-07	1.353767325	0.203279289
3.64128E-07	1.35449566	0.202567034
3.63903E-07	1.35522676	0.201869091
3.63679E-07	1.355960309	0.201185437
3.63455E-07	1.356695996	0.200516037
3.63232E-07	1.357433511	0.19986085
3.63008E-07	1.358172548	0.199219826
3.62785E-07	1.358912804	0.198592906
3.62562E-07	1.359653982	0.197980023
3.6234E-07	1.360395788	0.197381102
3.62118E-07	1.36113793	0.19679606
3.61896E-07	1.361880125	0.196224808
3.61674E-07	1.36262209	0.195667248
3.61453E-07	1.363363552	0.195123275
3.61232E-07	1.364104239	0.19459278
3.61011E-07	1.364843886	0.194075643
3.6079E-07	1.365582234	0.19357174
3.6057E-07	1.36631903	0.193080943
3.6035E-07	1.367054026	0.192603115
3.6013E-07	1.36778698	0.192138116
3.59911E-07	1.368517656	0.191685798
3.59691E-07	1.369245825	0.19124601
3.59472E-07	1.369971263	0.190818597
3.59243E-07	1.370693755	0.190403398
3.59025E-07	1.37141309	0.190000248
3.58807E-07	1.372129064	0.18960898
3.58589E-07	1.37284148	0.18922942
3.58371E-07	1.373550147	0.188861395
3.58154E-07	1.374254881	0.188504725
3.57937E-07	1.374955505	0.18815923
3.5772E-07	1.375651849	0.187824725
3.57503E-07	1.376343748	0.187501024
3.57287E-07	1.377031045	0.18718794
3.57071E-07	1.377713589	0.186885282
3.56855E-07	1.378391236	0.186592859
3.5664E-07	1.379063847	0.186310478
3.56424E-07	1.379731292	0.186037944
3.56209E-07	1.380393446	0.185775064
3.55994E-07	1.381050189	0.18552164
3.5578E-07	1.38170141	0.185277477
3.55566E-07	1.382347001	0.185042379
3.55352E-07	1.382986865	0.184816148
3.55138E-07	1.383620905	0.184598589
3.54925E-07	1.384249033	0.184389504
3.54711E-07	1.384871169	0.184188698
3.54498E-07	1.385487233	0.183995976
3.54286E-07	1.386097157	0.183811144
