8.85714E-07	1.867915186	0.02612596
8.84388E-07	1.868488364	0.026160188
8.83065E-07	1.869066116	0.026194161
8.81746E-07	1.869648501	0.026227902
8.80432E-07	1.87023558	0.026261438
8.79121E-07	1.870827414	0.026294797
8.77814E-07	1.871424064	0.026328007
8.76511E-07	1.872025592	0.026361097
8.75212E-07	1.872632062	0.026394098
8.73916E-07	1.873243537	0.026427041
8.72625E-07	1.87386008	0.026459958
8.71337E-07	1.874481756	0.026492884
8.70053E-07	1.87510863	0.026525854
8.68773E-07	1.875740768	0.026558903
8.67497E-07	1.876378235	0.02659207
8.66224E-07	1.8770211	0.026625392
8.64955E-07	1.877669428	0.026658909
8.6369E-07	1.878323288	0.026692664
8.62429E-07	1.878982748	0.026726698
8.61171E-07	1.879647877	0.026761056
8.59917E-07	1.880318744	0.026795783
8.58666E-07	1.88099542	0.026830927
8.57419E-07	1.881677975	0.026866535
8.56176E-07	1.88236648	0.026902657
8.54878E-07	1.883061006	0.026939346
8.53642E-07	1.883761625	0.026976654
8.52409E-07	1.884468409	0.027014636
8.51181E-07	1.885181431	0.027053349
8.49955E-07	1.885900765	0.027092851
8.48734E-07	1.886626484	0.027133202
8.47516E-07	1.887358661	0.027174464
8.46301E-07	1.888097372	0.0272167
8.4509E-07	1.888842691	0.027259977
8.43882E-07	1.889594692	0.027304362
8.42678E-07	1.890353452	0.027349924
8.41477E-07	1.891119045	0.027396735
8.40279E-07	1.891891548	0.02744487
8.39085E-07	1.892671037	0.027494403
8.37894E-07	1.893457587	0.027545412
8.36707E-07	1.894251276	0.027597979
8.35523E-07	1.895052179	0.027652185
8.34343E-07	1.895860373	0.027708116
8.33165E-07	1.896675935	0.027765859
8.31991E-07	1.897498942	0.027825504
8.30821E-07	1.89832947	0.027887143
8.29653E-07	1.899167595	0.027950871
8.28489E-07	1.900013394	0.028016785
8.27329E-07	1.900866944	0.028084986
8.26171E-07	1.90172832	0.028155576
8.25017E-07	1.902597597	0.028228662
8.23866E-07	1.903474852	0.028304352
8.22718E-07	1.90436016	0.028382757
8.21573E-07	1.905253594	0.028463992
8.20431E-07	1.906155229	0.028548174
8.19293E-07	1.907065138	0.028635424
8.18158E-07	1.907983393	0.028725866
8.17026E-07	1.908910067	0.028819627
8.15897E-07	1.909845231	0.028916837
8.14771E-07	1.910788955	0.02901763
8.13648E-07	1.911741308	0.029122143
8.12529E-07	1.912702358	0.029230516
8.11412E-07	1.913672171	0.029342894
8.10299E-07	1.914650814	0.029459424
8.09188E-07	1.915638349	0.029580258
8.08081E-07	1.91663484	0.029705551
8.06976E-07	1.917640347	0.029835462
8.05875E-07	1.91865493	0.029970154
8.04777E-07	1.919678644	0.030109793
8.03681E-07	1.920711546	0.03025455
8.02589E-07	1.921753687	0.030404601
8.015E-07	1.922805118	0.030560123
8.00413E-07	1.923865886	0.0307213
7.99278E-07	1.924936037	0.030888319
7.98198E-07	1.926015613	0.031061371
7.9712E-07	1.927104652	0.031240653
7.96045E-07	1.928203191	0.031426364
7.94974E-07	1.929311261	0.031618708
7.93905E-07	1.930428891	0.031817894
7.92839E-07	1.931556106	0.032024136
7.91776E-07	1.932692926	0.032237651
7.90715E-07	1.933839368	0.032458661
7.89658E-07	1.934995442	0.032687393
7.88603E-07	1.936161156	0.032924077
7.87552E-07	1.937336511	0.033168949
7.86503E-07	1.938521503	0.033422249
7.85456E-07	1.939716123	0.033684221
7.84413E-07	1.940920355	0.033955114
7.83372E-07	1.942134177	0.034235181
7.82334E-07	1.94335756	0.034524679
7.81299E-07	1.94459047	0.034823868
7.80267E-07	1.945832862	0.035133016
7.79237E-07	1.947084688	0.035452391
7.7821E-07	1.948345889	0.035782267
7.77186E-07	1.949616397	0.036122921
7.76164E-07	1.950896138	0.036474633
7.75145E-07	1.952185027	0.036837688
7.74129E-07	1.953482969	0.037212372
7.73116E-07	1.954789861	0.037598977
7.72105E-07	1.956105589	0.037997796
7.71096E-07	1.957430027	0.038409123
7.70091E-07	1.958763038	0.038833257
7.69088E-07	1.960104476	0.039270497
7.68087E-07	1.961454179	0.039721145
7.67089E-07	1.962811976	0.040185501
7.66094E-07	1.96417768	0.04066387
7.65101E-07	1.965551094	0.041156554
7.64111E-07	1.966932003	0.041663855
7.63124E-07	1.968320181	0.042186076
7.62139E-07	1.969715387	0.042723517
7.61156E-07	1.971117363	0.043276476
7.60177E-07	1.972525837	0.043845249
7.59199E-07	1.973940521	0.044430127
7.58224E-07	1.975361109	0.045031399
7.57252E-07	1.97678728	0.045649347
7.56282E-07	1.978218696	0.046284248
7.55315E-07	1.979655	0.046936372
7.5435E-07	1.981095819	0.047605982
7.53387E-07	1.982540761	0.048293329
7.52427E-07	1.983989417	0.048998658
7.51424E-07	1.985441358	0.049722199
7.50469E-07	1.986896138	0.050464174
7.49516E-07	1.988353293	0.051224788
7.48566E-07	1.989812338	0.052004232
7.47618E-07	1.991272772	0.05280268
7.46673E-07	1.992734075	0.05362029
7.4573E-07	1.99419571	0.0544572
7.44789E-07	1.99565712	0.055313525
7.43851E-07	1.997117734	0.056189362
7.42915E-07	1.998576962	0.05708478
7.41982E-07	2.000034198	0.057999824
7.41051E-07	2.001488823	0.058934513
7.40122E-07	2.002940202	0.059888835
7.39195E-07	2.004387686	0.060862748
7.38271E-07	2.005830616	0.061856177
7.37349E-07	2.007268321	0.062869015
7.3643E-07	2.008700121	0.063901117
7.35512E-07	2.010125329	0.064952301
7.34597E-07	2.011543252	0.066022347
7.33684E-07	2.012953192	0.067110992
7.32774E-07	2.014354452	0.068217933
7.31866E-07	2.015746334	0.069342822
7.3096E-07	2.017128145	0.070485268
7.30056E-07	2.018499195	0.071644831
7.29154E-07	2.019858807	0.072821025
7.28255E-07	2.021206313	0.074013317
7.27358E-07	2.022541062	0.075221124
7.26463E-07	2.023862422	0.076443813
7.25571E-07	2.025169781	0.077680704
7.2468E-07	2.026462557	0.078931065
7.23792E-07	2.027740194	0.080194114
7.22906E-07	2.029002171	0.081469021
7.22022E-07	2.030248005	0.082754909
7.2114E-07	2.031477256	0.084050852
7.2026E-07	2.032689527	0.085355878
7.19383E-07	2.033884474	0.086668972
7.18507E-07	2.035061806	0.087989077
7.17634E-07	2.03622129	0.089315097
7.16763E-07	2.037362754	0.090645898
7.15894E-07	2.038486096	0.091980315
7.15027E-07	2.039591279	0.093317151
7.14162E-07	2.040678342	0.094655184
7.133E-07	2.0417474	0.095993171
7.12439E-07	2.042798647	0.097329852
7.1158E-07	2.043832361	0.098663956
7.10724E-07	2.044848902	0.099994205
7.09869E-07	2.045848719	0.101319319
7.09017E-07	2.046832347	0.102638026
7.08126E-07	2.047800412	0.103949062
7.07278E-07	2.048753629	0.105251181
7.06432E-07	2.049692803	0.106543163
7.05588E-07	2.050618829	0.107823816
7.04746E-07	2.051532692	0.109091985
7.03906E-07	2.052435463	0.110346559
7.03067E-07	2.053328299	0.111586475
7.02231E-07	2.05421244	0.112810727
7.01397E-07	2.055089206	0.114018371
7.00565E-07	2.055959995	0.115208532
6.99735E-07	2.056826275	0.116380407
6.98907E-07	2.057689586	0.117533273
6.9808E-07	2.058551526	0.118666491
6.97256E-07	2.059413757	0.119779511
6.96434E-07	2.060277988	0.120871876
6.95613E-07	2.061145977	0.121943224
6.94795E-07	2.062019522	0.122993295
6.93978E-07	2.062900454	0.12402193
6.93163E-07	2.063790633	0.125029075
6.92351E-07	2.064691936	0.126014784
6.9154E-07	2.065606256	0.126979216
6.90731E-07	2.066535492	0.127922638
6.89924E-07	2.067481544	0.128845427
6.89119E-07	2.068446305	0.129748065
6.88315E-07	2.069431654	0.130631142
6.87514E-07	2.070439453	0.131495351
6.86714E-07	2.071471537	0.132341489
6.85917E-07	2.072529712	0.133170455
6.85121E-07	2.073615744	0.133983242
6.84327E-07	2.074731363	0.134780941
6.83535E-07	2.075878248	0.135564732
6.82744E-07	2.077058032	0.136335885
6.81956E-07	2.078272289	0.137095752
6.81169E-07	2.07952254	0.137845766
6.80384E-07	2.080810242	0.138587434
6.79601E-07	2.08213679	0.139322337
6.7882E-07	2.083503512	0.140052123
6.7804E-07	2.084911669	0.140778502
6.77263E-07	2.086362453	0.141503245
6.76487E-07	2.087856985	0.142228176
6.75712E-07	2.089396315	0.142955173
6.7494E-07	2.090981423	0.143686159
6.7417E-07	2.092613215	0.144423103
6.73401E-07	2.094292525	0.145168014
6.72634E-07	2.096020119	0.145922938
6.71868E-07	2.097796687	0.146689956
6.71105E-07	2.099622852	0.147471182
6.70343E-07	2.101499168	0.148268758
6.69546E-07	2.103426118	0.149084856
6.68788E-07	2.105404119	0.149921671
6.68031E-07	2.107433522	0.150781426
6.67277E-07	2.109514613	0.151666365
6.66523E-07	2.11164761	0.152578754
6.65772E-07	2.113832673	0.153520882
6.65022E-07	2.116069895	0.15449506
6.64274E-07	2.118359311	0.155503619
6.63527E-07	2.120700893	0.156548914
6.62783E-07	2.123094553	0.157633321
6.6204E-07	2.125540143	0.158759238
6.61298E-07	2.128037455	0.159929089
6.60558E-07	2.130586223	0.161145323
6.5982E-07	2.133186117	0.162410417
6.59084E-07	2.135836749	0.163726873
6.58349E-07	2.138537666	0.165097227
6.57616E-07	2.141288354	0.166524045
6.56884E-07	2.144088232	0.16800993
6.56154E-07	2.146936652	0.169557519
6.55426E-07	2.149832896	0.17116949
6.54699E-07	2.152776173	0.172848561
6.53974E-07	2.155765615	0.174597496
6.5325E-07	2.158800273	0.176419104
6.52529E-07	2.161879113	0.178316242
6.51808E-07	2.165001009	0.180291822
6.5109E-07	2.168164739	0.182348804
6.50372E-07	2.171368978	0.18449021
6.49657E-07	2.174612291	0.186719114
6.48943E-07	2.177893125	0.189038654
6.4823E-07	2.181209797	0.191452025
6.4752E-07	2.18456049	0.193962487
6.4681E-07	2.18794324	0.196573359
6.46103E-07	2.191355923	0.199288025
6.45396E-07	2.194796245	0.202109929
6.44692E-07	2.19826173	0.205042576
6.43989E-07	2.2017497	0.208089526
6.43287E-07	2.205257269	0.211254398
6.42587E-07	2.208781318	0.214540855
6.41888E-07	2.212318484	0.217952607
6.41191E-07	2.215865139	0.2214934
6.40496E-07	2.219417371	0.225167006
6.39802E-07	2.222970966	0.228977211
6.39109E-07	2.226521384	0.232927805
6.38418E-07	2.230063739	0.237022563
6.37729E-07	2.233592778	0.241265227
6.37041E-07	2.237102856	0.245659484
6.36354E-07	2.240587913	0.25020894
6.35637E-07	2.244041454	0.254917093
6.34953E-07	2.247456523	0.259787297
6.34271E-07	2.250825682	0.264822725
6.33591E-07	2.254140991	0.27002633
6.32911E-07	2.25739399	0.275400791
6.32234E-07	2.26057568	0.280948466
6.31558E-07	2.263676513	0.28667133
6.30883E-07	2.266686381	0.292570911
6.30209E-07	2.269594613	0.298648221
6.29537E-07	2.272389978	0.304903679
6.28867E-07	2.275060692	0.311337025
6.28198E-07	2.277594442	0.31794724
6.2753E-07	2.279978412	0.324732446
6.26864E-07	2.282199321	0.331689814
6.26199E-07	2.284243483	0.338815461
6.25536E-07	2.286096875	0.346104353
6.24874E-07	2.287745217	0.353550199
6.24213E-07	2.289174082	0.361145355
6.23554E-07	2.290369015	0.368880732
6.22896E-07	2.291315675	0.376745706
6.2224E-07	2.291999996	0.384728046
6.21585E-07	2.292408371	0.392813859
6.20931E-07	2.292527853	0.400987542
6.20279E-07	2.292346369	0.409231776
6.19628E-07	2.291852962	0.417527532
6.18979E-07	2.291038029	0.425854119
6.18331E-07	2.289893579	0.434189264
6.17684E-07	2.288413484	0.442509235
6.17038E-07	2.28659373	0.450789002
6.16394E-07	2.284432656	0.459002447
6.15751E-07	2.281931167	0.467122612
6.1511E-07	2.279092925	0.475121997
6.1447E-07	2.275924501	0.482972885
6.13831E-07	2.272435474	0.490647716
6.13194E-07	2.268638489	0.498119472
6.12557E-07	2.264549243	0.505362091
6.11923E-07	2.260186416	0.512350885
6.11289E-07	2.25557153	0.519062948
6.10657E-07	2.250728744	0.525477554
6.10026E-07	2.245684581	0.531576527
6.09397E-07	2.240467599	0.537344558
6.08768E-07	2.235108012	0.542769487
6.08141E-07	2.229637264	0.547842506
6.07516E-07	2.224087575	0.552558307
6.06891E-07	2.218491475	0.556915153
6.06268E-07	2.212881325	0.560914867
6.05646E-07	2.207288857	0.56456276
6.05026E-07	2.201744734	0.567867482
6.04377E-07	2.196278138	0.570840808
6.03759E-07	2.190916418	0.573497375
6.03142E-07	2.185684771	0.575854372
6.02527E-07	2.180605996	0.577931191
6.01913E-07	2.175700299	0.579749066
6.013E-07	2.170985165	0.581330691
6.00688E-07	2.166475286	0.582699837
6.00077E-07	2.162182544	0.583880991
5.99468E-07	2.15811605	0.584898993
5.9886E-07	2.154282226	0.585778715
5.98253E-07	2.150684922	0.586544757
5.97648E-07	2.14732557	0.587221183
5.97044E-07	2.144203361	0.587831288
5.96441E-07	2.141315435	0.588397408
5.95839E-07	2.138657087	0.588940756
5.95238E-07	2.136221977	0.589481304
5.94639E-07	2.134002337	0.590037688
5.9404E-07	2.131989178	0.590627148
5.93443E-07	2.130172485	0.591265493
5.92848E-07	2.128541405	0.591967092
5.92253E-07	2.127084418	0.592744882
5.9166E-07	2.125789502	0.593610394
5.91067E-07	2.124644275	0.594573796
5.90476E-07	2.123636124	0.59564394
5.89886E-07	2.122752323	0.596828425
5.89298E-07	2.121980134	0.598133662
5.8871E-07	2.121306892	0.599564939
5.88124E-07	2.120720082	0.6011265
5.87538E-07	2.120207403	0.602821609
5.86954E-07	2.119756814	0.604652624
5.86372E-07	2.119356584	0.606621069
5.8579E-07	2.118995318	0.608727697
5.85209E-07	2.11866199	0.610972555
5.8463E-07	2.118345958	0.613355045
5.84052E-07	2.118036978	0.615873983
5.83474E-07	2.117725214	0.618527647
5.82899E-07	2.117401244	0.621313832
5.82324E-07	2.117056057	0.62422989
5.8175E-07	2.11668106	0.627272777
5.81177E-07	2.116268064	0.630439086
5.80606E-07	2.115809289	0.633725086
5.80036E-07	2.115297352	0.637126751
5.79466E-07	2.114725261	0.640639791
5.78898E-07	2.114086408	0.644259674
5.78331E-07	2.113374562	0.647981655
5.77765E-07	2.11258386	0.651800791
5.77201E-07	2.111708798	0.655711965
5.7661E-07	2.110744227	0.659709901
5.76048E-07	2.10968534	0.66378918
5.75486E-07	2.108527672	0.667944254
5.74926E-07	2.107267089	0.672169459
5.74367E-07	2.105899783	0.676459028
5.73808E-07	2.104422268	0.6808071
5.73251E-07	2.102831374	0.685207734
5.72695E-07	2.101124246	0.689654915
5.7214E-07	2.099298337	0.694142563
5.71587E-07	2.097351406	0.698664547
5.71034E-07	2.095281518	0.703214687
5.70482E-07	2.09308704	0.70778677
5.69932E-07	2.09076664	0.712374551
5.69382E-07	2.088319285	0.716971768
5.68833E-07	2.085744245	0.721572147
5.68286E-07	2.083041087	0.726169412
5.6774E-07	2.080209677	0.730757296
5.67194E-07	2.077250182	0.735329548
5.6665E-07	2.074163068	0.739879946
5.66107E-07	2.070949102	0.744402305
5.65564E-07	2.06760935	0.748890489
5.65023E-07	2.06414518	0.753338423
5.64483E-07	2.060558259	0.757740104
5.63944E-07	2.056850555	0.762089617
5.63406E-07	2.053024337	0.766381141
5.62869E-07	2.049082169	0.770608971
5.62333E-07	2.045026916	0.774767528
5.61798E-07	2.040861735	0.778851375
5.61264E-07	2.036590075	0.782855231
5.60731E-07	2.032215674	0.78677399
5.60199E-07	2.027742552	0.790602735
5.59668E-07	2.023175008	0.794336758
5.59138E-07	2.018517609	0.797971573
5.58609E-07	2.013775186	0.801502937
5.58081E-07	2.008952825	0.804926868
5.57554E-07	2.00405585	0.808239662
5.57028E-07	1.999089819	0.81143791
5.56503E-07	1.994060502	0.81451852
5.55979E-07	1.988973871	0.817478729
5.55456E-07	1.983836083	0.820316127
5.54934E-07	1.978653454	0.823028666
5.54413E-07	1.973432445	0.825614682
5.53893E-07	1.968179637	0.828072909
5.53374E-07	1.962901706	0.83040249
5.52856E-07	1.957605394	0.83260299
5.52339E-07	1.952297486	0.83467441
5.51822E-07	1.946984775	0.836617189
5.51307E-07	1.941674035	0.838432219
5.50768E-07	1.936371983	0.840120841
5.50255E-07	1.93108525	0.84168485
5.49743E-07	1.925820342	0.843126494
5.49232E-07	1.920583607	0.844448469
5.48721E-07	1.915381196	0.845653909
5.48212E-07	1.910219028	0.846746379
5.47703E-07	1.905102758	0.847729853
5.47196E-07	1.900037733	0.848608706
5.46689E-07	1.895028966	0.849387681
5.46183E-07	1.890081099	0.85007187
5.45679E-07	1.885198373	0.850666685
5.45175E-07	1.880384599	0.851177822
5.44672E-07	1.875643137	0.851611226
5.4417E-07	1.870976865	0.851973055
5.43669E-07	1.866388171	0.852269636
5.43169E-07	1.861878929	0.852507424
5.4267E-07	1.857450496	0.852692955
5.42171E-07	1.853103701	0.852832801
5.41674E-07	1.848838847	0.852933523
5.41177E-07	1.844655715	0.853001623
5.40682E-07	1.84055357	0.853043499
5.40187E-07	1.836531178	0.853065399
5.39694E-07	1.83258682	0.853073375
5.39201E-07	1.82871832	0.853073245
5.38709E-07	1.824923066	0.853070551
5.38218E-07	1.821198045	0.853070525
5.37728E-07	1.817539876	0.853078056
5.37238E-07	1.813944844	0.853097661
5.3675E-07	1.810408944	0.853133463
5.36263E-07	1.806927919	0.853189169
5.35776E-07	1.8034973	0.853268059
5.3529E-07	1.800112458	0.853372971
5.34805E-07	1.796768635	0.8535063
5.34322E-07	1.793460998	0.853669994
5.33838E-07	1.790184673	0.853865559
5.33356E-07	1.786934788	0.854094066
5.32875E-07	1.783706512	0.854356163
5.32394E-07	1.780495092	0.854652089
5.31915E-07	1.777295882	0.854981695
5.31436E-07	1.77410438	0.855344459
5.30958E-07	1.770916252	0.855739515
5.30481E-07	1.767727355	0.856165677
5.30005E-07	1.764533762	0.856621462
5.2953E-07	1.761331777	0.857105123
5.29055E-07	1.758117952	0.857614671
5.28582E-07	1.754889096	0.858147909
5.28109E-07	1.751642285	0.858702458
5.27615E-07	1.748374865	0.859275786
5.27144E-07	1.745084458	0.859865232
5.26673E-07	1.74176896	0.860468039
5.26204E-07	1.738426537	0.861081373
5.25736E-07	1.735055627	0.861702349
5.25268E-07	1.731654924	0.862328055
5.24801E-07	1.728223379	0.862955571
5.24335E-07	1.724760186	0.863581991
5.2387E-07	1.721264773	0.864204438
5.23406E-07	1.71773679	0.86482008
5.22942E-07	1.714176096	0.865426145
5.22479E-07	1.710582749	0.866019937
5.22017E-07	1.70695699	0.866598839
5.21556E-07	1.703299232	0.867160333
5.21096E-07	1.699610043	0.867701997
5.20637E-07	1.695890137	0.868221521
5.20178E-07	1.69214036	0.868716705
5.1972E-07	1.688361674	0.869185469
5.19263E-07	1.684555147	0.869625852
5.18807E-07	1.680721941	0.870036016
5.18351E-07	1.676863299	0.870414243
5.17897E-07	1.672980536	0.870758942
5.17443E-07	1.669075025	0.871068642
5.1699E-07	1.665148191	0.871341994
5.16538E-07	1.661201499	0.871577767
5.16086E-07	1.657236446	0.871774848
5.15635E-07	1.653254554	0.871932237
5.15186E-07	1.64925736	0.872049045
5.14736E-07	1.64524641	0.872124489
5.14288E-07	1.641223255	0.87215789
5.13841E-07	1.637189441	0.872148668
5.13394E-07	1.633146507	0.872096337
5.12948E-07	1.629095978	0.872000503
5.12503E-07	1.625039364	0.871860858
5.12058E-07	1.62097815	0.871677176
5.11614E-07	1.6169138	0.871449309
5.11172E-07	1.61284775	0.871177181
5.10729E-07	1.608781403	0.870860788
5.10288E-07	1.604716133	0.870500188
5.09847E-07	1.600653278	0.870095502
5.09408E-07	1.596594141	0.869646907
5.08969E-07	1.592539985	0.869154633
5.0853E-07	1.588492039	0.86861896
5.08093E-07	1.58445149	0.868040212
5.07656E-07	1.580419485	0.867418758
5.0722E-07	1.576397132	0.866755003
5.06784E-07	1.572385499	0.866049388
5.0635E-07	1.568385612	0.865302389
5.05895E-07	1.564398458	0.864514509
5.05462E-07	1.560424984	0.863686278
5.0503E-07	1.556466094	0.862818252
5.04598E-07	1.552522657	0.861911008
5.04168E-07	1.548595501	0.860965141
5.03737E-07	1.544685415	0.859981264
5.03308E-07	1.540793152	0.858960006
5.02879E-07	1.536919426	0.857902007
5.02451E-07	1.533064916	0.85680792
5.02024E-07	1.529230267	0.855678407
5.01598E-07	1.525416088	0.854514136
5.01172E-07	1.521622953	0.853315784
5.00747E-07	1.517851406	0.852084031
5.00323E-07	1.514101958	0.850819561
4.99899E-07	1.510375088	0.84952306
4.99476E-07	1.506671248	0.848195217
4.99054E-07	1.502990857	0.846836717
4.98633E-07	1.499334309	0.845448247
4.98212E-07	1.49570197	0.844030493
4.97792E-07	1.492094178	0.842584137
4.97373E-07	1.488511249	0.841109856
4.96954E-07	1.484953471	0.839608325
4.96536E-07	1.481421111	0.838080214
4.96119E-07	1.477914412	0.836526187
4.95703E-07	1.474433596	0.834946902
4.95287E-07	1.470978862	0.833343012
4.94872E-07	1.467550391	0.831715162
4.94457E-07	1.464148345	0.830063989
4.94044E-07	1.460772864	0.828390123
4.93631E-07	1.457424073	0.826694188
4.93218E-07	1.45410208	0.824976798
4.92807E-07	1.450806976	0.823238558
4.92396E-07	1.447538834	0.821480066
4.91985E-07	1.444297717	0.819701911
4.91576E-07	1.441083668	0.817904671
4.91167E-07	1.43789672	0.816088918
4.90759E-07	1.434736892	0.814255213
4.90351E-07	1.43160419	0.812404107
4.89944E-07	1.428498608	0.810536143
4.89538E-07	1.42542013	0.808651856
4.89133E-07	1.422368727	0.806751767
4.88728E-07	1.419344361	0.804836393
4.88324E-07	1.416346984	0.802906238
4.8792E-07	1.413376539	0.800961797
4.87517E-07	1.41043296	0.799003557
4.87115E-07	1.407516171	0.797031995
4.86714E-07	1.404626091	0.795047577
4.86313E-07	1.401762628	0.793050763
4.85893E-07	1.398925685	0.791042001
4.85494E-07	1.396115157	0.789021732
4.85095E-07	1.393330935	0.786990385
4.84697E-07	1.390572902	0.784948384
4.84299E-07	1.387840933	0.782896141
4.83902E-07	1.385134903	0.78083406
4.83506E-07	1.382454677	0.778762537
4.83111E-07	1.379800117	0.77668196
4.82716E-07	1.377171082	0.774592706
4.82321E-07	1.374567424	0.772495146
4.81928E-07	1.371988993	0.770389642
4.81535E-07	1.369435635	0.768276548
4.81142E-07	1.366907191	0.76615621
4.80751E-07	1.364403501	0.764028965
4.80359E-07	1.3619244	0.761895144
4.79969E-07	1.359469721	0.75975507
4.79579E-07	1.357039295	0.757609057
4.7919E-07	1.35463295	0.755457413
4.78801E-07	1.352250512	0.753300438
4.78414E-07	1.349891804	0.751138425
4.78026E-07	1.347556648	0.748971661
4.7764E-07	1.345244865	0.746800425
4.77253E-07	1.342956273	0.744624989
4.76868E-07	1.340690689	0.742445618
4.76483E-07	1.338447929	0.740262572
4.76099E-07	1.336227807	0.738076104
4.75715E-07	1.334030139	0.735886459
4.75333E-07	1.331854735	0.733693878
4.7495E-07	1.32970141	0.731498594
4.74568E-07	1.327569973	0.729300836
4.74187E-07	1.325460236	0.727100826
4.73807E-07	1.323372009	0.72489878
4.73427E-07	1.321305103	0.722694908
4.73048E-07	1.319259326	0.720489416
4.72669E-07	1.31723449	0.718282503
4.72291E-07	1.315230403	0.716074363
4.71914E-07	1.313246874	0.713865186
4.71537E-07	1.311283715	0.711655156
4.7116E-07	1.309340733	0.70944445
4.70785E-07	1.30741774	0.707233244
4.7041E-07	1.305514545	0.705021705
4.70035E-07	1.303630958	0.702809999
4.69661E-07	1.301766792	0.700598284
4.69288E-07	1.299921857	0.698386717
4.68915E-07	1.298095965	0.696175446
4.68543E-07	1.296288929	0.693964619
4.68172E-07	1.294500561	0.691754377
4.67783E-07	1.292730675	0.689544858
4.67413E-07	1.290979085	0.687336194
4.67043E-07	1.289245607	0.685128516
4.66674E-07	1.287530056	0.682921949
4.66306E-07	1.285832249	0.680716614
4.65938E-07	1.284152003	0.678512628
4.6557E-07	1.282489136	0.676310106
4.65204E-07	1.280843468	0.674109158
4.64837E-07	1.279214818	0.67190989
4.64472E-07	1.277603008	0.669712404
4.64107E-07	1.27600786	0.667516802
4.63742E-07	1.274429196	0.665323177
4.63378E-07	1.27286684	0.663131624
4.63015E-07	1.271320618	0.660942232
4.62652E-07	1.269790354	0.658755086
4.6229E-07	1.268275878	0.656570271
4.61928E-07	1.266777016	0.654387865
4.61567E-07	1.265293597	0.652207946
4.61207E-07	1.263825453	0.650030587
4.60847E-07	1.262372415	0.64785586
4.60487E-07	1.260934315	0.645683832
4.60128E-07	1.259510987	0.643514569
4.5977E-07	1.258102267	0.641348133
4.59412E-07	1.256707989	0.639184585
4.59055E-07	1.255327992	0.63702398
4.58699E-07	1.253962115	0.634866374
4.58343E-07	1.252610196	0.632711818
4.57987E-07	1.251272077	0.630560361
4.57632E-07	1.249947599	0.628412051
4.57278E-07	1.248636607	0.626266932
4.56924E-07	1.247338945	0.624125046
4.56571E-07	1.246054458	0.621986432
4.56218E-07	1.244782994	0.619851127
4.55866E-07	1.243524401	0.617719168
4.55514E-07	1.242278528	0.615590585
4.55163E-07	1.241045227	0.613465411
4.54812E-07	1.239824349	0.611343673
4.54462E-07	1.238615747	0.609225397
4.54113E-07	1.237419277	0.607110608
4.53764E-07	1.236234794	0.604999327
4.53415E-07	1.235062154	0.602891576
4.53067E-07	1.233901218	0.60078737
4.5272E-07	1.232751843	0.598686728
4.52373E-07	1.231613891	0.596589662
4.52027E-07	1.230487224	0.594496185
4.51681E-07	1.229371706	0.592406307
4.51336E-07	1.228267201	0.590320036
4.50991E-07	1.227173575	0.58823738
4.50631E-07	1.226090695	0.586158343
4.50287E-07	1.225018431	0.584082927
4.49944E-07	1.223956651	0.582011134
4.49601E-07	1.222905227	0.579942964
4.49259E-07	1.221864031	0.577878414
4.48918E-07	1.220832937	0.575817481
4.48576E-07	1.21981182	0.573760158
4.48236E-07	1.218800556	0.571706439
4.47896E-07	1.217799022	0.569656314
4.47556E-07	1.216807097	0.567609774
4.47218E-07	1.215824662	0.565566805
4.46879E-07	1.214851598	0.563527395
4.46541E-07	1.213887787	0.561491529
4.46204E-07	1.212933114	0.559459189
4.45867E-07	1.211987463	0.557430357
4.4553E-07	1.211050721	0.555405014
4.45194E-07	1.210122776	0.553383138
4.44859E-07	1.209203517	0.551364707
4.44524E-07	1.208292835	0.549349696
4.4419E-07	1.207390622	0.54733808
4.43856E-07	1.206496769	0.545329832
4.43522E-07	1.205611173	0.543324924
4.4319E-07	1.204733727	0.541323325
4.42857E-07	1.203864331	0.539325004
4.42525E-07	1.203002881	0.53732993
4.42194E-07	1.202149278	0.535338067
4.41863E-07	1.201303422	0.533349381
4.41533E-07	1.200465217	0.531363835
4.41203E-07	1.199634565	0.52938139
4.40873E-07	1.198811371	0.527402009
4.40544E-07	1.197995543	0.525425649
4.40216E-07	1.197186988	0.523452269
4.39888E-07	1.196385615	0.521481826
4.3956E-07	1.195591334	0.519514275
4.39233E-07	1.194804058	0.517549571
4.38907E-07	1.1940237	0.515587667
4.38581E-07	1.193250175	0.513628514
4.38255E-07	1.192483398	0.511672062
4.3793E-07	1.191723287	0.509718261
4.37606E-07	1.190969762	0.507767059
4.37282E-07	1.190222743	0.505818402
4.36958E-07	1.189482151	0.503872237
4.36635E-07	1.18874791	0.501928507
4.36312E-07	1.188019945	0.499987155
4.3599E-07	1.187298183	0.498048123
4.35669E-07	1.18658255	0.496111353
4.35347E-07	1.185872977	0.494176782
4.35011E-07	1.185169395	0.492244351
4.34691E-07	1.184471735	0.490313995
4.34371E-07	1.183779932	0.488385651
4.34052E-07	1.183093921	0.486459254
4.33733E-07	1.18241364	0.484534737
4.33415E-07	1.181739027	0.482612032
4.33097E-07	1.181070024	0.480691071
4.3278E-07	1.180406571	0.478771785
4.32463E-07	1.179748613	0.476854101
4.32146E-07	1.179096095	0.474937949
4.3183E-07	1.178448965	0.473023254
4.31514E-07	1.177807171	0.471109943
4.31199E-07	1.177170664	0.46919794
4.30885E-07	1.176539397	0.467287168
4.30571E-07	1.175913324	0.465377549
4.30257E-07	1.1752924	0.463469006
4.29943E-07	1.174676584	0.461561458
4.29631E-07	1.174065836	0.459654824
4.29318E-07	1.173460118	0.457749023
4.29006E-07	1.172859392	0.45584397
4.28695E-07	1.172263626	0.453939583
4.28384E-07	1.171672786	0.452035776
4.28073E-07	1.171086842	0.450132462
4.27763E-07	1.170505767	0.448229555
4.27454E-07	1.169929533	0.446326967
4.27144E-07	1.169358117	0.444424607
4.26836E-07	1.168791498	0.442522387
4.26527E-07	1.168229655	0.440620216
4.26219E-07	1.167672571	0.438717999
4.25912E-07	1.167120231	0.436815646
4.25605E-07	1.166572622	0.434913062
4.25298E-07	1.166029735	0.433010152
4.24992E-07	1.165491559	0.43110682
4.24687E-07	1.164958092	0.42920297
4.24381E-07	1.164429328	0.427298505
4.24077E-07	1.163905267	0.425393325
4.23772E-07	1.163385912	0.423487333
4.23468E-07	1.162871267	0.421580427
4.23165E-07	1.162361339	0.419672508
4.22862E-07	1.161856139	0.417763474
4.22559E-07	1.161355678	0.415853223
4.22257E-07	1.160859973	0.413941652
4.21955E-07	1.160369041	0.412028657
4.21654E-07	1.159882905	0.410114136
4.21353E-07	1.159401588	0.408197983
4.21053E-07	1.158925118	0.406280092
4.20753E-07	1.158453525	0.40436036
4.20453E-07	1.157986842	0.402438678
4.2014E-07	1.157525107	0.400514941
4.19841E-07	1.157068358	0.398589042
4.19543E-07	1.156616639	0.396660874
4.19245E-07	1.156169997	0.394730328
4.18947E-07	1.155728482	0.392797298
4.1865E-07	1.155292147	0.390861676
4.18354E-07	1.154861049	0.388923352
4.18057E-07	1.154435248	0.38698222
4.17762E-07	1.154014809	0.385038171
4.17466E-07	1.153599799	0.383091096
4.17171E-07	1.153190291	0.381140889
4.16877E-07	1.15278636	0.379187441
4.16583E-07	1.152388084	0.377230644
4.16289E-07	1.151995549	0.375270393
4.15996E-07	1.151608841	0.373306579
4.15703E-07	1.151228051	0.371339097
4.1541E-07	1.150853275	0.369367841
4.15118E-07	1.150484614	0.367392707
4.14827E-07	1.150122171	0.36541359
4.14535E-07	1.149766055	0.363430388
4.14245E-07	1.149416379	0.361442997
4.13954E-07	1.149073259	0.359451318
4.13664E-07	1.148736819	0.357455249
4.13375E-07	1.148407184	0.355454693
4.13085E-07	1.148084486	0.353449553
4.12797E-07	1.14776886	0.351439733
4.12508E-07	1.147460447	0.34942514
4.1222E-07	1.147159393	0.347405681
4.11933E-07	1.146865846	0.345381266
4.11646E-07	1.146579963	0.343351809
4.11359E-07	1.146301904	0.341317223
4.11072E-07	1.146031833	0.339277425
4.10786E-07	1.14576992	0.337232336
4.10501E-07	1.14551634	0.335181877
4.10216E-07	1.145271274	0.333125974
4.09931E-07	1.145034907	0.331064555
4.09647E-07	1.144807428	0.328997551
4.09363E-07	1.144589034	0.326924899
4.09079E-07	1.144379925	0.324846537
4.08796E-07	1.144180306	0.322762408
4.08513E-07	1.14399039	0.320672459
4.0823E-07	1.143810391	0.318576641
4.07948E-07	1.143640532	0.316474909
4.07667E-07	1.143481038	0.314367224
4.07386E-07	1.143332141	0.312253552
4.07105E-07	1.143194078	0.310133863
4.06824E-07	1.143067091	0.308008134
4.06531E-07	1.142951425	0.305876345
4.06251E-07	1.142847334	0.303738484
4.05972E-07	1.142755073	0.301594545
4.05693E-07	1.142674904	0.299444529
4.05414E-07	1.142607092	0.297288442
4.05136E-07	1.142551909	0.295126298
4.04858E-07	1.14250963	0.292958117
4.04581E-07	1.142480534	0.290783928
4.04304E-07	1.142464905	0.288603768
4.04027E-07	1.142463032	0.28641768
4.03751E-07	1.142475205	0.284225717
4.03475E-07	1.142501722	0.282027939
4.032E-07	1.142542881	0.279824417
4.02924E-07	1.142598986	0.277615229
4.0265E-07	1.142670342	0.275400463
4.02375E-07	1.14275726	0.273180218
4.02101E-07	1.14286005	0.2709546
4.01828E-07	1.142979027	0.268723729
4.01554E-07	1.143114507	0.266487732
4.01282E-07	1.143266811	0.264246748
4.01009E-07	1.143436257	0.262000928
4.00737E-07	1.143623167	0.259750433
4.00465E-07	1.143827864	0.257495435
4.00194E-07	1.144050672	0.25523612
3.99923E-07	1.144291914	0.252972683
3.99652E-07	1.144551912	0.250705333
3.99382E-07	1.144830991	0.248434292
3.99112E-07	1.145129473	0.246159792
3.98842E-07	1.145447676	0.243882081
3.98573E-07	1.145785922	0.241601416
3.98304E-07	1.146144526	0.239318072
3.98036E-07	1.146523801	0.237032332
3.97767E-07	1.146924059	0.234744497
3.975E-07	1.147345606	0.232454879
3.97232E-07	1.147788743	0.230163803
3.96965E-07	1.14825377	0.227871609
3.96698E-07	1.148740976	0.225578651
3.96432E-07	1.14925065	0.223285296
3.96166E-07	1.149783068	0.220991923
3.95901E-07	1.150338505	0.218698929
3.95635E-07	1.150917224	0.216406719
3.9537E-07	1.151519481	0.214115717
3.95106E-07	1.152145522	0.211826356
3.94842E-07	1.152795586	0.209539086
3.94578E-07	1.153469898	0.207254367
3.94314E-07	1.154168675	0.204972675
3.94051E-07	1.154892121	0.202694495
3.93788E-07	1.155640428	0.200420327
3.93513E-07	1.156413776	0.198150683
3.93251E-07	1.157212329	0.195886087
3.9299E-07	1.158036241	0.193627073
3.92728E-07	1.158885647	0.191374186
3.92467E-07	1.159760668	0.189127985
3.92206E-07	1.160661412	0.186889035
3.91946E-07	1.161587966	0.184657913
3.91686E-07	1.162540403	0.182435204
3.91426E-07	1.163518777	0.180221502
3.91167E-07	1.164523123	0.17801741
3.90908E-07	1.16555346	0.175823537
3.9065E-07	1.166609784	0.173640498
3.90391E-07	1.167692075	0.171468917
3.90133E-07	1.168800292	0.169309419
3.89876E-07	1.16993437	0.167162637
3.89619E-07	1.171094228	0.165029207
3.89362E-07	1.172279762	0.162909765
3.89105E-07	1.173490844	0.160804954
3.88849E-07	1.174727328	0.158715414
3.88593E-07	1.175989044	0.156641787
3.88337E-07	1.177275799	0.154584714
3.88082E-07	1.178587379	0.152544836
3.87827E-07	1.179923548	0.150522789
3.87573E-07	1.181284046	0.148519207
3.87318E-07	1.182668591	0.14653472
3.87065E-07	1.184076879	0.144569952
3.86811E-07	1.185508583	0.142625521
3.86558E-07	1.186963353	0.140702039
3.86305E-07	1.188440818	0.138800107
3.86052E-07	1.189940586	0.136920319
3.858E-07	1.191462242	0.135063259
3.85548E-07	1.193005348	0.133229498
3.85297E-07	1.194569449	0.131419598
3.85045E-07	1.196154067	0.129634106
3.84794E-07	1.197758704	0.127873554
3.84544E-07	1.199382844	0.126138464
3.84294E-07	1.20102595	0.124429337
3.84044E-07	1.202687469	0.12274666
3.83794E-07	1.204366828	0.121090905
3.83545E-07	1.206063438	0.119462523
3.83296E-07	1.207776694	0.117861946
3.83047E-07	1.209505975	0.116289589
3.82799E-07	1.211250647	0.114745847
3.82551E-07	1.213010058	0.113231091
3.82303E-07	1.214783548	0.111745674
3.82056E-07	1.216570441	0.110289927
3.81809E-07	1.218370052	0.108864156
3.81562E-07	1.220181685	0.107468647
3.81304E-07	1.222004635	0.106103663
3.81058E-07	1.223838187	0.104769441
3.80812E-07	1.225681621	0.103466197
3.80567E-07	1.22753421	0.102194121
3.80321E-07	1.229395221	0.100953379
3.80077E-07	1.231263916	0.099744114
3.79832E-07	1.233139557	0.098566443
3.79588E-07	1.235021399	0.097420458
3.79344E-07	1.2369087	0.09630623
3.79101E-07	1.238800716	0.0952238
3.78857E-07	1.240696703	0.094173189
3.78614E-07	1.24259592	0.093154393
3.78372E-07	1.244497628	0.092167382
3.78129E-07	1.246401092	0.091212103
3.77887E-07	1.248305583	0.090288481
3.77646E-07	1.250210376	0.089396417
3.77404E-07	1.252114752	0.088535787
3.77163E-07	1.254018	0.087706447
3.76923E-07	1.255919419	0.086908231
3.76682E-07	1.257818314	0.086140951
3.76442E-07	1.259714003	0.085404397
3.76202E-07	1.261605812	0.08469834
3.75963E-07	1.263493079	0.084022531
3.75723E-07	1.265375155	0.083376701
3.75484E-07	1.267251403	0.082760564
3.75246E-07	1.269121199	0.082173813
3.75008E-07	1.270983933	0.081616127
3.7477E-07	1.272839011	0.081087167
3.74532E-07	1.274685851	0.080586579
3.74294E-07	1.276523889	0.080113993
3.74057E-07	1.278352576	0.079669024
3.73821E-07	1.280171377	0.079251275
3.73584E-07	1.281979778	0.078860336
3.73348E-07	1.283777278	0.078495785
3.73112E-07	1.285563394	0.078157187
3.72876E-07	1.287337662	0.077844099
3.72641E-07	1.289099634	0.077556067
3.72406E-07	1.29084888	0.077292627
3.72171E-07	1.292584988	0.077053309
3.71937E-07	1.294307564	0.076837634
3.71703E-07	1.29601623	0.076645117
3.71469E-07	1.29771063	0.076475268
3.71235E-07	1.299390422	0.076327589
3.71002E-07	1.301055285	0.076201581
3.70769E-07	1.302704912	0.076096738
3.70536E-07	1.304339018	0.076012554
3.70304E-07	1.305957332	0.075948517
3.70061E-07	1.307559603	0.075904118
3.69829E-07	1.309145596	0.075878841
3.69598E-07	1.310715092	0.075872175
3.69366E-07	1.312267892	0.075883607
3.69136E-07	1.313803809	0.075912622
3.68905E-07	1.315322676	0.075958712
3.68675E-07	1.31682434	0.076021365
3.68445E-07	1.318308665	0.076100075
3.68215E-07	1.319775529	0.076194337
3.67985E-07	1.321224825	0.076303651
3.67756E-07	1.322656461	0.076427518
3.67527E-07	1.32407036	0.076565446
3.67299E-07	1.325466458	0.076716946
3.6707E-07	1.326844705	0.076881534
3.66842E-07	1.328205063	0.077058732
3.66614E-07	1.329547508	0.077248066
3.66387E-07	1.330872029	0.07744907
3.6616E-07	1.332178624	0.077661283
3.65933E-07	1.333467306	0.077884251
3.65706E-07	1.334738097	0.078117526
3.6548E-07	1.33599103	0.078360667
3.65254E-07	1.337226149	0.078613242
3.65028E-07	1.338443507	0.078874825
3.64802E-07	1.339643167	0.079144996
3.64577E-07	1.340825201	0.079423345
3.64352E-07	1.34198969	0.07970947
3.64128E-07	1.343136724	0.080002974
3.63903E-07	1.344266399	0.080303473
3.63679E-07	1.345378819	0.080610586
3.63455E-07	1.346474097	0.080923943
3.63232E-07	1.34755235	0.081243181
3.63008E-07	1.348613705	0.081567947
3.62785E-07	1.349658291	0.081897896
3.62562E-07	1.350686245	0.082232689
3.6234E-07	1.35169771	0.082571998
3.62118E-07	1.352692833	0.082915501
3.61896E-07	1.353671764	0.083262887
3.61674E-07	1.354634661	0.083613852
3.61453E-07	1.355581683	0.083968099
3.61232E-07	1.356512994	0.084325341
3.61011E-07	1.357428762	0.084685299
3.6079E-07	1.358329157	0.0850477
3.6057E-07	1.359214353	0.085412282
3.6035E-07	1.360084526	0.085778789
3.6013E-07	1.360939853	0.086146972
3.59911E-07	1.361780517	0.086516592
3.59691E-07	1.362606698	0.086887416
3.59472E-07	1.363418582	0.08725922
3.59243E-07	1.364216353	0.087631785
3.59025E-07	1.365000198	0.088004902
3.58807E-07	1.365770306	0.088378366
3.58589E-07	1.366526864	0.088751984
3.58371E-07	1.367270062	0.089125564
3.58154E-07	1.36800009	0.089498924
3.57937E-07	1.368717136	0.08987189
3.5772E-07	1.369421392	0.090244291
3.57503E-07	1.370113046	0.090615966
3.57287E-07	1.370792289	0.090986756
3.57071E-07	1.371459309	0.091356513
3.56855E-07	1.372114296	0.091725092
3.5664E-07	1.372757438	0.092092354
3.56424E-07	1.373388923	0.092458166
3.56209E-07	1.374008936	0.092822402
3.55994E-07	1.374617663	0.093184939
3.5578E-07	1.37521529	0.093545662
3.55566E-07	1.375801999	0.093904458
3.55352E-07	1.376377973	0.094261223
3.55138E-07	1.376943392	0.094615854
3.54925E-07	1.377498436	0.094968255
3.54711E-07	1.378043283	0.095318335
3.54498E-07	1.378578109	0.095666006
3.54286E-07	1.379103089	0.096011186
