8.85714E-07	1.875721366	0.010365785
8.84388E-07	1.876320487	0.010366768
8.83065E-07	1.876925281	0.010366888
8.81746E-07	1.877535838	0.010366171
8.80432E-07	1.878152246	0.010364647
8.79121E-07	1.878774596	0.010362345
8.77814E-07	1.87940298	0.010359297
8.76511E-07	1.880037491	0.010355534
8.75212E-07	1.880678222	0.010351091
8.73916E-07	1.881325269	0.010346004
8.72625E-07	1.88197873	0.010340308
8.71337E-07	1.882638701	0.010334044
8.70053E-07	1.883305283	0.010327252
8.68773E-07	1.883978576	0.010319973
8.67497E-07	1.884658682	0.01031225
8.66224E-07	1.885345705	0.010304131
8.64955E-07	1.886039749	0.010295661
8.6369E-07	1.88674092	0.010286891
8.62429E-07	1.887449326	0.010277871
8.61171E-07	1.888165077	0.010268655
8.59917E-07	1.888888281	0.010259299
8.58666E-07	1.889619052	0.01024986
8.57419E-07	1.890357501	0.010240398
8.56176E-07	1.891103745	0.010230974
8.54878E-07	1.891857898	0.010221655
8.53642E-07	1.892620079	0.010212506
8.52409E-07	1.893390406	0.010203597
8.51181E-07	1.894169	0.010195
8.49955E-07	1.894955982	0.010186791
8.48734E-07	1.895751477	0.010179047
8.47516E-07	1.896555608	0.010171847
8.46301E-07	1.897368503	0.010165277
8.4509E-07	1.898190288	0.010159422
8.43882E-07	1.899021094	0.010154373
8.42678E-07	1.899861051	0.010150221
8.41477E-07	1.900710292	0.010147064
8.40279E-07	1.901568949	0.010145002
8.39085E-07	1.902437159	0.010144137
8.37894E-07	1.903315058	0.010144576
8.36707E-07	1.904202784	0.010146432
8.35523E-07	1.905100476	0.010149819
8.34343E-07	1.906008275	0.010154855
8.33165E-07	1.906926324	0.010161664
8.31991E-07	1.907854767	0.010170373
8.30821E-07	1.908793748	0.010181115
8.29653E-07	1.909743414	0.010194026
8.28489E-07	1.910703913	0.010209248
8.27329E-07	1.911675393	0.010226927
8.26171E-07	1.912658005	0.010247214
8.25017E-07	1.9136519	0.010270266
8.23866E-07	1.914657231	0.010296246
8.22718E-07	1.91567415	0.010325322
8.21573E-07	1.916702814	0.010357666
8.20431E-07	1.917743377	0.01039346
8.19293E-07	1.918795997	0.010432888
8.18158E-07	1.919860829	0.010476142
8.17026E-07	1.920938034	0.010523423
8.15897E-07	1.922027768	0.010574936
8.14771E-07	1.923130193	0.010630893
8.13648E-07	1.924245467	0.010691514
8.12529E-07	1.92537375	0.010757028
8.11412E-07	1.926515204	0.010827669
8.10299E-07	1.927669989	0.010903682
8.09188E-07	1.928838265	0.010985317
8.08081E-07	1.930020193	0.011072836
8.06976E-07	1.931215933	0.011166507
8.05875E-07	1.932425643	0.011266608
8.04777E-07	1.933649484	0.011373428
8.03681E-07	1.934887613	0.011487263
8.02589E-07	1.936140186	0.011608422
8.015E-07	1.937407358	0.011737222
8.00413E-07	1.938689285	0.011873992
7.99278E-07	1.939986116	0.012019071
7.98198E-07	1.941298003	0.01217281
7.9712E-07	1.942625091	0.012335572
7.96045E-07	1.943967525	0.012507732
7.94974E-07	1.945325447	0.012689677
7.93905E-07	1.946698993	0.012881807
7.92839E-07	1.948088296	0.013084536
7.91776E-07	1.949493486	0.01329829
7.90715E-07	1.950914686	0.01352351
7.89658E-07	1.952352015	0.013760652
7.88603E-07	1.953805585	0.014010186
7.87552E-07	1.955275501	0.014272598
7.86503E-07	1.956761863	0.014548388
7.85456E-07	1.958264762	0.014838073
7.84413E-07	1.959784278	0.015142189
7.83372E-07	1.961320485	0.015461284
7.82334E-07	1.962873446	0.015795928
7.81299E-07	1.964443212	0.016146706
7.80267E-07	1.966029822	0.016514221
7.79237E-07	1.967633305	0.016899097
7.7821E-07	1.969253671	0.017301974
7.77186E-07	1.97089092	0.017723514
7.76164E-07	1.972545032	0.018164397
7.75145E-07	1.974215973	0.018625323
7.74129E-07	1.975903687	0.019107013
7.73116E-07	1.9776081	0.019610209
7.72105E-07	1.979329116	0.020135673
7.71096E-07	1.981066615	0.020684187
7.70091E-07	1.982820454	0.021256557
7.69088E-07	1.984590462	0.021853609
7.68087E-07	1.98637644	0.022476188
7.67089E-07	1.988178158	0.023125166
7.66094E-07	1.989995355	0.02380143
7.65101E-07	1.991827735	0.024505891
7.64111E-07	1.993674965	0.025239483
7.63124E-07	1.995536674	0.026003155
7.62139E-07	1.997412448	0.026797881
7.61156E-07	1.999301828	0.027624652
7.60177E-07	2.001204312	0.028484477
7.59199E-07	2.003119345	0.029378383
7.58224E-07	2.005046321	0.030307413
7.57252E-07	2.006984577	0.031272626
7.56282E-07	2.008933391	0.032275094
7.55315E-07	2.010891983	0.033315899
7.5435E-07	2.012859502	0.034396136
7.53387E-07	2.014835031	0.035516903
7.52427E-07	2.016817583	0.036679306
7.51424E-07	2.01880609	0.03788445
7.50469E-07	2.020799409	0.039133441
7.49516E-07	2.022796311	0.040427378
7.48566E-07	2.024795483	0.041767349
7.47618E-07	2.026795519	0.04315443
7.46673E-07	2.02879492	0.044589678
7.4573E-07	2.03079209	0.046074123
7.44789E-07	2.032785332	0.047608766
7.43851E-07	2.034772845	0.04919457
7.42915E-07	2.036752721	0.050832452
7.41982E-07	2.038722942	0.05252328
7.41051E-07	2.04068138	0.054267859
7.40122E-07	2.042625789	0.056066923
7.39195E-07	2.044553812	0.057921129
7.38271E-07	2.046462973	0.059831043
7.37349E-07	2.048350681	0.061797129
7.3643E-07	2.050214227	0.063819742
7.35512E-07	2.052050791	0.06589911
7.34597E-07	2.053857435	0.068035323
7.33684E-07	2.055631119	0.070228322
7.32774E-07	2.057368692	0.072477882
7.31866E-07	2.059066909	0.074783603
7.3096E-07	2.060722432	0.077144886
7.30056E-07	2.06233184	0.079560928
7.29154E-07	2.063891642	0.082030703
7.28255E-07	2.065398285	0.084552946
7.27358E-07	2.066848172	0.087126141
7.26463E-07	2.068237675	0.089748505
7.25571E-07	2.069563156	0.092417977
7.2468E-07	2.070820984	0.095132204
7.23792E-07	2.072007559	0.097888528
7.22906E-07	2.073119337	0.100683981
7.22022E-07	2.074152852	0.103515272
7.2114E-07	2.07510475	0.106378782
7.2026E-07	2.075971815	0.109270564
7.19383E-07	2.076751002	0.112186338
7.18507E-07	2.07743947	0.115121493
7.17634E-07	2.078034616	0.118071098
7.16763E-07	2.07853411	0.121029901
7.15894E-07	2.078935929	0.123992353
7.15027E-07	2.079238397	0.126952616
7.14162E-07	2.079440214	0.129904588
7.133E-07	2.079540492	0.13284193
7.12439E-07	2.079538791	0.135758092
7.1158E-07	2.079435143	0.138646348
7.10724E-07	2.079230083	0.141499837
7.09869E-07	2.078924673	0.144311601
7.09017E-07	2.078520519	0.147074633
7.08126E-07	2.078019792	0.149781927
7.07278E-07	2.07742523	0.152426528
7.06432E-07	2.076740152	0.155001583
7.05588E-07	2.07596845	0.157500403
7.04746E-07	2.075114585	0.159916512
7.03906E-07	2.074183573	0.162243706
7.03067E-07	2.073180965	0.164476107
7.02231E-07	2.072112821	0.166608216
7.01397E-07	2.070985677	0.168634964
7.00565E-07	2.069806508	0.170551754
6.99735E-07	2.068582684	0.172354513
6.98907E-07	2.067321923	0.174039718
6.9808E-07	2.066032237	0.175604439
6.97256E-07	2.064721876	0.177046357
6.96434E-07	2.063399275	0.178363788
6.95613E-07	2.062072989	0.179555695
6.94795E-07	2.060751632	0.180621692
6.93978E-07	2.059443824	0.181562047
6.93163E-07	2.058158124	0.182377673
6.92351E-07	2.056902974	0.183070116
6.9154E-07	2.055686651	0.183641532
6.90731E-07	2.054517205	0.184094665
6.89924E-07	2.05340242	0.184432818
6.89119E-07	2.052349767	0.184659815
6.88315E-07	2.051366366	0.184779969
6.87514E-07	2.050458955	0.184798033
6.86714E-07	2.049633856	0.184719169
6.85917E-07	2.048896961	0.18454889
6.85121E-07	2.048253707	0.184293029
6.84327E-07	2.047709069	0.183957681
6.83535E-07	2.047267547	0.18354917
6.82744E-07	2.046933169	0.183073996
6.81956E-07	2.04670949	0.182538801
6.81169E-07	2.046599597	0.181950321
6.80384E-07	2.04660612	0.181315357
6.79601E-07	2.04673124	0.180640733
6.7882E-07	2.04697671	0.179933267
6.7804E-07	2.047343868	0.179199742
6.77263E-07	2.047833655	0.178446877
6.76487E-07	2.048446638	0.177681308
6.75712E-07	2.049183031	0.176909561
6.7494E-07	2.050042714	0.176138044
6.7417E-07	2.051025257	0.175373023
6.73401E-07	2.052129943	0.174620619
6.72634E-07	2.053355788	0.17388679
6.71868E-07	2.054701562	0.173177332
6.71105E-07	2.056165811	0.172497869
6.70343E-07	2.057746876	0.171853856
6.69546E-07	2.059442912	0.171250569
6.68788E-07	2.061251902	0.170693117
6.68031E-07	2.06317168	0.170186435
6.67277E-07	2.065199938	0.169735294
6.66523E-07	2.067334247	0.169344298
6.65772E-07	2.069572062	0.169017899
6.65022E-07	2.071910739	0.168760394
6.64274E-07	2.074347541	0.168575937
6.63527E-07	2.076879648	0.168468543
6.62783E-07	2.079504161	0.168442097
6.6204E-07	2.082218111	0.168500359
6.61298E-07	2.085018462	0.168646974
6.60558E-07	2.087902113	0.168885477
6.5982E-07	2.090865904	0.169219303
6.59084E-07	2.093906612	0.169651787
6.58349E-07	2.097020955	0.170186179
6.57616E-07	2.100205588	0.170825645
6.56884E-07	2.103457104	0.171573271
6.56154E-07	2.10677203	0.172432074
6.55426E-07	2.110146824	0.173404998
6.54699E-07	2.113577871	0.174494926
6.53974E-07	2.117061479	0.175704677
6.5325E-07	2.12059387	0.177037012
6.52529E-07	2.124171179	0.17849463
6.51808E-07	2.127789444	0.180080176
6.5109E-07	2.131444603	0.181796235
6.50372E-07	2.135132483	0.183645333
6.49657E-07	2.138848792	0.185629933
6.48943E-07	2.142589117	0.187752434
6.4823E-07	2.14634891	0.190015164
6.4752E-07	2.150123484	0.192420378
6.4681E-07	2.153908001	0.194970246
6.46103E-07	2.157697468	0.19766685
6.45396E-07	2.161486729	0.200512174
6.44692E-07	2.165270455	0.203508089
6.43989E-07	2.169043138	0.206656349
6.43287E-07	2.172799085	0.20995857
6.42587E-07	2.176532413	0.213416222
6.41888E-07	2.180237041	0.217030607
6.41191E-07	2.183906689	0.220802847
6.40496E-07	2.18753487	0.224733862
6.39802E-07	2.191114896	0.228824353
6.39109E-07	2.19463987	0.233074773
6.38418E-07	2.198102691	0.237485316
6.37729E-07	2.201496054	0.242055881
6.37041E-07	2.204812461	0.246786053
6.36354E-07	2.208044222	0.251675076
6.35637E-07	2.211183468	0.256721826
6.34953E-07	2.214222165	0.261924778
6.34271E-07	2.217152125	0.267281983
6.33591E-07	2.21996503	0.272791038
6.32911E-07	2.222652451	0.278449054
6.32234E-07	2.225205876	0.284252627
6.31558E-07	2.227616737	0.290197815
6.30883E-07	2.229876448	0.296280105
6.30209E-07	2.231976437	0.30249439
6.29537E-07	2.233908194	0.308834943
6.28867E-07	2.235663312	0.315295402
6.28198E-07	2.23723354	0.321868743
6.2753E-07	2.238610838	0.328547272
6.26864E-07	2.23978743	0.335322613
6.26199E-07	2.240755874	0.342185702
6.25536E-07	2.241509119	0.34912679
6.24874E-07	2.242040577	0.356135446
6.24213E-07	2.242344192	0.363200572
6.23554E-07	2.242414509	0.370310425
6.22896E-07	2.242246751	0.377452645
6.2224E-07	2.241836884	0.384614289
6.21585E-07	2.241181695	0.391781882
6.20931E-07	2.240278855	0.398941464
6.20279E-07	2.239126986	0.406078659
6.19628E-07	2.237725723	0.413178743
6.18979E-07	2.236075768	0.420226726
6.18331E-07	2.234178938	0.427207438
6.17684E-07	2.232038204	0.434105628
6.17038E-07	2.229657725	0.44090606
6.16394E-07	2.227042868	0.447593626
6.15751E-07	2.224200214	0.454153458
6.1511E-07	2.22113756	0.460571038
6.1447E-07	2.217863901	0.46683232
6.13831E-07	2.214389406	0.472923844
6.13194E-07	2.210725371	0.478832854
6.12557E-07	2.206884171	0.484547407
6.11923E-07	2.20287919	0.490056483
6.11289E-07	2.198724743	0.495350086
6.10657E-07	2.194435984	0.500419334
6.10026E-07	2.190028807	0.505256543
6.09397E-07	2.185519735	0.509855303
6.08768E-07	2.180925801	0.514210533
6.08141E-07	2.176264425	0.518318531
6.07516E-07	2.171553285	0.522177008
6.06891E-07	2.166810184	0.525785107
6.06268E-07	2.162052917	0.52914341
6.05646E-07	2.157299142	0.532253924
6.05026E-07	2.152566242	0.535120066
6.04377E-07	2.147871209	0.53774662
6.03759E-07	2.143230513	0.540139693
6.03142E-07	2.138659999	0.542306652
6.02527E-07	2.134174772	0.544256053
6.01913E-07	2.129789106	0.54599756
6.013E-07	2.125516355	0.54754186
6.00688E-07	2.121368879	0.548900562
6.00077E-07	2.117357979	0.550086099
5.99468E-07	2.113493842	0.551111623
5.9886E-07	2.109785503	0.551990899
5.98253E-07	2.106240809	0.552738194
5.97648E-07	2.102866403	0.553368169
5.97044E-07	2.099667717	0.553895774
5.96441E-07	2.096648967	0.554336139
5.95839E-07	2.093813169	0.554704478
5.95238E-07	2.091162158	0.555015985
5.94639E-07	2.088696613	0.555285745
5.9404E-07	2.08641609	0.555528648
5.93443E-07	2.084319069	0.555759302
5.92848E-07	2.082402994	0.555991964
5.92253E-07	2.080664324	0.556240467
5.9166E-07	2.079098591	0.556518157
5.91067E-07	2.077700455	0.55683784
5.90476E-07	2.076463764	0.557211731
5.89886E-07	2.075381612	0.55765141
5.89298E-07	2.074446407	0.558167785
5.8871E-07	2.073649927	0.558771062
5.88124E-07	2.072983385	0.559470717
5.87538E-07	2.072437491	0.560275479
5.86954E-07	2.072002512	0.561193309
5.86372E-07	2.071668329	0.562231391
5.8579E-07	2.071424498	0.563396128
5.85209E-07	2.071260305	0.56469313
5.8463E-07	2.071164818	0.566127223
5.84052E-07	2.071126943	0.567702445
5.83474E-07	2.071135473	0.569422053
5.82899E-07	2.071179135	0.571288534
5.82324E-07	2.071246639	0.573303609
5.8175E-07	2.071326721	0.575468251
5.81177E-07	2.071408186	0.577782692
5.80606E-07	2.071479953	0.580246444
5.80036E-07	2.071531089	0.582858311
5.79466E-07	2.071550852	0.58561641
5.78898E-07	2.071528723	0.588518187
5.78331E-07	2.071454448	0.59156044
5.77765E-07	2.071318066	0.594739335
5.77201E-07	2.071109946	0.598050436
5.7661E-07	2.070820816	0.601488722
5.76048E-07	2.070441798	0.605048614
5.75486E-07	2.069964433	0.608723999
5.74926E-07	2.069380713	0.612508262
5.74367E-07	2.068683109	0.616394308
5.73808E-07	2.067864596	0.620374595
5.73251E-07	2.066918678	0.624441166
5.72695E-07	2.065839414	0.628585678
5.7214E-07	2.06462144	0.632799441
5.71587E-07	2.063259992	0.637073449
5.71034E-07	2.061750921	0.641398421
5.70482E-07	2.060090716	0.645764837
5.69932E-07	2.058276519	0.650162981
5.69382E-07	2.056306137	0.654582982
5.68833E-07	2.054178053	0.659014856
5.68286E-07	2.051891439	0.663448555
5.6774E-07	2.049446157	0.667874008
5.67194E-07	2.046842766	0.672281173
5.6665E-07	2.04408252	0.676660084
5.66107E-07	2.041167366	0.681000899
5.65564E-07	2.038099933	0.685293951
5.65023E-07	2.034883527	0.689529795
5.64483E-07	2.031522112	0.693699265
5.63944E-07	2.028020293	0.697793515
5.63406E-07	2.024383293	0.701804074
5.62869E-07	2.020616925	0.705722888
5.62333E-07	2.016727562	0.709542374
5.61798E-07	2.0127221	0.713255455
5.61264E-07	2.00860792	0.716855608
5.60731E-07	2.004392844	0.720336901
5.60199E-07	2.000085088	0.723694026
5.59668E-07	1.99569321	0.726922335
5.59138E-07	1.991226057	0.730017865
5.58609E-07	1.986692707	0.732977359
5.58081E-07	1.982102412	0.735798289
5.57554E-07	1.977464533	0.738478863
5.57028E-07	1.972788479	0.741018037
5.56503E-07	1.968083644	0.743415511
5.55979E-07	1.96335934	0.745671729
5.55456E-07	1.958624736	0.747787866
5.54934E-07	1.953888793	0.749765809
5.54413E-07	1.949160202	0.751608135
5.53893E-07	1.944447328	0.753318084
5.53374E-07	1.93975815	0.75489952
5.52856E-07	1.935100215	0.756356893
5.52339E-07	1.93048058	0.757695195
5.51822E-07	1.925905779	0.758919904
5.51307E-07	1.921381778	0.760036936
5.50768E-07	1.916913946	0.761052585
5.50255E-07	1.912507029	0.761973463
5.49743E-07	1.90816513	0.762806437
5.49232E-07	1.903891696	0.763558567
5.48721E-07	1.899689511	0.764237041
5.48212E-07	1.8955607	0.764849111
5.47703E-07	1.891506731	0.765402032
5.47196E-07	1.887528433	0.765903002
5.46689E-07	1.883626013	0.7663591
5.46183E-07	1.879799082	0.766777236
5.45679E-07	1.876046684	0.767164098
5.45175E-07	1.872367334	0.767526102
5.44672E-07	1.86875905	0.767869358
5.4417E-07	1.865219403	0.768199626
5.43669E-07	1.861745556	0.768522285
5.43169E-07	1.858334311	0.768842313
5.4267E-07	1.85498216	0.769164258
5.42171E-07	1.85168533	0.769492231
5.41674E-07	1.848439833	0.769829889
5.41177E-07	1.845241511	0.770180435
5.40682E-07	1.842086087	0.770546619
5.40187E-07	1.838969204	0.770930739
5.39694E-07	1.835886473	0.771334652
5.39201E-07	1.832833507	0.771759788
5.38709E-07	1.829805964	0.772207165
5.38218E-07	1.826799577	0.772677407
5.37728E-07	1.823810186	0.773170769
5.37238E-07	1.820833766	0.773687156
5.3675E-07	1.81786645	0.774226152
5.36263E-07	1.814904552	0.774787045
5.35776E-07	1.811944579	0.775368851
5.3529E-07	1.808983254	0.775970347
5.34805E-07	1.806017516	0.776590092
5.34322E-07	1.80304454	0.777226459
5.33838E-07	1.800061732	0.777877658
5.33356E-07	1.797066737	0.778541765
5.32875E-07	1.79405744	0.779216741
5.32394E-07	1.791031962	0.779900461
5.31915E-07	1.787988658	0.780590735
5.31436E-07	1.784926112	0.781285325
5.30958E-07	1.781843127	0.781981968
5.30481E-07	1.778738722	0.782678394
5.30005E-07	1.775612123	0.783372338
5.2953E-07	1.772462748	0.784061558
5.29055E-07	1.769290203	0.784743851
5.28582E-07	1.766094266	0.785417056
5.28109E-07	1.76287488	0.786079073
5.27615E-07	1.75963214	0.786727867
5.27144E-07	1.756366282	0.787361478
5.26673E-07	1.753077671	0.787978025
5.26204E-07	1.749766789	0.788575714
5.25736E-07	1.746434229	0.789152839
5.25268E-07	1.743080677	0.789707787
5.24801E-07	1.739706907	0.790239042
5.24335E-07	1.73631377	0.790745182
5.2387E-07	1.732902182	0.791224884
5.23406E-07	1.72947312	0.791676921
5.22942E-07	1.726027606	0.792100163
5.22479E-07	1.722566709	0.792493575
5.22017E-07	1.719091525	0.792856217
5.21556E-07	1.715603183	0.793187239
5.21096E-07	1.712102828	0.793485883
5.20637E-07	1.708591619	0.793751475
5.20178E-07	1.705070725	0.793983429
5.1972E-07	1.701541318	0.794181236
5.19263E-07	1.698004566	0.794344467
5.18807E-07	1.694461634	0.794472769
5.18351E-07	1.690913675	0.794565857
5.17897E-07	1.687361829	0.794623515
5.17443E-07	1.683807221	0.794645594
5.1699E-07	1.680250955	0.794632002
5.16538E-07	1.676694114	0.794582707
5.16086E-07	1.673137756	0.79449773
5.15635E-07	1.669582916	0.794377143
5.15186E-07	1.666030599	0.794221067
5.14736E-07	1.662481783	0.794029664
5.14288E-07	1.658937414	0.793803139
5.13841E-07	1.65539841	0.793541737
5.13394E-07	1.651865657	0.793245736
5.12948E-07	1.648340007	0.792915446
5.12503E-07	1.644822282	0.792551208
5.12058E-07	1.641313271	0.79215339
5.11614E-07	1.637813729	0.791722385
5.11172E-07	1.634324381	0.791258607
5.10729E-07	1.630845917	0.790762492
5.10288E-07	1.627378996	0.790234492
5.09847E-07	1.623924246	0.789675076
5.09408E-07	1.620482261	0.789084727
5.08969E-07	1.617053606	0.788463938
5.0853E-07	1.613638816	0.787813216
5.08093E-07	1.610238393	0.787133073
5.07656E-07	1.606852814	0.786424032
5.0722E-07	1.603482523	0.785686618
5.06784E-07	1.60012794	0.784921362
5.0635E-07	1.596789455	0.7841288
5.05895E-07	1.593467431	0.783309466
5.05462E-07	1.590162208	0.782463899
5.0503E-07	1.586874099	0.781592634
5.04598E-07	1.583603392	0.780696207
5.04168E-07	1.580350354	0.779775152
5.03737E-07	1.577115228	0.77883
5.03308E-07	1.573898233	0.777861276
5.02879E-07	1.57069957	0.776869504
5.02451E-07	1.567519417	0.775855201
5.02024E-07	1.564357934	0.774818878
5.01598E-07	1.561215262	0.773761041
5.01172E-07	1.558091523	0.772682188
5.00747E-07	1.55498682	0.771582811
5.00323E-07	1.551901243	0.770463393
4.99899E-07	1.548834863	0.76932441
4.99476E-07	1.545787737	0.768166329
4.99054E-07	1.542759905	0.766989609
4.98633E-07	1.539751396	0.765794697
4.98212E-07	1.536762225	0.764582034
4.97792E-07	1.533792391	0.763352051
4.97373E-07	1.530841886	0.762105167
4.96954E-07	1.527910685	0.760841793
4.96536E-07	1.524998757	0.759562328
4.96119E-07	1.522106058	0.758267163
4.95703E-07	1.519232534	0.756956677
4.95287E-07	1.516378123	0.755631237
4.94872E-07	1.513542754	0.754291202
4.94457E-07	1.510726346	0.752936919
4.94044E-07	1.507928814	0.751568723
4.93631E-07	1.505150062	0.75018694
4.93218E-07	1.50238999	0.748791883
4.92807E-07	1.499648491	0.747383855
4.92396E-07	1.496925452	0.745963147
4.91985E-07	1.494220755	0.744530041
4.91576E-07	1.491534279	0.743084805
4.91167E-07	1.488865894	0.741627698
4.90759E-07	1.486215473	0.740158966
4.90351E-07	1.483582879	0.738678845
4.89944E-07	1.480967976	0.73718756
4.89538E-07	1.478370625	0.735685323
4.89133E-07	1.475790684	0.734172337
4.88728E-07	1.47322801	0.732648793
4.88324E-07	1.470682459	0.731114871
4.8792E-07	1.468153884	0.72957074
4.87517E-07	1.465642142	0.728016557
4.87115E-07	1.463147086	0.72645247
4.86714E-07	1.460668572	0.724878614
4.86313E-07	1.458206454	0.723295115
4.85893E-07	1.455760592	0.721702088
4.85494E-07	1.453330843	0.720099635
4.85095E-07	1.450917069	0.71848785
4.84697E-07	1.448519133	0.716866816
4.84299E-07	1.446136903	0.715236606
4.83902E-07	1.443770249	0.713597281
4.83506E-07	1.441419046	0.711948893
4.83111E-07	1.439083171	0.710291484
4.82716E-07	1.436762509	0.708625087
4.82321E-07	1.434456949	0.706949724
4.81928E-07	1.432166386	0.705265408
4.81535E-07	1.42989072	0.703572142
4.81142E-07	1.427629858	0.701869922
4.80751E-07	1.425383717	0.700158733
4.80359E-07	1.423152218	0.698438552
4.79969E-07	1.420935292	0.696709349
4.79579E-07	1.418732879	0.694971085
4.7919E-07	1.416544927	0.693223712
4.78801E-07	1.414371395	0.691467177
4.78414E-07	1.41221225	0.68970142
4.78026E-07	1.410067472	0.687926371
4.7764E-07	1.407937052	0.686141959
4.77253E-07	1.40582099	0.684348103
4.76868E-07	1.403719301	0.68254472
4.76483E-07	1.401632013	0.68073172
4.76099E-07	1.399559163	0.678909012
4.75715E-07	1.397500806	0.677076498
4.75333E-07	1.39545701	0.67523408
4.7495E-07	1.393427856	0.673381658
4.74568E-07	1.39141344	0.671519128
4.74187E-07	1.389413875	0.669646389
4.73807E-07	1.387429289	0.667763338
4.73427E-07	1.385459825	0.665869874
4.73048E-07	1.383505644	0.6639659
4.72669E-07	1.381566921	0.662051318
4.72291E-07	1.379643849	0.660126038
4.71914E-07	1.37773664	0.658189974
4.71537E-07	1.375845521	0.656243046
4.7116E-07	1.373970735	0.654285182
4.70785E-07	1.372112545	0.652316317
4.7041E-07	1.370271228	0.650336399
4.70035E-07	1.368447081	0.648345385
4.69661E-07	1.366640414	0.646343245
4.69288E-07	1.364851558	0.644329963
4.68915E-07	1.363080856	0.642305538
4.68543E-07	1.361328667	0.640269984
4.68172E-07	1.359595367	0.638223336
4.67783E-07	1.357881343	0.636165646
4.67413E-07	1.356186998	0.634096986
4.67043E-07	1.354512746	0.632017453
4.66674E-07	1.352859013	0.629927163
4.66306E-07	1.351226233	0.627826261
4.65938E-07	1.349614851	0.625714913
4.6557E-07	1.348025319	0.623593316
4.65204E-07	1.346458094	0.621461693
4.64837E-07	1.344913637	0.619320296
4.64472E-07	1.343392414	0.617169409
4.64107E-07	1.341894887	0.615009343
4.63742E-07	1.340421521	0.612840445
4.63378E-07	1.338972774	0.610663091
4.63015E-07	1.3375491	0.608477691
4.62652E-07	1.336150944	0.606284687
4.6229E-07	1.334778741	0.604084556
4.61928E-07	1.333432914	0.601877804
4.61567E-07	1.332113869	0.599664974
4.61207E-07	1.330821996	0.597446639
4.60847E-07	1.329557663	0.595223404
4.60487E-07	1.328321217	0.592995904
4.60128E-07	1.327112978	0.590764806
4.5977E-07	1.325933241	0.588530803
4.59412E-07	1.324782269	0.586294616
4.59055E-07	1.323660294	0.584056992
4.58699E-07	1.322567512	0.5818187
4.58343E-07	1.321504085	0.579580532
4.57987E-07	1.320470135	0.577343297
4.57632E-07	1.319465745	0.575107823
4.57278E-07	1.318490957	0.572874951
4.56924E-07	1.317545769	0.570645533
4.56571E-07	1.316630136	0.568420429
4.56218E-07	1.315743968	0.566200506
4.55866E-07	1.31488713	0.563986632
4.55514E-07	1.31405944	0.561779676
4.55163E-07	1.313260672	0.559580501
4.54812E-07	1.312490552	0.557389963
4.54462E-07	1.311748764	0.55520891
4.54113E-07	1.311034944	0.553038176
4.53764E-07	1.310348686	0.550878575
4.53415E-07	1.309689541	0.548730907
4.53067E-07	1.309057018	0.546595946
4.5272E-07	1.308450588	0.544474442
4.52373E-07	1.307869682	0.542367117
4.52027E-07	1.307313699	0.540274663
4.51681E-07	1.306782001	0.538197741
4.51336E-07	1.30627392	0.536136976
4.50991E-07	1.305788761	0.534092957
4.50631E-07	1.305325801	0.532066236
4.50287E-07	1.304884295	0.530057324
4.49944E-07	1.304463477	0.528066695
4.49601E-07	1.304062565	0.526094778
4.49259E-07	1.303680761	0.524141964
4.48918E-07	1.303317256	0.522208598
4.48576E-07	1.302971231	0.520294985
4.48236E-07	1.302641863	0.518401388
4.47896E-07	1.302328324	0.516528026
4.47556E-07	1.302029786	0.514675078
4.47218E-07	1.301745424	0.512842681
4.46879E-07	1.301474416	0.511030932
4.46541E-07	1.301215948	0.509239889
4.46204E-07	1.300969215	0.507469573
4.45867E-07	1.300733422	0.505719967
4.4553E-07	1.30050779	0.503991019
4.45194E-07	1.300291553	0.502282644
4.44859E-07	1.30008396	0.500594725
4.44524E-07	1.299884283	0.498927114
4.4419E-07	1.299691808	0.497279634
4.43856E-07	1.299505845	0.495652081
4.43522E-07	1.299325725	0.494044228
4.4319E-07	1.2991508	0.492455821
4.42857E-07	1.298980448	0.490886588
4.42525E-07	1.298814068	0.489336236
4.42194E-07	1.298651083	0.487804454
4.41863E-07	1.298490944	0.486290915
4.41533E-07	1.298333122	0.484795277
4.41203E-07	1.298177115	0.483317186
4.40873E-07	1.298022446	0.481856278
4.40544E-07	1.297868662	0.480412176
4.40216E-07	1.297715332	0.478984498
4.39888E-07	1.297562053	0.477572854
4.3956E-07	1.297408442	0.47617685
4.39233E-07	1.297254141	0.474796086
4.38907E-07	1.297098813	0.47343016
4.38581E-07	1.296942145	0.472078669
4.38255E-07	1.296783842	0.470741209
4.3793E-07	1.296623632	0.469417375
4.37606E-07	1.296461264	0.468106765
4.37282E-07	1.296296503	0.466808978
4.36958E-07	1.296129136	0.465523615
4.36635E-07	1.295958965	0.464250284
4.36312E-07	1.29578581	0.462988593
4.3599E-07	1.295609509	0.461738157
4.35669E-07	1.295429913	0.460498596
4.35347E-07	1.295246889	0.459269534
4.35011E-07	1.295060319	0.458050603
4.34691E-07	1.294870097	0.456841441
4.34371E-07	1.294676129	0.455641693
4.34052E-07	1.294478336	0.454451008
4.33733E-07	1.294276647	0.453269046
4.33415E-07	1.294071003	0.452095472
4.33097E-07	1.293861356	0.450929958
4.3278E-07	1.293647666	0.449772187
4.32463E-07	1.293429903	0.448621844
4.32146E-07	1.293208043	0.447478626
4.3183E-07	1.292982071	0.446342236
4.31514E-07	1.292751981	0.445212384
4.31199E-07	1.292517769	0.444088788
4.30885E-07	1.292279443	0.442971174
4.30571E-07	1.292037011	0.441859274
4.30257E-07	1.291790491	0.440752827
4.29943E-07	1.291539901	0.439651582
4.29631E-07	1.291285269	0.438555292
4.29318E-07	1.291026622	0.437463717
4.29006E-07	1.290763993	0.436376626
4.28695E-07	1.290497418	0.435293792
4.28384E-07	1.290226938	0.434214995
4.28073E-07	1.289952592	0.433140023
4.27763E-07	1.289674427	0.432068667
4.27454E-07	1.289392488	0.431000727
4.27144E-07	1.289106825	0.429936006
4.26836E-07	1.288817487	0.428874315
4.26527E-07	1.288524526	0.427815467
4.26219E-07	1.288227996	0.426759284
4.25912E-07	1.287927951	0.425705589
4.25605E-07	1.287624448	0.424654214
4.25298E-07	1.287317541	0.423604993
4.24992E-07	1.287007288	0.422557764
4.24687E-07	1.286693748	0.42151237
4.24381E-07	1.286376977	0.420468659
4.24077E-07	1.286057035	0.419426483
4.23772E-07	1.285733982	0.418385694
4.23468E-07	1.285407874	0.417346153
4.23165E-07	1.285078773	0.416307721
4.22862E-07	1.284746738	0.415270263
4.22559E-07	1.284411827	0.414233648
4.22257E-07	1.2840741	0.413197746
4.21955E-07	1.283733617	0.412162431
4.21654E-07	1.283390436	0.411127581
4.21353E-07	1.283044617	0.410093074
4.21053E-07	1.282696218	0.409058792
4.20753E-07	1.282345298	0.408024619
4.20453E-07	1.281991915	0.406990442
4.2014E-07	1.281636127	0.405956147
4.19841E-07	1.281277993	0.404921626
4.19543E-07	1.280917571	0.40388677
4.19245E-07	1.280554917	0.402851472
4.18947E-07	1.280190089	0.401815627
4.1865E-07	1.279823145	0.400779133
4.18354E-07	1.279454141	0.399741887
4.18057E-07	1.279083135	0.398703788
4.17762E-07	1.278710183	0.397664737
4.17466E-07	1.278335341	0.396624636
4.17171E-07	1.277958666	0.395583386
4.16877E-07	1.277580216	0.394540892
4.16583E-07	1.277200045	0.393497058
4.16289E-07	1.276818211	0.392451789
4.15996E-07	1.276434771	0.391404992
4.15703E-07	1.276049781	0.390356572
4.1541E-07	1.275663298	0.389306437
4.15118E-07	1.275275379	0.388254496
4.14827E-07	1.274886082	0.387200655
4.14535E-07	1.274495463	0.386144824
4.14245E-07	1.274103581	0.385086912
4.13954E-07	1.273710494	0.384026829
4.13664E-07	1.273316261	0.382964484
4.13375E-07	1.27292094	0.381899787
4.13085E-07	1.272524593	0.380832648
4.12797E-07	1.272127278	0.379762978
4.12508E-07	1.271729057	0.378690687
4.1222E-07	1.271329992	0.377615686
4.11933E-07	1.270930144	0.376537885
4.11646E-07	1.270529578	0.375457196
4.11359E-07	1.270128357	0.374373529
4.11072E-07	1.269726547	0.373286795
4.10786E-07	1.269324213	0.372196904
4.10501E-07	1.268921423	0.371103769
4.10216E-07	1.268518244	0.370007298
4.09931E-07	1.268114747	0.368907404
4.09647E-07	1.267711002	0.367803997
4.09363E-07	1.267307082	0.366696988
4.09079E-07	1.266903059	0.365586286
4.08796E-07	1.266499008	0.364471804
4.08513E-07	1.266095006	0.363353452
4.0823E-07	1.265691132	0.36223114
4.07948E-07	1.265287464	0.361104778
4.07667E-07	1.264884085	0.359974278
4.07386E-07	1.264481077	0.35883955
4.07105E-07	1.264078526	0.357700505
4.06824E-07	1.263676518	0.356557054
4.06531E-07	1.263275143	0.355409107
4.06251E-07	1.262874492	0.354256576
4.05972E-07	1.262474659	0.353099371
4.05693E-07	1.262075738	0.351937405
4.05414E-07	1.261677829	0.350770588
4.05136E-07	1.26128103	0.349598834
4.04858E-07	1.260885445	0.348422053
4.04581E-07	1.260491179	0.347240159
4.04304E-07	1.26009834	0.346053066
4.04027E-07	1.259707038	0.344860686
4.03751E-07	1.259317387	0.343662933
4.03475E-07	1.258929501	0.342459724
4.032E-07	1.258543501	0.341250973
4.02924E-07	1.258159508	0.340036597
4.0265E-07	1.257777646	0.338816512
4.02375E-07	1.257398043	0.337590638
4.02101E-07	1.257020831	0.336358894
4.01828E-07	1.256646143	0.335121199
4.01554E-07	1.256274117	0.333877475
4.01282E-07	1.255904892	0.332627646
4.01009E-07	1.255538614	0.331371635
4.00737E-07	1.25517543	0.330109369
4.00465E-07	1.254815489	0.328840775
4.00194E-07	1.254458948	0.327565782
3.99923E-07	1.254105963	0.326284321
3.99652E-07	1.253756696	0.324996326
3.99382E-07	1.253411312	0.323701732
3.99112E-07	1.25306998	0.322400477
3.98842E-07	1.252732873	0.3210925
3.98573E-07	1.252400166	0.319777744
3.98304E-07	1.25207204	0.318456155
3.98036E-07	1.251748678	0.31712768
3.97767E-07	1.251430269	0.315792272
3.975E-07	1.251117003	0.314449883
3.97232E-07	1.250809076	0.313100474
3.96965E-07	1.250506687	0.311744003
3.96698E-07	1.250210038	0.310380438
3.96432E-07	1.249919336	0.309009746
3.96166E-07	1.249634792	0.307631901
3.95901E-07	1.24935662	0.306246879
3.95635E-07	1.249085038	0.304854664
3.9537E-07	1.248820267	0.303455241
3.95106E-07	1.248562532	0.302048602
3.94842E-07	1.248312063	0.300634742
3.94578E-07	1.24806909	0.299213665
3.94314E-07	1.247833851	0.297785376
3.94051E-07	1.247606585	0.296349889
3.93788E-07	1.247387532	0.294907223
3.93513E-07	1.247176939	0.293457401
3.93251E-07	1.246975055	0.292000456
3.9299E-07	1.24678213	0.290536426
3.92728E-07	1.246598419	0.289065354
3.92467E-07	1.246424178	0.287587292
3.92206E-07	1.246259666	0.286102299
3.91946E-07	1.246105146	0.284610441
3.91686E-07	1.24596088	0.283111792
3.91426E-07	1.245827134	0.281606433
3.91167E-07	1.245704176	0.280094453
3.90908E-07	1.245592273	0.278575952
3.9065E-07	1.245491695	0.277051034
3.90391E-07	1.245402715	0.275519815
3.90133E-07	1.245325602	0.273982418
3.89876E-07	1.245260629	0.272438977
3.89619E-07	1.245208069	0.270889633
3.89362E-07	1.245168193	0.269334538
3.89105E-07	1.245141274	0.267773852
3.88849E-07	1.245127581	0.266207745
3.88593E-07	1.245127385	0.264636399
3.88337E-07	1.245140954	0.263060003
3.88082E-07	1.245168554	0.261478758
3.87827E-07	1.24521045	0.259892874
3.87573E-07	1.245266904	0.258302571
3.87318E-07	1.245338173	0.256708081
3.87065E-07	1.245424514	0.255109645
3.86811E-07	1.245526177	0.253507514
3.86558E-07	1.245643411	0.251901951
3.86305E-07	1.245776456	0.250293228
3.86052E-07	1.245925551	0.248681629
3.858E-07	1.246090928	0.247067446
3.85548E-07	1.246272812	0.245450983
3.85297E-07	1.246471422	0.243832555
3.85045E-07	1.24668697	0.242212485
3.84794E-07	1.246919661	0.240591108
3.84544E-07	1.247169692	0.238968768
3.84294E-07	1.247437251	0.237345817
3.84044E-07	1.247722518	0.235722621
3.83794E-07	1.248025662	0.234099551
3.83545E-07	1.248346843	0.232476988
3.83296E-07	1.248686212	0.230855324
3.83047E-07	1.249043908	0.229234957
3.82799E-07	1.249420058	0.227616294
3.82551E-07	1.249814779	0.22599975
3.82303E-07	1.250228174	0.224385747
3.82056E-07	1.250660335	0.222774716
3.81809E-07	1.251111341	0.221167091
3.81562E-07	1.251581257	0.219563316
3.81304E-07	1.252070134	0.217963837
3.81058E-07	1.25257801	0.216369108
3.80812E-07	1.253104908	0.214779588
3.80567E-07	1.253650836	0.213195737
3.80321E-07	1.254215788	0.211618021
3.80077E-07	1.254799741	0.21004691
3.79832E-07	1.255402659	0.208482873
3.79588E-07	1.256024487	0.206926384
3.79344E-07	1.256665156	0.205377916
3.79101E-07	1.257324582	0.203837945
3.78857E-07	1.258002663	0.202306943
3.78614E-07	1.258699281	0.200785386
3.78372E-07	1.259414302	0.199273744
3.78129E-07	1.260147576	0.197772487
3.77887E-07	1.260898935	0.196282083
3.77646E-07	1.261668196	0.194802995
3.77404E-07	1.262455161	0.193335681
3.77163E-07	1.263259612	0.191880595
3.76923E-07	1.264081319	0.190438187
3.76682E-07	1.264920034	0.189008898
3.76442E-07	1.265775494	0.187593163
3.76202E-07	1.266647421	0.186191409
3.75963E-07	1.267535521	0.184804055
3.75723E-07	1.268439486	0.183431512
3.75484E-07	1.269358994	0.182074179
3.75246E-07	1.270293707	0.180732446
3.75008E-07	1.271243276	0.179406692
3.7477E-07	1.272207337	0.178097285
3.74532E-07	1.273185516	0.17680458
3.74294E-07	1.274177423	0.175528921
3.74057E-07	1.275182659	0.174270636
3.73821E-07	1.276200814	0.173030044
3.73584E-07	1.277231466	0.171807445
3.73348E-07	1.278274185	0.170603129
3.73112E-07	1.27932853	0.169417368
3.72876E-07	1.280394054	0.16825042
3.72641E-07	1.281470298	0.167102529
3.72406E-07	1.2825568	0.165973921
3.72171E-07	1.283653089	0.164864806
3.71937E-07	1.28475869	0.163775381
3.71703E-07	1.285873119	0.162705823
3.71469E-07	1.286995892	0.161656294
3.71235E-07	1.288126518	0.160626939
3.71002E-07	1.289264506	0.159617886
3.70769E-07	1.29040936	0.158629248
3.70536E-07	1.291560582	0.157661119
3.70304E-07	1.292717677	0.156713578
3.70061E-07	1.293880145	0.155786686
3.69829E-07	1.295047489	0.154880488
3.69598E-07	1.296219213	0.153995013
3.69366E-07	1.297394823	0.153130273
3.69136E-07	1.298573825	0.152286264
3.68905E-07	1.299755731	0.151462968
3.68675E-07	1.300940056	0.150660348
3.68445E-07	1.302126317	0.149878354
3.68215E-07	1.30331404	0.149116921
3.67985E-07	1.304502752	0.148375969
3.67756E-07	1.305691988	0.147655403
3.67527E-07	1.30688129	0.146955115
3.67299E-07	1.308070207	0.146274983
3.6707E-07	1.309258292	0.145614871
3.66842E-07	1.310445111	0.144974633
3.66614E-07	1.311630234	0.144354107
3.66387E-07	1.312813242	0.143753122
3.6616E-07	1.313993724	0.143171495
3.65933E-07	1.315171279	0.142609031
3.65706E-07	1.316345513	0.142065526
3.6548E-07	1.317516046	0.141540766
3.65254E-07	1.318682506	0.141034525
3.65028E-07	1.31984453	0.140546572
3.64802E-07	1.321001767	0.140076665
3.64577E-07	1.322153879	0.139624555
3.64352E-07	1.323300534	0.139189985
3.64128E-07	1.324441415	0.138772692
3.63903E-07	1.325576214	0.138372406
3.63679E-07	1.326704636	0.13798885
3.63455E-07	1.327826395	0.137621745
3.63232E-07	1.328941218	0.137270802
3.63008E-07	1.330048842	0.136935733
3.62785E-07	1.331149017	0.136616241
3.62562E-07	1.332241503	0.13631203
3.6234E-07	1.333326072	0.136022796
3.62118E-07	1.334402505	0.135748237
3.61896E-07	1.335470597	0.135488046
3.61674E-07	1.336530152	0.135241916
3.61453E-07	1.337580986	0.135009536
3.61232E-07	1.338622926	0.134790596
3.61011E-07	1.339655807	0.134584785
3.6079E-07	1.340679477	0.134391792
3.6057E-07	1.341693794	0.134211305
3.6035E-07	1.342698625	0.134043014
3.6013E-07	1.343693848	0.133886609
3.59911E-07	1.34467935	0.13374178
3.59691E-07	1.345655028	0.13360822
3.59472E-07	1.346620788	0.133485623
3.59243E-07	1.347576545	0.133373684
3.59025E-07	1.348522222	0.133272102
3.58807E-07	1.349457754	0.133180577
3.58589E-07	1.350383079	0.133098812
3.58371E-07	1.351298149	0.133026514
3.58154E-07	1.35220292	0.13296339
3.57937E-07	1.353097356	0.132909154
3.5772E-07	1.35398143	0.132863521
3.57503E-07	1.354855122	0.132826211
3.57287E-07	1.355718419	0.132796945
3.57071E-07	1.356571312	0.132775451
3.56855E-07	1.357413802	0.13276146
3.5664E-07	1.358245896	0.132754707
3.56424E-07	1.359067604	0.13275493
3.56209E-07	1.359878945	0.132761874
3.55994E-07	1.360679941	0.132775285
3.5578E-07	1.361470623	0.132794917
3.55566E-07	1.362251022	0.132820525
3.55352E-07	1.363021178	0.132851872
3.55138E-07	1.363781133	0.132888723
3.54925E-07	1.364530936	0.132930848
3.54711E-07	1.365270638	0.132978024
3.54498E-07	1.366000295	0.133030029
3.54286E-07	1.366719966	0.13308665
