energy	'P3HT=0'	'5'	'10'	'15'	'20'	'30'	'40'	'50'	'60'	'70'	'80'	'85'	'90'	'95'	'100'
3.542857142857143	0.26363	0.25527	0.25962	0.2445	0.23579	0.22923	0.28742	0.29097	0.18001	0.16943	0.14654	0.14379	0.12003	0.10925	0.09808
3.532763532763533	0.26913	0.26578	0.26026	0.24675	0.24047	0.23565	0.29317	0.29689	0.18129	0.17705	0.15075	0.14359	0.12233	0.11095	0.09784
3.522727272727273	0.26695	0.26432	0.26197	0.2514	0.23977	0.23627	0.29385	0.29816	0.17957	0.17302	0.15086	0.14945	0.12236	0.11287	0.09938
3.512747875354107	0.27049	0.26628	0.2653	0.25489	0.24453	0.23808	0.30136	0.30377	0.18569	0.17737	0.15764	0.14741	0.12363	0.12014	0.09939000000000001
3.502824858757062	0.27437	0.26596	0.26644	0.25523	0.24599	0.24484	0.29887	0.30097	0.18608	0.17842	0.15095	0.14762	0.12193	0.11663	0.09952
3.492957746478873	0.27476	0.27136	0.27286	0.2595	0.25085	0.24681	0.30668	0.30947	0.18973	0.18654	0.16055	0.15339	0.12957	0.12568	0.09950000000000001
3.48314606741573	0.27377	0.26917	0.26973	0.25644	0.248	0.24278	0.3005	0.30626	0.18675	0.18055	0.16055	0.15144	0.12598	0.11884	0.10079
3.473389355742297	0.27217	0.26751	0.2668	0.25676	0.24426	0.24373	0.3001	0.30199	0.18896	0.18032	0.15354	0.15135	0.12821	0.1178	0.1005
3.463687150837989	0.27465	0.26659	0.26972	0.25643	0.24798	0.24531	0.30152	0.3062	0.19032	0.17839	0.16102	0.15203	0.13038	0.12148	0.10776
3.454038997214484	0.26528	0.26192	0.2636	0.253	0.24363	0.23808	0.29708	0.30038	0.18574	0.18026	0.15451	0.15025	0.12575	0.12089	0.10415
3.444444444444445	0.26545	0.26306	0.26434	0.25164	0.23974	0.23842	0.29661	0.29751	0.1919	0.17957	0.15587	0.15636	0.13002	0.12253	0.10607
3.434903047091413	0.26124	0.2601	0.25999	0.24915	0.24129	0.23663	0.28975	0.29411	0.18824	0.17811	0.15563	0.15267	0.12824	0.12546	0.10776
3.425414364640884	0.25302	0.25233	0.25482	0.24466	0.23492	0.2307	0.28473	0.28834	0.18699	0.17481	0.1537	0.1515	0.12954	0.12396	0.10934
3.415977961432507	0.24671	0.2472	0.25089	0.23954	0.23151	0.22795	0.27943	0.28237	0.18467	0.17375	0.15414	0.15108	0.12809	0.12672	0.10732
3.406593406593406	0.2439	0.2454	0.247	0.23443	0.22953	0.22395	0.27479	0.27869	0.18151	0.1725	0.15278	0.15081	0.12861	0.12527	0.11224
3.397260273972603	0.2386	0.23753	0.24115	0.22997	0.22382	0.21878	0.26965	0.27377	0.18258	0.17083	0.15111	0.14971	0.12821	0.1254	0.11423
3.387978142076503	0.23315	0.23425	0.23631	0.22599	0.21938	0.21301	0.26527	0.26777	0.18093	0.16841	0.15058	0.14897	0.12873	0.12533	0.11512
3.37874659400545	0.22974	0.22901	0.23278	0.22304	0.21696	0.21236	0.26167	0.26641	0.17981	0.16871	0.15222	0.15014	0.13118	0.12745	0.114
3.369565217391304	0.22494	0.22637	0.22903	0.21897	0.2133	0.21113	0.25849	0.26342	0.18088	0.16627	0.14992	0.1511	0.13232	0.13012	0.11502
3.360433604336043	0.21952	0.22091	0.22573	0.21675	0.20867	0.20743	0.25444	0.25904	0.17946	0.16474	0.14962	0.14876	0.13237	0.12905	0.11653
3.351351351351351	0.21631	0.21672	0.22102	0.21205	0.20777	0.20285	0.24992	0.25669	0.18023	0.1665	0.14878	0.14873	0.13219	0.12994	0.11975
3.342318059299191	0.21495	0.21594	0.218	0.211	0.20605	0.20242	0.24987	0.25518	0.18078	0.16586	0.15128	0.15073	0.1356	0.13282	0.11932
3.333333333333333	0.20985	0.21054	0.21474	0.20607	0.2026	0.19818	0.24535	0.25037	0.18012	0.16509	0.14954	0.15067	0.13301	0.13323	0.12201
3.324396782841823	0.20444	0.20781	0.21234	0.20381	0.19937	0.19558	0.24375	0.24738	0.17684	0.16413	0.14907	0.15039	0.13296	0.13177	0.12282
3.315508021390374	0.20239	0.20472	0.21031	0.20166	0.19727	0.19387	0.24181	0.24725	0.17823	0.16394	0.1504	0.15236	0.13316	0.13429	0.12575
3.306666666666667	0.2006	0.20429	0.20887	0.19969	0.19696	0.19288	0.23991	0.24535	0.17919	0.16433	0.15034	0.15281	0.13638	0.13617	0.12573
3.297872340425532	0.1995	0.20297	0.20704	0.19913	0.19548	0.19344	0.23898	0.24526	0.18007	0.16268	0.15116	0.15253	0.13738	0.13829	0.12621
3.289124668435013	0.19718	0.20146	0.2065	0.19768	0.19394	0.19214	0.23738	0.24275	0.18095	0.1645	0.15205	0.15245	0.13762	0.13917	0.12771
3.28042328042328	0.19688	0.1996	0.20411	0.19608	0.19363	0.19	0.23684	0.2439	0.18234	0.16555	0.15279	0.15572	0.13879	0.13964	0.12913
3.271767810026385	0.19346	0.19603	0.20038	0.19464	0.19229	0.18979	0.23428	0.24104	0.18156	0.16599	0.15166	0.15483	0.13913	0.13931	0.13311
3.263157894736842	0.192	0.19754	0.20057	0.19343	0.19204	0.18781	0.2351	0.24277	0.1821	0.16496	0.15351	0.1569	0.14153	0.14219	0.13339
3.254593175853018	0.19223	0.19667	0.19988	0.19399	0.19043	0.18967	0.23545	0.24018	0.18295	0.16753	0.15458	0.15849	0.14269	0.14345	0.13186
3.246073298429319	0.1908	0.194	0.19878	0.19124	0.18974	0.18842	0.23282	0.24027	0.18243	0.16366	0.15473	0.15795	0.14162	0.14475	0.13352
3.237597911227154	0.18966	0.19284	0.19804	0.19141	0.18805	0.18916	0.23339	0.24333	0.18381	0.1668	0.15514	0.15835	0.14463	0.14525	0.13725
3.229166666666667	0.18851	0.19361	0.19876	0.19219	0.18976	0.18812	0.23453	0.24155	0.18595	0.16863	0.15762	0.1611	0.14692	0.14894	0.13691
3.220779220779221	0.1887	0.19304	0.19848	0.1918	0.18874	0.18873	0.23335	0.24209	0.18616	0.16807	0.15886	0.16143	0.14693	0.14954	0.13851
3.212435233160622	0.18716	0.19122	0.1963	0.19119	0.18938	0.18988	0.23538	0.24148	0.18719	0.1694	0.16051	0.16284	0.14909	0.15128	0.14228
3.204134366925065	0.18681	0.19153	0.19665	0.19058	0.18723	0.18706	0.23212	0.24272	0.18882	0.17031	0.16135	0.16505	0.14894	0.15193	0.14194
3.195876288659794	0.18412	0.18793	0.19522	0.18814	0.18536	0.18615	0.23139	0.23899	0.18896	0.17097	0.16097	0.16599	0.14974	0.15177	0.14725
3.187660668380463	0.18337	0.18624	0.19344	0.18684	0.18566	0.18483	0.23097	0.23907	0.18928	0.17167	0.16131	0.16573	0.15026	0.15447	0.14627
3.179487179487179	0.18365	0.18559	0.19169	0.18558	0.18348	0.18348	0.22955	0.2379	0.19102	0.1703	0.16108	0.16574	0.1514	0.15388	0.14608
3.171355498721228	0.18134	0.18484	0.19189	0.18635	0.18359	0.18503	0.23078	0.23847	0.19227	0.17292	0.16386	0.16777	0.15512	0.15835	0.1496
3.163265306122449	0.17542	0.18186	0.18698	0.18194	0.18094	0.18263	0.22719	0.23757	0.19006	0.17159	0.16194	0.16888	0.15328	0.15817	0.15149
3.155216284987278	0.17482	0.18043	0.18522	0.18008	0.17807	0.18058	0.22585	0.23385	0.19048	0.17084	0.16337	0.16894	0.15494	0.15922	0.15475
3.147208121827411	0.17329	0.17845	0.18327	0.17972	0.17962	0.17977	0.22421	0.23253	0.19232	0.17296	0.16567	0.16922	0.15647	0.16221	0.15442
3.139240506329114	0.17015	0.17535	0.18185	0.17629	0.17633	0.17822	0.22275	0.22936	0.19411	0.17302	0.16458	0.17191	0.15821	0.16293	0.15775
3.131313131313131	0.16855	0.1731	0.18024	0.17494	0.17536	0.17664	0.22136	0.23089	0.1947	0.17526	0.16733	0.17515	0.16012	0.16449	0.15921
3.123425692695214	0.16571	0.16909	0.17692	0.17221	0.17176	0.17338	0.21821	0.22698	0.19568	0.17175	0.16545	0.17351	0.16058	0.16494	0.16082
3.115577889447236	0.16267	0.16627	0.17385	0.16899	0.16881	0.17222	0.21602	0.22505	0.19485	0.1717	0.16602	0.1722	0.16215	0.16768	0.16307
3.107769423558897	0.16057	0.16451	0.17274	0.16876	0.16884	0.17315	0.21528	0.2233	0.19507	0.17442	0.16887	0.175	0.16545	0.17056	0.16458
3.1	0.15777	0.16271	0.16874	0.16599	0.16578	0.16991	0.2115	0.22318	0.19475	0.1737	0.16888	0.17616	0.16658	0.17246	0.16637
3.092269326683292	0.15626	0.16152	0.16656	0.16589	0.16444	0.17052	0.21098	0.22145	0.19777	0.17489	0.17147	0.17876	0.16774	0.17452	0.16829
3.084577114427861	0.15381	0.15773	0.16241	0.15996	0.16092	0.16512	0.20703	0.21988	0.19813	0.1745	0.17026	0.17798	0.16803	0.17396	0.16991
3.076923076923077	0.15021	0.15408	0.15989	0.15934	0.16059	0.1638	0.20487	0.21602	0.19602	0.17374	0.16894	0.17942	0.1681	0.17599	0.17006
3.069306930693069	0.14866	0.15161	0.15997	0.15701	0.15929	0.16283	0.20587	0.21706	0.19957	0.17482	0.17142	0.18019	0.17155	0.17687	0.17344
3.061728395061728	0.14498	0.14878	0.15743	0.15595	0.1564	0.16051	0.20431	0.21495	0.19928	0.17399	0.17082	0.18041	0.1706	0.17904	0.17628
3.054187192118226	0.14388	0.14847	0.15643	0.15442	0.15719	0.16248	0.20515	0.21683	0.20186	0.17664	0.17323	0.18165	0.17416	0.18331	0.17925
3.046683046683047	0.14216	0.14836	0.15468	0.15261	0.15477	0.16114	0.20293	0.21472	0.20128	0.17689	0.17656	0.18499	0.17441	0.18482	0.17953
3.03921568627451	0.14247	0.14762	0.15368	0.15393	0.15413	0.16177	0.20386	0.21637	0.20286	0.17872	0.17685	0.18671	0.17849	0.18774	0.18136
3.031784841075795	0.14023	0.14585	0.15183	0.15269	0.15307	0.16076	0.20259	0.21541	0.20459	0.17883	0.17841	0.18964	0.18042	0.18896	0.18489
3.024390243902439	0.14003	0.14499	0.15019	0.15039	0.15357	0.15921	0.2029	0.21773	0.20623	0.17999	0.17895	0.18966	0.1818	0.18997	0.18741
3.017031630170316	0.13712	0.14142	0.15017	0.15006	0.15272	0.1585	0.20247	0.21692	0.20797	0.18098	0.17905	0.18917	0.18232	0.19094	0.18888
3.009708737864078	0.13529	0.13919	0.14786	0.14672	0.15092	0.15832	0.20212	0.21589	0.21029	0.18315	0.17989	0.19122	0.18401	0.19341	0.19217
3.002421307506053	0.13658	0.14168	0.15032	0.14868	0.15245	0.16029	0.20421	0.21958	0.21426	0.18506	0.18383	0.19614	0.18811	0.19687	0.19472
2.995169082125604	0.13431	0.13976	0.14805	0.1475	0.1506	0.1592	0.20418	0.21776	0.21325	0.18581	0.18398	0.19634	0.18735	0.19875	0.19724
2.987951807228916	0.13617	0.14046	0.14923	0.14969	0.15252	0.1615	0.20738	0.22133	0.2156	0.18938	0.1874	0.20023	0.19262	0.20215	0.19971
2.980769230769231	0.13566	0.13905	0.14798	0.14987	0.1523	0.16136	0.2084	0.22078	0.21989	0.18955	0.18936	0.19999	0.1936	0.20358	0.20207
2.973621103117506	0.13373	0.13903	0.14684	0.14819	0.15153	0.16145	0.20687	0.22255	0.22035	0.19005	0.18987	0.20179	0.19666	0.20413	0.20372
2.966507177033493	0.13469	0.13989	0.14931	0.14989	0.15252	0.16326	0.20961	0.22545	0.22291	0.19225	0.19246	0.20482	0.19959	0.20868	0.2085
2.959427207637232	0.1357	0.14077	0.14942	0.1499	0.15375	0.16424	0.21134	0.22652	0.2246	0.19633	0.19561	0.20842	0.20224	0.21075	0.20958
2.952380952380953	0.13516	0.14036	0.14911	0.15081	0.15318	0.1644	0.21279	0.22764	0.2264	0.19714	0.19723	0.21138	0.20291	0.2145	0.21238
2.945368171021378	0.13573	0.14076	0.14897	0.15155	0.15416	0.16549	0.21466	0.23115	0.22981	0.19974	0.19901	0.2137	0.2061	0.21621	0.21396
2.938388625592417	0.13677	0.1423	0.14938	0.15293	0.15556	0.16711	0.2172	0.23419	0.23299	0.20271	0.20285	0.21566	0.20928	0.22064	0.21736
2.93144208037825	0.13731	0.14177	0.15101	0.15242	0.15749	0.168	0.2184	0.2359	0.23601	0.20399	0.20511	0.2171	0.21012	0.22229	0.2213
2.924528301886792	0.13914	0.14271	0.15221	0.15307	0.15773	0.16913	0.22068	0.23802	0.23879	0.20675	0.20699	0.22099	0.21372	0.22531	0.22211
2.917647058823529	0.13936	0.14391	0.15181	0.15418	0.15872	0.17004	0.22216	0.23973	0.24049	0.21005	0.20908	0.22403	0.21664	0.22787	0.22686
2.910798122065728	0.13938	0.14443	0.15354	0.15557	0.15927	0.17298	0.22498	0.24305	0.24373	0.21219	0.21103	0.22601	0.21929	0.23053	0.22931
2.903981264637002	0.13872	0.14493	0.15387	0.15552	0.16073	0.17368	0.22753	0.24459	0.24619	0.21322	0.21355	0.22908	0.22167	0.23254	0.23037
2.897196261682243	0.1399	0.14578	0.15326	0.15657	0.16052	0.17408	0.22893	0.24699	0.24789	0.2156	0.21532	0.23077	0.22398	0.2349	0.23512
2.89044289044289	0.14157	0.14614	0.15582	0.15856	0.1617	0.17677	0.23038	0.24899	0.25219	0.21875	0.21911	0.2336	0.22626	0.23807	0.23784
2.883720930232558	0.14293	0.14788	0.15822	0.16058	0.16497	0.17892	0.23436	0.25357	0.2564	0.22132	0.22278	0.23721	0.23166	0.24321	0.24112
2.877030162412993	0.14378	0.1482	0.15821	0.1625	0.16532	0.18021	0.23668	0.25611	0.25915	0.22446	0.22526	0.24148	0.23398	0.24626	0.24401
2.87037037037037	0.14482	0.14986	0.15949	0.16412	0.16768	0.18388	0.23945	0.25977	0.26315	0.22837	0.22862	0.24431	0.23803	0.25052	0.24754
2.863741339491917	0.14679	0.15149	0.16131	0.16524	0.16995	0.18501	0.24277	0.26309	0.26646	0.23146	0.23135	0.2478	0.24189	0.25495	0.2516
2.857142857142857	0.14756	0.1534	0.16243	0.16616	0.17071	0.18631	0.245	0.26575	0.26999	0.23392	0.23319	0.25133	0.24365	0.25586	0.25522
2.850574712643678	0.14763	0.15424	0.16363	0.16839	0.17225	0.18912	0.24855	0.26962	0.27294	0.23714	0.23686	0.25473	0.24725	0.25984	0.25805
2.844036697247706	0.14966	0.15507	0.16507	0.16976	0.1744	0.19115	0.25204	0.27154	0.27734	0.24036	0.24165	0.25861	0.25014	0.26341	0.26076
2.837528604118993	0.15103	0.15708	0.16766	0.17108	0.17591	0.19365	0.25455	0.2758	0.28093	0.24416	0.24354	0.26165	0.25421	0.268	0.26447
2.831050228310502	0.15399	0.15851	0.16887	0.17362	0.17828	0.19656	0.25805	0.28031	0.28522	0.24885	0.24846	0.26608	0.25854	0.27233	0.26856
2.824601366742597	0.15494	0.16068	0.17106	0.17598	0.18091	0.19983	0.26171	0.28448	0.28892	0.25214	0.2508	0.26985	0.26132	0.27632	0.27354
2.818181818181818	0.15702	0.16245	0.17156	0.17799	0.18172	0.2012	0.26482	0.28716	0.29299	0.25495	0.25418	0.27305	0.26602	0.27992	0.2779
2.811791383219955	0.15762	0.16316	0.17424	0.17939	0.18282	0.20286	0.26778	0.29022	0.29608	0.25807	0.25835	0.2768	0.26957	0.28357	0.28117
2.805429864253393	0.15995	0.16551	0.17705	0.1818	0.18608	0.20631	0.27251	0.29409	0.30055	0.26291	0.26235	0.28187	0.27355	0.28746	0.28452
2.799097065462754	0.16214	0.16926	0.17835	0.18437	0.1874	0.20893	0.27579	0.29908	0.30519	0.26569	0.26566	0.28542	0.27781	0.29178	0.28883
2.792792792792793	0.16473	0.17065	0.18132	0.18759	0.19126	0.21378	0.28122	0.30474	0.31019	0.27153	0.2704	0.29143	0.28257	0.29699	0.29339
2.786516853932584	0.16534	0.17182	0.18349	0.18848	0.193	0.21516	0.28367	0.30796	0.31394	0.27414	0.27338	0.29378	0.28524	0.30028	0.29694
2.780269058295964	0.1688	0.17577	0.18699	0.1921	0.19666	0.21868	0.2886	0.31284	0.31976	0.27874	0.2794	0.29844	0.29058	0.30532	0.30017
2.774049217002237	0.17048	0.17739	0.18756	0.19386	0.19713	0.22077	0.29208	0.31695	0.32404	0.28279	0.28157	0.3024	0.29503	0.30949	0.30639
2.767857142857143	0.17359	0.17905	0.19013	0.19738	0.20132	0.22454	0.29482	0.32174	0.32879	0.28669	0.28613	0.30644	0.29823	0.3135	0.30944
2.761692650334076	0.17609	0.18257	0.19342	0.20147	0.20441	0.22794	0.29964	0.32623	0.33369	0.29188	0.29033	0.31188	0.30264	0.31962	0.31328
2.755555555555556	0.17838	0.18525	0.1968	0.20284	0.20639	0.23097	0.30576	0.33218	0.33783	0.29443	0.29506	0.31614	0.30767	0.32361	0.31802
2.749445676274945	0.1792	0.1873	0.19838	0.20545	0.20864	0.23326	0.30875	0.33564	0.34223	0.30001	0.29735	0.32065	0.31212	0.32688	0.32241
2.743362831858407	0.18382	0.19159	0.20276	0.20957	0.21308	0.23755	0.31503	0.34143	0.34819	0.30441	0.30322	0.32531	0.31647	0.33292	0.32672
2.737306843267108	0.18627	0.19418	0.20467	0.21117	0.21498	0.2412	0.31843	0.34492	0.35142	0.30898	0.30688	0.33022	0.32153	0.3363	0.33219
2.731277533039647	0.19043	0.19995	0.2097	0.21633	0.22016	0.24551	0.32515	0.3529	0.35802	0.31364	0.31287	0.33588	0.32653	0.34332	0.33692
2.725274725274725	0.19263	0.19941	0.21164	0.21749	0.22181	0.24736	0.32816	0.35658	0.36073	0.31683	0.31608	0.33813	0.3298	0.3468	0.34226
2.719298245614035	0.19576	0.20315	0.215	0.22059	0.22527	0.25143	0.33324	0.36192	0.36712	0.3225	0.31987	0.34354	0.33495	0.35154	0.34675
2.713347921225383	0.20001	0.20686	0.21855	0.22536	0.22967	0.25509	0.33889	0.36658	0.37309	0.32738	0.32562	0.3492	0.33985	0.35724	0.35055
2.707423580786026	0.203	0.21112	0.22334	0.22969	0.23369	0.2603	0.3432	0.37342	0.37943	0.33251	0.33089	0.35503	0.34524	0.36227	0.35523
2.701525054466231	0.20716	0.21466	0.22626	0.23308	0.23714	0.26358	0.34908	0.38	0.38348	0.33694	0.33563	0.35917	0.35047	0.36653	0.36032
2.695652173913043	0.20946	0.21806	0.22975	0.23704	0.23871	0.26694	0.3534	0.38295	0.38858	0.34091	0.34042	0.36391	0.35452	0.37122	0.36598
2.689804772234273	0.21439	0.22236	0.23506	0.24166	0.24453	0.27149	0.3592	0.3903	0.39525	0.3475	0.34612	0.37039	0.36014	0.37818	0.36981
2.683982683982684	0.21839	0.22546	0.23785	0.24503	0.24765	0.27567	0.36411	0.39517	0.40008	0.35148	0.34876	0.37519	0.36546	0.38251	0.37628
2.678185745140389	0.2221	0.22977	0.24228	0.24797	0.25221	0.27966	0.37105	0.40194	0.40637	0.35664	0.35553	0.38031	0.37118	0.38845	0.37977
2.672413793103448	0.22632	0.23426	0.24641	0.25303	0.2555	0.28383	0.37557	0.40807	0.41182	0.36166	0.36009	0.38597	0.37678	0.39332	0.38599
2.666666666666667	0.22981	0.23828	0.25055	0.25682	0.25888	0.28736	0.38031	0.41415	0.41774	0.36709	0.36555	0.39045	0.38051	0.39938	0.39002
2.660944206008584	0.23157	0.24147	0.25366	0.26021	0.2618	0.29104	0.38643	0.41903	0.42329	0.37244	0.37075	0.3959	0.38558	0.40488	0.39638
2.65524625267666	0.23782	0.24711	0.25913	0.26587	0.26673	0.29763	0.39171	0.42623	0.42969	0.37938	0.37705	0.40371	0.39325	0.41159	0.40186
2.649572649572649	0.24296	0.25104	0.26432	0.27167	0.27185	0.30205	0.39763	0.4325	0.43692	0.38394	0.38307	0.40907	0.40045	0.41899	0.40855
2.643923240938166	0.24644	0.25568	0.26854	0.27511	0.27663	0.30606	0.40418	0.43845	0.44214	0.38933	0.38778	0.41457	0.40449	0.42313	0.4138
2.638297872340425	0.25008	0.25898	0.27199	0.2789	0.2793	0.30985	0.40853	0.44459	0.44883	0.39462	0.39249	0.41909	0.40927	0.42953	0.4181
2.632696390658174	0.25415	0.26433	0.27614	0.28215	0.28288	0.3135	0.41268	0.44997	0.45258	0.40056	0.39738	0.42498	0.4153	0.43439	0.42451
2.627118644067797	0.25945	0.26827	0.28098	0.28715	0.2881	0.31856	0.41981	0.45573	0.45972	0.40544	0.40301	0.43111	0.42176	0.44194	0.43064
2.621564482029598	0.26211	0.27129	0.28383	0.291	0.291	0.32048	0.42381	0.46127	0.4655	0.41079	0.40808	0.43546	0.42603	0.44894	0.43637
2.616033755274262	0.26726	0.27584	0.28902	0.29348	0.2946	0.32362	0.43037	0.46577	0.47179	0.41772	0.41495	0.43971	0.43242	0.45308	0.44387
2.610526315789474	0.26977	0.28043	0.29311	0.29887	0.29901	0.32916	0.43369	0.47243	0.47659	0.4211	0.41807	0.44747	0.43734	0.45841	0.44828
2.605042016806723	0.27451	0.2837	0.29729	0.3035	0.30285	0.33297	0.43851	0.47788	0.48214	0.42761	0.42396	0.45302	0.44309	0.46372	0.4533
2.59958071278826	0.27886	0.2872	0.30156	0.30652	0.30655	0.33737	0.44431	0.48289	0.48903	0.43216	0.42906	0.45817	0.44891	0.47058	0.45977
2.594142259414226	0.2825	0.29299	0.30526	0.31084	0.31075	0.34058	0.44878	0.48847	0.49494	0.43737	0.43542	0.46285	0.45391	0.4756	0.46438
2.588726513569938	0.28684	0.29569	0.30953	0.31431	0.31371	0.34537	0.45341	0.4931	0.49872	0.44184	0.43852	0.46847	0.45924	0.48201	0.4712
2.583333333333333	0.29197	0.30023	0.31431	0.32006	0.31794	0.34959	0.45918	0.49959	0.50613	0.449	0.44416	0.47359	0.46524	0.48766	0.47576
2.577962577962578	0.29589	0.30556	0.31802	0.32398	0.32172	0.35334	0.4639	0.50485	0.51178	0.45242	0.44924	0.47982	0.47118	0.49323	0.48044
2.572614107883818	0.29832	0.30831	0.321	0.32658	0.32542	0.35572	0.46965	0.50992	0.51675	0.45859	0.45301	0.4844	0.47566	0.49922	0.48621
2.567287784679089	0.30282	0.3148	0.32651	0.33202	0.32973	0.36101	0.47472	0.51502	0.52313	0.46251	0.46102	0.48977	0.48121	0.50545	0.49202
2.56198347107438	0.30473	0.31547	0.3274	0.33378	0.3325	0.36272	0.47839	0.52007	0.52489	0.46668	0.46401	0.49405	0.48563	0.50891	0.49808
2.556701030927835	0.30947	0.32112	0.3348	0.3393	0.3373	0.36885	0.4832	0.52462	0.53106	0.47209	0.47088	0.50104	0.49135	0.51588	0.50226
2.551440329218107	0.31262	0.32322	0.33822	0.342	0.33961	0.37107	0.48694	0.52884	0.53871	0.47557	0.47317	0.50435	0.49769	0.52029	0.50757
2.546201232032854	0.31728	0.32844	0.34248	0.34573	0.34367	0.3747	0.4906	0.53488	0.54293	0.48101	0.47823	0.50918	0.50274	0.52534	0.5124300000000001
2.540983606557377	0.32154	0.33199	0.34615	0.3512	0.3471	0.37892	0.49585	0.53973	0.54823	0.48607	0.48297	0.51474	0.50778	0.53156	0.5184
2.535787321063395	0.32426	0.33623	0.34921	0.35447	0.35068	0.38286	0.50036	0.54412	0.55279	0.49035	0.48707	0.51895	0.5119899999999999	0.53587	0.5223100000000001
2.530612244897959	0.32872	0.34079	0.3535	0.35788	0.35236	0.38473	0.50286	0.54856	0.55676	0.49426	0.49132	0.52424	0.51444	0.54061	0.52616
2.525458248472505	0.33071	0.34291	0.35674	0.36167	0.35598	0.38746	0.50645	0.55228	0.56169	0.49914	0.49459	0.52733	0.52064	0.54525	0.53133
2.520325203252033	0.33464	0.34599	0.35939	0.36393	0.35918	0.39027	0.50974	0.55526	0.56488	0.50203	0.49965	0.53181	0.52382	0.5497300000000001	0.53744
2.515212981744422	0.3382	0.3518	0.36387	0.36829	0.36263	0.39394	0.51492	0.55999	0.57077	0.50649	0.50432	0.53645	0.529	0.55545	0.54008
2.510121457489879	0.34164	0.35334	0.3655	0.37022	0.36526	0.39544	0.51716	0.5629	0.57436	0.5108	0.50801	0.53986	0.53384	0.5593	0.54513
2.505050505050505	0.34622	0.35811	0.37089	0.37383	0.36933	0.40048	0.5216499999999999	0.56745	0.58031	0.5155	0.51303	0.54536	0.5393	0.56607	0.55098
2.5	0.34617	0.35918	0.37179	0.37646	0.37021	0.40025	0.5244799999999999	0.56967	0.5828	0.51857	0.51572	0.54884	0.54279	0.56865	0.5553
2.494969818913481	0.35077	0.36402	0.37607	0.37986	0.37439	0.40547	0.52747	0.5746	0.5886400000000001	0.5218699999999999	0.5203	0.55416	0.54811	0.57494	0.55872
2.48995983935743	0.35215	0.36594	0.37982	0.38178	0.37615	0.40669	0.52879	0.57765	0.591	0.52683	0.52404	0.55857	0.55155	0.57944	0.56362
2.484969939879759	0.35578	0.36796	0.38222	0.38557	0.37871	0.409	0.5319199999999999	0.58043	0.59576	0.52933	0.5270899999999999	0.5633899999999999	0.55764	0.58456	0.56858
2.48	0.35764	0.37146	0.3843	0.38729	0.38123	0.41079	0.53473	0.58205	0.59979	0.53359	0.53106	0.56654	0.56149	0.5888	0.5738
2.475049900199601	0.36061	0.37386	0.3869	0.3903	0.38379	0.41259	0.53653	0.58566	0.60411	0.53716	0.53594	0.57029	0.56572	0.59282	0.5773200000000001
2.470119521912351	0.36214	0.37608	0.38957	0.39175	0.38365	0.414	0.5370200000000001	0.58708	0.60536	0.5394600000000001	0.53892	0.57384	0.57006	0.5978	0.58184
2.46520874751491	0.36426	0.37794	0.39115	0.39323	0.38658	0.41537	0.53873	0.58966	0.61094	0.54367	0.54165	0.57789	0.57378	0.60301	0.58661
2.46031746031746	0.36658	0.38153	0.39431	0.39727	0.38992	0.41787	0.54193	0.59219	0.61549	0.54701	0.54721	0.58394	0.5799299999999999	0.60819	0.59151
2.455445544554455	0.36795	0.38144	0.39416	0.39726	0.38985	0.41667	0.5420199999999999	0.59257	0.6181	0.5495100000000001	0.5494599999999999	0.58636	0.5829800000000001	0.61244	0.5966
2.450592885375494	0.36999	0.38481	0.3973	0.39953	0.3911	0.41923	0.54367	0.59546	0.62193	0.5537300000000001	0.55461	0.59106	0.58787	0.61761	0.60158
2.445759368836292	0.3705	0.38492	0.39799	0.40108	0.39366	0.42086	0.54573	0.5961	0.62526	0.55655	0.55676	0.59423	0.59166	0.62116	0.60381
2.440944881889764	0.37257	0.38823	0.39964	0.4017	0.39376	0.42172	0.54608	0.59803	0.63067	0.5585599999999999	0.56009	0.59834	0.59635	0.62721	0.60948
2.43614931237721	0.37382	0.38886	0.40288	0.40512	0.39604	0.4234	0.5475	0.60017	0.63468	0.56398	0.56362	0.60329	0.60062	0.63039	0.61337
2.431372549019608	0.37611	0.38989	0.40295	0.40515	0.39715	0.42337	0.54774	0.60077	0.6368	0.56603	0.5660500000000001	0.60726	0.60424	0.63591	0.61639
2.426614481409002	0.37545	0.39233	0.40527	0.4062	0.39759	0.4242	0.54664	0.60104	0.63825	0.56935	0.56836	0.60982	0.6081	0.64025	0.62219
2.421875	0.37571	0.39224	0.40416	0.40538	0.39793	0.42318	0.54693	0.60183	0.6401	0.5694900000000001	0.5702	0.61193	0.61077	0.64149	0.62599
2.417153996101364	0.3777	0.39294	0.40535	0.40634	0.39888	0.42447	0.54843	0.60183	0.6447000000000001	0.57124	0.5744899999999999	0.6168	0.61493	0.64557	0.62983
2.412451361867704	0.37639	0.39405	0.40628	0.407	0.39859	0.4247	0.54702	0.60231	0.64534	0.57374	0.57746	0.61785	0.61782	0.64919	0.63337
2.407766990291262	0.37941	0.39485	0.40743	0.40918	0.3996	0.42501	0.54772	0.60383	0.64819	0.57665	0.5793700000000001	0.62115	0.61947	0.65327	0.63539
2.403100775193798	0.37761	0.39424	0.40684	0.4079	0.39888	0.42366	0.54726	0.60222	0.65005	0.57795	0.58163	0.62191	0.62117	0.65469	0.63967
2.398452611218568	0.3792	0.39477	0.40759	0.40829	0.39907	0.42408	0.54638	0.60131	0.6523099999999999	0.57901	0.5827	0.62322	0.62399	0.65783	0.64063
2.393822393822394	0.37905	0.39703	0.40879	0.40954	0.39961	0.42509	0.5476799999999999	0.60446	0.65443	0.58055	0.5859	0.62847	0.6273	0.66078	0.64413
2.389210019267823	0.37929	0.39589	0.40827	0.40874	0.40082	0.42328	0.54499	0.60175	0.65425	0.58064	0.5870300000000001	0.6279400000000001	0.62929	0.66216	0.64655
2.384615384615385	0.37871	0.39601	0.408	0.40925	0.39981	0.42344	0.54328	0.59971	0.65529	0.5821499999999999	0.58584	0.62799	0.63003	0.66165	0.64589
2.380038387715931	0.38119	0.39659	0.41073	0.40977	0.40065	0.42401	0.54284	0.60034	0.65783	0.58279	0.58885	0.63117	0.63235	0.66644	0.64803
2.375478927203065	0.37836	0.39691	0.40863	0.40986	0.40042	0.42173	0.54211	0.59901	0.65713	0.58391	0.58865	0.63195	0.63347	0.66623	0.64935
2.370936902485659	0.3793	0.39705	0.40925	0.40932	0.40002	0.4242	0.54062	0.59785	0.6585	0.58496	0.5902500000000001	0.63195	0.63471	0.6682	0.6508
2.366412213740458	0.3791	0.39656	0.40903	0.40784	0.4005	0.42243	0.54105	0.59674	0.65761	0.58379	0.59118	0.63441	0.63468	0.66762	0.65355
2.361904761904762	0.37778	0.39625	0.40748	0.40739	0.39875	0.42023	0.53816	0.5944	0.65723	0.58327	0.59012	0.63267	0.63343	0.669	0.65274
2.357414448669202	0.37712	0.39589	0.40687	0.40741	0.39811	0.41995	0.5355	0.59239	0.65777	0.58234	0.5899799999999999	0.63251	0.63458	0.6671	0.65271
2.352941176470588	0.37764	0.39707	0.40617	0.40825	0.39899	0.41935	0.53376	0.59177	0.65437	0.581	0.59097	0.63164	0.63443	0.66926	0.6536
2.348484848484849	0.37746	0.39528	0.40634	0.40701	0.39712	0.41903	0.53279	0.58992	0.65628	0.58238	0.58931	0.63169	0.63537	0.66756	0.65219
2.344045368620038	0.37686	0.39414	0.40611	0.40764	0.39709	0.41674	0.531	0.58833	0.6566	0.58111	0.59149	0.63097	0.6346000000000001	0.66814	0.65352
2.339622641509434	0.37506	0.39311	0.40401	0.40529	0.39499	0.41494	0.52683	0.58541	0.65502	0.57842	0.58874	0.63204	0.63431	0.66716	0.65258
2.335216572504708	0.3753	0.39464	0.4056	0.40622	0.39662	0.41527	0.52638	0.5829299999999999	0.65432	0.5794	0.58733	0.63275	0.63345	0.66831	0.65298
2.330827067669173	0.37528	0.39309	0.40361	0.40557	0.39484	0.41421	0.52432	0.58092	0.65257	0.5784	0.58787	0.62905	0.6343800000000001	0.66803	0.65171
2.326454033771107	0.37358	0.39308	0.40292	0.4031	0.39361	0.41229	0.5219200000000001	0.57829	0.6489200000000001	0.57741	0.58989	0.63062	0.63331	0.66613	0.6523
2.322097378277153	0.37142	0.38971	0.40329	0.40214	0.39155	0.41019	0.51632	0.57521	0.64721	0.57547	0.58749	0.62947	0.63068	0.66504	0.65104
2.317757009345794	0.36988	0.38964	0.39974	0.40181	0.39067	0.40817	0.51598	0.57214	0.64885	0.57456	0.5867599999999999	0.62817	0.63282	0.66508	0.65206
2.313432835820895	0.37014	0.38975	0.40133	0.39975	0.3906	0.40618	0.51229	0.56834	0.64729	0.57426	0.58625	0.62718	0.63328	0.66555	0.65354
2.309124767225326	0.3693	0.38791	0.40009	0.39945	0.38836	0.40511	0.50869	0.56568	0.6458199999999999	0.57377	0.58548	0.62803	0.63191	0.6657	0.65154
2.304832713754647	0.36654	0.38635	0.39692	0.39828	0.38761	0.40268	0.5059	0.56193	0.64454	0.5703	0.58438	0.6248899999999999	0.63109	0.66742	0.65258
2.300556586270872	0.36375	0.3849	0.39581	0.39627	0.38432	0.40009	0.50046	0.55774	0.64344	0.56977	0.58295	0.62522	0.63013	0.66759	0.6540899999999999
2.296296296296296	0.36202	0.38331	0.39357	0.39331	0.3821	0.39811	0.49776	0.55413	0.64128	0.5680500000000001	0.58275	0.62313	0.63076	0.66801	0.65445
2.292051756007394	0.36034	0.38107	0.39275	0.39143	0.38161	0.39497	0.4936	0.5502899999999999	0.64059	0.56734	0.5821	0.62323	0.63052	0.6666299999999999	0.65386
2.287822878228782	0.35851	0.3788	0.38995	0.38838	0.37949	0.3914	0.48838	0.54548	0.63987	0.56526	0.58036	0.62349	0.63198	0.66853	0.65464
2.283609576427256	0.3565	0.37601	0.38566	0.38562	0.37678	0.3876	0.48328	0.54095	0.63818	0.56415	0.57995	0.62418	0.63196	0.66756	0.65527
2.279411764705882	0.35398	0.37466	0.38492	0.38439	0.37486	0.38658	0.48058	0.5360200000000001	0.63733	0.5622200000000001	0.58006	0.62439	0.63402	0.66957	0.65817
2.275229357798165	0.34978	0.37149	0.38196	0.38123	0.37208	0.38205	0.47501	0.53074	0.6364	0.56115	0.58008	0.62249	0.6319	0.66979	0.65728
2.271062271062271	0.34646	0.3683	0.37806	0.37757	0.36915	0.37925	0.46819	0.52632	0.63427	0.55908	0.57663	0.62221	0.63257	0.67322	0.66125
2.26691042047532	0.34243	0.36498	0.37586	0.3741	0.36639	0.37561	0.46292	0.5190399999999999	0.63443	0.55865	0.57752	0.62237	0.63349	0.67327	0.66179
2.262773722627737	0.34091	0.36191	0.37188	0.37221	0.36234	0.37113	0.45875	0.51384	0.63303	0.55745	0.57823	0.62319	0.635	0.674	0.662
2.258652094717668	0.33541	0.35826	0.36908	0.36794	0.35749	0.36633	0.45335	0.50958	0.63019	0.5543	0.57495	0.6218	0.63498	0.67408	0.66323
2.254545454545454	0.33104	0.35267	0.36273	0.36257	0.35385	0.36229	0.44438	0.50117	0.62773	0.55182	0.57439	0.6214	0.63219	0.67502	0.66343
2.250453720508167	0.32746	0.34942	0.35964	0.35846	0.34923	0.35607	0.43907	0.49588	0.62587	0.55001	0.57056	0.62174	0.6326000000000001	0.6762	0.66284
2.246376811594203	0.31993	0.34336	0.35488	0.35311	0.34572	0.35268	0.42983	0.48788	0.6233	0.54713	0.5687	0.6201	0.63224	0.67321	0.6648500000000001
2.242314647377939	0.31684	0.33887	0.3493	0.34875	0.34113	0.34615	0.42429	0.48115	0.62116	0.5441	0.56732	0.61825	0.6317199999999999	0.67382	0.66453
2.23826714801444	0.31198	0.33549	0.34619	0.34482	0.33656	0.34109	0.41657	0.47351	0.61952	0.54187	0.56515	0.61624	0.63154	0.67449	0.66184
2.234234234234234	0.30727	0.33015	0.34045	0.33904	0.33208	0.33574	0.40955	0.46729	0.61526	0.53773	0.56402	0.61467	0.6289400000000001	0.67203	0.66306
2.230215827338129	0.30141	0.32498	0.3349	0.33319	0.3267	0.33095	0.40136	0.4585	0.61313	0.5352	0.56086	0.61154	0.62814	0.67137	0.66113
2.2262118491921	0.29596	0.31855	0.32902	0.32776	0.32152	0.32394	0.39439	0.45085	0.60936	0.53028	0.55691	0.6097	0.6257	0.66955	0.65935
2.222222222222222	0.29024	0.31433	0.32429	0.32311	0.31658	0.31944	0.38684	0.44292	0.60456	0.52584	0.55348	0.60476	0.62361	0.6666299999999999	0.6583
2.21824686940966	0.28579	0.30716	0.31752	0.31639	0.31162	0.31307	0.37828	0.43434	0.59833	0.52247	0.55172	0.60202	0.6223	0.66225	0.65729
2.214285714285714	0.27941	0.30306	0.31231	0.31123	0.30634	0.30713	0.37048	0.42649	0.5946	0.51859	0.54671	0.59778	0.61546	0.66117	0.65446
2.210338680926916	0.27432	0.29583	0.30629	0.30582	0.30029	0.30165	0.36174	0.41811	0.58996	0.51242	0.54226	0.5946	0.61339	0.6556999999999999	0.65119
2.206405693950178	0.26896	0.29115	0.30125	0.29968	0.29429	0.29524	0.35594	0.41017	0.58438	0.50725	0.53734	0.58956	0.61011	0.65161	0.6474299999999999
2.202486678507993	0.26335	0.28536	0.29397	0.29385	0.28868	0.29004	0.34552	0.40155	0.57748	0.50159	0.53265	0.58383	0.60275	0.64664	0.64255
2.198581560283688	0.2569	0.27894	0.28883	0.28827	0.28445	0.28346	0.33775	0.39233	0.57093	0.49542	0.52706	0.5781500000000001	0.59921	0.642	0.63606
2.194690265486726	0.25059	0.27293	0.2828	0.28234	0.2776	0.27707	0.32997	0.3847	0.56418	0.48954	0.52117	0.57292	0.59292	0.63678	0.63336
2.190812720848057	0.24318	0.26573	0.27558	0.27446	0.2714	0.27033	0.31985	0.3742	0.5578	0.48263	0.51601	0.56568	0.58599	0.62834	0.62582
2.18694885361552	0.23927	0.26208	0.27123	0.26983	0.26595	0.26615	0.31393	0.36646	0.55011	0.47692	0.51225	0.5603	0.58203	0.62256	0.6188900000000001
2.183098591549296	0.23177	0.25329	0.26394	0.26306	0.25994	0.25923	0.30321	0.35585	0.541	0.46864	0.5028899999999999	0.55359	0.57382	0.61436	0.6130100000000001
2.179261862917399	0.22617	0.24692	0.25743	0.25721	0.25535	0.25276	0.29665	0.34741	0.53376	0.46248	0.49741	0.54695	0.56775	0.60849	0.60541
2.175438596491228	0.21924	0.24059	0.25141	0.25019	0.24779	0.2456	0.28857	0.3377	0.52525	0.45499	0.49056	0.53866	0.5595	0.59868	0.59822
2.171628721541156	0.21405	0.23425	0.24437	0.2432	0.24041	0.24021	0.27853	0.32916	0.516	0.44746	0.48274	0.53203	0.5508999999999999	0.5904700000000001	0.59158
2.167832167832168	0.2072	0.22744	0.23747	0.23675	0.23548	0.23365	0.27294	0.32112	0.50868	0.43972	0.47649	0.52247	0.54383	0.58402	0.58261
2.164048865619546	0.20049	0.22211	0.22996	0.23239	0.22974	0.2286	0.26439	0.31133	0.50084	0.4326	0.46842	0.51498	0.53522	0.57357	0.57534
2.160278745644599	0.19533	0.21532	0.22422	0.22344	0.22436	0.22157	0.25606	0.30336	0.49191	0.42398	0.46164	0.50647	0.52771	0.56489	0.56837
2.156521739130435	0.18789	0.20889	0.21801	0.21853	0.21694	0.21537	0.24893	0.29564	0.48238	0.41773	0.45593	0.50017	0.51881	0.55955	0.56002
2.152777777777778	0.1834	0.20358	0.21246	0.21239	0.21108	0.20973	0.24209	0.28685	0.47483	0.41161	0.44819	0.49311	0.51233	0.54938	0.5533400000000001
2.149046793760832	0.17789	0.19743	0.20533	0.20647	0.206	0.20499	0.23556	0.27872	0.46545	0.40377	0.442	0.48548	0.50471	0.54316	0.54587
2.145328719723183	0.17241	0.19134	0.2016	0.20059	0.19986	0.20048	0.22832	0.2731	0.45987	0.39777	0.43494	0.47842	0.4996	0.53501	0.53585
2.141623488773748	0.16712	0.18597	0.19509	0.19541	0.19509	0.19443	0.22268	0.26518	0.45109	0.39103	0.42979	0.47223	0.49113	0.52791	0.53007
2.137931034482758	0.16044	0.17888	0.1893	0.18904	0.18927	0.18983	0.21646	0.25734	0.44449	0.38509	0.42367	0.4654	0.48666	0.5226	0.52404
2.134251290877797	0.15713	0.17515	0.18426	0.18481	0.18605	0.1845	0.21131	0.25362	0.43869	0.37941	0.41986	0.45998	0.48042	0.51478	0.51688
2.130584192439863	0.1522	0.17006	0.17935	0.17989	0.18067	0.18089	0.20575	0.24705	0.43191	0.37474	0.41318	0.45446	0.47562	0.51014	0.51184
2.126929674099486	0.1467	0.1642	0.17299	0.17415	0.17503	0.17483	0.19978	0.24078	0.42481	0.3696	0.40683	0.44871	0.46998	0.50373	0.50508
2.123287671232877	0.14253	0.16066	0.16954	0.17062	0.17108	0.17222	0.19631	0.23695	0.42061	0.36476	0.40415	0.44435	0.46681	0.5001100000000001	0.49979
2.11965811965812	0.13831	0.15679	0.16463	0.16552	0.16673	0.16702	0.19226	0.23223	0.41624	0.3612	0.40085	0.43995	0.46095	0.49551	0.49752
2.116040955631399	0.13368	0.15207	0.15972	0.16083	0.16288	0.16386	0.18677	0.22618	0.41171	0.3562	0.39689	0.43576	0.45715	0.49117	0.48883
2.112436115843271	0.12942	0.14677	0.15451	0.1572	0.15821	0.15797	0.18215	0.22197	0.40664	0.35271	0.39298	0.43108	0.45385	0.48734	0.48845
2.108843537414966	0.12619	0.14261	0.15203	0.15393	0.1554	0.15759	0.17964	0.21898	0.40426	0.35104	0.39069	0.42938	0.45147	0.48706	0.48567
2.105263157894737	0.12288	0.14016	0.14907	0.14978	0.15233	0.15389	0.17687	0.21577	0.40032	0.34846	0.38801	0.42727	0.44942	0.48325	0.48364
2.101694915254237	0.1186	0.1347	0.14412	0.14603	0.14833	0.14985	0.17278	0.21116	0.39847	0.3454	0.38455	0.42403	0.44521	0.48185	0.47978
2.098138747884941	0.11451	0.13107	0.14137	0.14287	0.14407	0.14604	0.17011	0.20808	0.39508	0.34191	0.38273	0.42073	0.44456	0.47799	0.47623
2.094594594594595	0.11195	0.12859	0.13787	0.14012	0.1423	0.14528	0.16774	0.20603	0.39412	0.34155	0.38064	0.42017	0.44348	0.47921	0.47538
2.09106239460371	0.10826	0.12454	0.1341	0.13669	0.13843	0.13907	0.1642	0.20241	0.3911	0.33834	0.3782	0.41701	0.44103	0.47633	0.47667
2.087542087542087	0.10263	0.12021	0.12934	0.13156	0.13518	0.13541	0.16079	0.19833	0.38838	0.33617	0.37473	0.41618	0.43791	0.47391	0.47356
2.084033613445378	0.1021	0.12008	0.12887	0.13097	0.13398	0.13669	0.16102	0.19824	0.38858	0.33543	0.37607	0.41529	0.43934	0.47653	0.47203
2.080536912751678	0.09938	0.11602	0.12441	0.12816	0.13113	0.13232	0.15736	0.19539	0.38728	0.33401	0.37326	0.4134	0.43849	0.47463	0.47302
2.077051926298157	0.09635000000000001	0.11451	0.12256	0.12534	0.12911	0.13054	0.15531	0.19425	0.38495	0.33262	0.37382	0.41301	0.43847	0.47473	0.47105
2.073578595317726	0.09461	0.11174	0.12086	0.12331	0.12833	0.13006	0.15431	0.19313	0.38451	0.33297	0.37246	0.41255	0.43805	0.47446	0.47076
2.070116861435726	0.09261	0.1111	0.11874	0.12255	0.12574	0.12777	0.15282	0.19197	0.38427	0.3314	0.37174	0.41155	0.43716	0.47431	0.46905
2.066666666666667	0.09032999999999999	0.10734	0.1169	0.11945	0.12301	0.12618	0.15159	0.19071	0.38311	0.33128	0.36983	0.41044	0.4358	0.47299	0.46977
2.063227953410982	0.0883	0.10414	0.11463	0.11809	0.12242	0.12275	0.1509	0.18832	0.38238	0.32934	0.36795	0.40842	0.4351	0.4733	0.46911
2.059800664451827	0.08595	0.10388	0.11318	0.11654	0.11938	0.12263	0.14914	0.18567	0.37894	0.32785	0.3666	0.40641	0.43473	0.47148	0.46612
2.056384742951907	0.08527	0.10394	0.1114	0.11493	0.11918	0.12211	0.14829	0.18629	0.37975	0.32741	0.36615	0.40575	0.43437	0.47078	0.46645
2.052980132450331	0.08257	0.09891	0.10786	0.11166	0.11589	0.11884	0.14534	0.18241	0.37549	0.32468	0.36343	0.40261	0.43086	0.46716	0.46438
2.049586776859504	0.07911	0.09556000000000001	0.10482	0.10889	0.11206	0.114	0.142	0.17957	0.37001	0.32077	0.35739	0.39748	0.42672	0.46261	0.46236
2.046204620462046	0.07908999999999999	0.09626	0.10572	0.11017	0.11432	0.11566	0.14224	0.17984	0.37026	0.32025	0.35797	0.39757	0.42444	0.46109	0.45647
2.042833607907743	0.07625999999999999	0.09451	0.10252	0.10671	0.11051	0.11318	0.13828	0.17626	0.36436	0.31449	0.35325	0.39161	0.41991	0.45597	0.45342
2.039473684210526	0.07628	0.09297999999999999	0.10221	0.10512	0.10906	0.11266	0.13809	0.17491	0.36125	0.31251	0.35102	0.38894	0.4167	0.45204	0.44929
2.036124794745485	0.07503	0.09125	0.10001	0.10478	0.10929	0.11152	0.13803	0.1727	0.35729	0.30967	0.34679	0.38469	0.41305	0.44701	0.44512
2.032786885245902	0.07321	0.08953	0.09915	0.10248	0.10697	0.1099	0.13468	0.16981	0.35094	0.30428	0.34131	0.37921	0.40539	0.43886	0.43979
2.029459901800327	0.07049	0.08729000000000001	0.09686	0.10009	0.10444	0.10648	0.13246	0.16633	0.34437	0.2996	0.33487	0.36916	0.39865	0.43077	0.43295
2.026143790849673	0.07138	0.08859	0.0974	0.10114	0.10451	0.10714	0.13175	0.16681	0.34058	0.29732	0.33186	0.36658	0.3942	0.42511	0.42516
2.022838499184339	0.06962	0.08575000000000001	0.09420000000000001	0.09666	0.10268	0.1055	0.12998	0.1615	0.33343	0.28984	0.32652	0.35846	0.38455	0.41552	0.41753
2.019543973941368	0.06776	0.08457000000000001	0.09248000000000001	0.09501999999999999	0.10051	0.10391	0.12833	0.15868	0.32485	0.28476	0.31896	0.35126	0.37567	0.40751	0.40755
2.016260162601626	0.06664	0.08308	0.09105000000000001	0.09394	0.09897	0.10099	0.12573	0.15592	0.31722	0.27825	0.31214	0.34267	0.36814	0.39807	0.39959
2.012987012987013	0.06682	0.08248	0.09056	0.09419	0.09772	0.10038	0.12251	0.15202	0.30887	0.27408	0.30494	0.33393	0.35871	0.38721	0.39006
2.009724473257699	0.06494	0.08036	0.08984	0.09186999999999999	0.09647	0.09834	0.12033	0.14958	0.29943	0.2658	0.29828	0.32564	0.35068	0.37527	0.37817
2.006472491909385	0.06448	0.07829999999999999	0.08603	0.09030000000000001	0.09419	0.09719999999999999	0.11849	0.1457	0.2905	0.25863	0.29142	0.31501	0.33972	0.36513	0.36828
2.003231017770598	0.06367	0.07826	0.08602	0.09001000000000001	0.09389	0.09556000000000001	0.11614	0.14264	0.28274	0.25215	0.28342	0.30642	0.3307	0.35342	0.35796
2	0.06212	0.07656	0.08406	0.08629000000000001	0.09123000000000001	0.09289	0.11338	0.13794	0.27121	0.24477	0.27448	0.29666	0.31933	0.34148	0.34487
1.996779388083736	0.06034	0.07480000000000001	0.08165	0.08352999999999999	0.08712	0.08996	0.10965	0.13402	0.26179	0.23558	0.26714	0.288	0.30903	0.32833	0.33382
1.993569131832797	0.06171	0.07481	0.08241999999999999	0.08419	0.08901000000000001	0.09035	0.10965	0.13124	0.25415	0.23205	0.26119	0.27884	0.29995	0.3186	0.32142
1.990369181380417	0.06118	0.07302	0.08071	0.08233	0.08701	0.08735	0.10719	0.12837	0.24538	0.22523	0.25351	0.26993	0.28937	0.30627	0.31276
1.987179487179487	0.0595	0.07149999999999999	0.07982	0.07976	0.08513	0.08695	0.10346	0.12395	0.23512	0.21553	0.24476	0.25926	0.27832	0.29294	0.29947
1.984	0.05974	0.07049999999999999	0.07882	0.07847999999999999	0.08372	0.08520999999999999	0.10206	0.12023	0.22414	0.20918	0.23547	0.24892	0.26854	0.2817	0.28601
1.980830670926518	0.05904	0.07047	0.07674	0.07872	0.08112	0.08358	0.0984	0.117	0.21538	0.20201	0.22877	0.24015	0.25683	0.26956	0.2745
1.977671451355662	0.05908	0.06984	0.0765	0.07790999999999999	0.08154	0.08473	0.09868	0.11323	0.20688	0.19584	0.22154	0.23194	0.24813	0.25968	0.26435
1.974522292993631	0.0585	0.06938	0.07521	0.07674	0.07895000000000001	0.08230999999999999	0.09513000000000001	0.11102	0.19884	0.18949	0.21473	0.22377	0.2389	0.2486	0.25396
1.971383147853736	0.05563	0.06619999999999999	0.07260999999999999	0.07431	0.07756	0.08037999999999999	0.09268999999999999	0.10654	0.18807	0.18305	0.20598	0.2141	0.22878	0.23765	0.24454
1.968253968253968	0.05733	0.06682	0.07241	0.07363	0.07665	0.07887	0.09142	0.10441	0.18195	0.17691	0.20025	0.20588	0.22116	0.22852	0.23275
1.96513470681458	0.05582	0.06521	0.07166	0.07251000000000001	0.07518	0.07788	0.08799	0.10221	0.17345	0.17049	0.1943	0.19812	0.21235	0.21798	0.22306
1.962025316455696	0.05441	0.06458999999999999	0.07023	0.07061000000000001	0.07413	0.07588	0.08681	0.09744999999999999	0.16485	0.16363	0.18668	0.18933	0.20369	0.20929	0.21325
1.958925750394945	0.0544	0.0625	0.06815	0.06759999999999999	0.07185999999999999	0.07407999999999999	0.08437	0.09524000000000001	0.15913	0.15811	0.17985	0.18343	0.19683	0.20042	0.20596
1.95583596214511	0.05413	0.06216	0.06738	0.06744	0.07146	0.07377	0.08266999999999999	0.09235	0.15219	0.15297	0.1744	0.17638	0.18815	0.19146	0.19619
1.952755905511811	0.05361	0.06194	0.0669	0.06695	0.07022	0.07227	0.08094999999999999	0.09215	0.14604	0.14889	0.16997	0.1701	0.18271	0.18447	0.18844
1.949685534591195	0.05416	0.05983	0.06473	0.06584	0.06865	0.07140000000000001	0.07994	0.08741	0.13885	0.14214	0.16219	0.16182	0.17436	0.1762	0.18181
1.946624803767661	0.05415	0.06	0.06517000000000001	0.06438000000000001	0.06771000000000001	0.07112	0.07739	0.08578	0.13338	0.1399	0.15914	0.15597	0.16836	0.17157	0.17528
1.943573667711599	0.0525	0.05975	0.06499000000000001	0.065	0.0672	0.06865	0.07784000000000001	0.08459	0.12871	0.13411	0.15355	0.15174	0.16344	0.16406	0.16703
1.940532081377152	0.05217	0.05922	0.06387	0.06297	0.06541	0.06848	0.07542	0.08065	0.12406	0.12969	0.14852	0.14675	0.15692	0.15768	0.16041
1.9375	0.0526	0.05834	0.06369	0.0622	0.06536	0.06662999999999999	0.07495	0.08076	0.11884	0.12702	0.14362	0.14181	0.15282	0.15237	0.15638
1.934477379095164	0.05095	0.05749	0.06308999999999999	0.06156	0.06435	0.06498	0.07317	0.07862	0.11535	0.12315	0.13939	0.13754	0.14716	0.14607	0.14839
1.931464174454829	0.05184	0.05638	0.0604	0.06004	0.06332	0.06437	0.07133	0.07714	0.11102	0.12007	0.1363	0.13175	0.14156	0.14132	0.14327
1.92846034214619	0.04934	0.05397	0.06047	0.05751	0.0619	0.06329	0.06962	0.07402	0.10526	0.11577	0.13026	0.12701	0.13691	0.13529	0.1404
1.925465838509317	0.04873	0.05519	0.05964	0.05797	0.06196	0.06239	0.06949	0.07378999999999999	0.10332	0.11272	0.12861	0.12313	0.13387	0.13252	0.13505
1.922480620155039	0.04956	0.05406	0.05895	0.05648	0.06052	0.06289	0.06848	0.07244	0.099	0.11102	0.12414	0.11933	0.12857	0.12749	0.13119
1.919504643962848	0.04973	0.05598	0.06042	0.05859	0.06186	0.06342	0.06802	0.07214	0.09743	0.10802	0.12475	0.11844	0.12877	0.12694	0.12741
1.916537867078825	0.04951	0.05352	0.05915	0.05856	0.06076	0.06328	0.06762	0.0711	0.09563000000000001	0.10487	0.12055	0.11422	0.12509	0.12276	0.12388
1.91358024691358	0.04955	0.05434	0.05824	0.05683	0.05972	0.06125	0.06571	0.06949	0.09257	0.10346	0.11647	0.11227	0.12087	0.11977	0.12001
1.910631741140216	0.04965	0.05405	0.05826	0.05639	0.05918	0.06131	0.06741999999999999	0.06995999999999999	0.09167	0.10073	0.11476	0.10955	0.11817	0.11737	0.11726
1.907692307692308	0.04703	0.05096	0.05573	0.05488	0.05724	0.05893	0.06525	0.06571	0.08701	0.0975	0.11087	0.10554	0.11365	0.11354	0.11377
1.904761904761905	0.049	0.05223	0.05712	0.05456	0.0576	0.05933	0.06493	0.06621	0.08481	0.09606000000000001	0.10961	0.10465	0.11334	0.11149	0.11194
1.901840490797546	0.04729	0.05227	0.05521	0.055	0.05702	0.05856	0.06370000000000001	0.06669	0.08555	0.09505	0.10606	0.10223	0.11026	0.10861	0.10968
1.898928024502297	0.04718	0.05138	0.05533	0.0542	0.05707	0.05829	0.06339	0.06501	0.08202	0.09389	0.10574	0.10054	0.10859	0.10731	0.10873
1.896024464831804	0.0467	0.05081	0.05475	0.05189	0.05591	0.05794	0.06211	0.06476	0.0806	0.09207	0.10299	0.09709	0.1051	0.10539	0.1059
1.893129770992366	0.04778	0.05056	0.05494	0.05306	0.05598	0.05751	0.06303	0.06532	0.0799	0.09064999999999999	0.10153	0.09696	0.10522	0.10381	0.10391
1.890243902439024	0.04746	0.04991	0.0534	0.05192	0.05441	0.05677	0.0614	0.06236	0.07722999999999999	0.08838	0.09995	0.09401	0.10163	0.10181	0.10153
1.887366818873668	0.04641	0.04859	0.05364	0.05101	0.05358	0.05576	0.0612	0.06221	0.07783	0.08658	0.09716	0.09275	0.10026	0.09964000000000001	0.10007
1.884498480243161	0.04633	0.04803	0.05405	0.05157	0.05449	0.05446	0.06122	0.06241	0.07597	0.08586000000000001	0.09676999999999999	0.09301	0.09999	0.10002	0.0988
1.881638846737481	0.04638	0.04845	0.05315	0.05047	0.0531	0.05546	0.06032	0.06194	0.07485	0.08542	0.09421	0.09063	0.09715	0.09705999999999999	0.09815
1.878787878787879	0.0468	0.05026	0.05354	0.04988	0.0528	0.05648	0.06145	0.06154	0.07382	0.08439000000000001	0.09432	0.09028	0.09739	0.09576	0.09463000000000001
1.875945537065053	0.04509	0.04861	0.05173	0.05154	0.05237	0.05373	0.06015	0.06165	0.07192999999999999	0.08399	0.09247	0.08864	0.09482	0.09425	0.09514
1.873111782477341	0.04566	0.04726	0.05134	0.04814	0.05172	0.05416	0.05871	0.0603	0.07208000000000001	0.08147	0.09135	0.08598	0.09344	0.09407	0.09257
1.870286576168929	0.04388	0.04647	0.04952	0.04812	0.05085	0.05364	0.0582	0.05954	0.07042	0.0798	0.08890000000000001	0.08513	0.09182	0.09093999999999999	0.09399
1.867469879518072	0.04424	0.04668	0.05101	0.04917	0.05098	0.05315	0.05789	0.05911	0.07042	0.07940999999999999	0.08891	0.08408	0.09195	0.08982999999999999	0.09013
1.864661654135338	0.04632	0.04623	0.05101	0.0486	0.05193	0.05443	0.05709	0.06087	0.07051	0.07983	0.08853	0.08554	0.09146	0.09197	0.09099
1.861861861861862	0.04441	0.04654	0.05168	0.04803	0.05126	0.05256	0.05787	0.05866	0.06866	0.07826	0.08759	0.0834	0.08895	0.08978999999999999	0.089
1.859070464767616	0.04196	0.04495	0.04859	0.04805	0.04822	0.05151	0.05566	0.05744	0.06869	0.07634000000000001	0.08422	0.07947	0.08733	0.08759	0.08705
1.856287425149701	0.04308	0.04585	0.0494	0.04836	0.05079	0.05193	0.05752	0.05877	0.06713	0.07775	0.08484999999999999	0.08185000000000001	0.08785999999999999	0.08895	0.08846
1.853512705530643	0.04261	0.04446	0.04799	0.0466	0.04969	0.05067	0.05646	0.05684	0.06783	0.07435	0.08329	0.08025	0.08554	0.08658	0.08561000000000001
1.850746268656716	0.04111	0.04438	0.05005	0.04572	0.04923	0.05033	0.05569	0.05805	0.06597	0.07392	0.08230999999999999	0.07901	0.08655	0.08451	0.08505
1.847988077496274	0.04303	0.04338	0.04886	0.04591	0.0484	0.05162	0.05566	0.05754	0.06623	0.07463	0.08263	0.07864	0.08427	0.08507000000000001	0.08405
1.845238095238095	0.04346	0.0452	0.04949	0.04667	0.04983	0.05094	0.05716	0.05769	0.06577	0.07531	0.08301	0.07982	0.08689	0.08464000000000001	0.08264000000000001
1.842496285289747	0.04272	0.04599	0.04956	0.04791	0.05029	0.04978	0.05672	0.05822	0.06566	0.07474	0.08247	0.07746	0.0861	0.08524	0.08323
1.839762611275964	0.0425	0.04455	0.04894	0.04544	0.04957	0.05133	0.05668	0.05858	0.06569999999999999	0.07419000000000001	0.08143	0.07801	0.08407000000000001	0.08409999999999999	0.08076999999999999
1.837037037037037	0.04077	0.04186	0.04675	0.0436	0.04753	0.04869	0.05533	0.05558	0.06364	0.07176	0.07958	0.07577	0.08247	0.08236	0.08177
1.834319526627219	0.04054	0.04243	0.0451	0.04353	0.04554	0.04728	0.05232	0.05488	0.06322999999999999	0.07072000000000001	0.07820000000000001	0.07411	0.08051	0.08044	0.08167000000000001
1.831610044313146	0.03995	0.04185	0.04661	0.04343	0.04591	0.0468	0.05279	0.05547	0.06338000000000001	0.07069	0.07772	0.07462000000000001	0.07958999999999999	0.0794	0.07922
1.828908554572271	0.04218	0.04363	0.04755	0.04545	0.04847	0.04981	0.05597	0.05699	0.06423	0.07164	0.07993	0.07625	0.08155999999999999	0.08203000000000001	0.07901
1.826215022091311	0.04326	0.04516	0.04747	0.04602	0.04783	0.04876	0.05594	0.05623	0.06469999999999999	0.07214	0.0785	0.0751	0.08158	0.08132	0.07914
1.823529411764706	0.04192	0.04385	0.0477	0.0445	0.04884	0.04838	0.05602	0.05654	0.06424000000000001	0.07145	0.07691000000000001	0.07500999999999999	0.07979	0.08081000000000001	0.07936
1.820851688693098	0.04012	0.0423	0.04625	0.04313	0.0461	0.04739	0.05167	0.05332	0.06224	0.06911	0.07695	0.07097000000000001	0.07829999999999999	0.07896	0.07889
1.818181818181818	0.04036	0.04244	0.04523	0.04248	0.04683	0.04768	0.05494	0.05463	0.06393	0.07086000000000001	0.07704	0.07298	0.0785	0.07883999999999999	0.07972
1.815519765739385	0.0397	0.04111	0.04531	0.04233	0.04548	0.0479	0.05237	0.05444	0.06137	0.06932000000000001	0.07578	0.07174	0.0785	0.07969	0.07809000000000001
1.812865497076023	0.04013	0.0406	0.04566	0.04333	0.0461	0.04759	0.05335	0.05609	0.06289	0.06841999999999999	0.07628	0.07325	0.07717	0.07844	0.07563
1.81021897810219	0.04057	0.04014	0.04557	0.0421	0.04502	0.04573	0.0521	0.05401	0.06106	0.06758	0.07376000000000001	0.07178	0.07649	0.07732	0.07722999999999999
1.807580174927114	0.03993	0.04116	0.04515	0.04421	0.04578	0.04818	0.05397	0.05723	0.06353	0.0672	0.07518	0.07099	0.08014	0.07920000000000001	0.07696
1.804949053857351	0.03719	0.03871	0.04346	0.04196	0.043	0.04614	0.0507	0.05335	0.06073	0.06549000000000001	0.07267	0.07022	0.07443	0.07593	0.0755
1.802325581395349	0.03985	0.04122	0.0437	0.04251	0.04457	0.04513	0.05294	0.0549	0.06293	0.06725	0.07264	0.07092	0.07673000000000001	0.07457	0.0741
1.799709724238026	0.03938	0.04122	0.04381	0.04366	0.04465	0.04701	0.05225	0.05368	0.06275	0.06815	0.07475	0.07222000000000001	0.07678	0.07575	0.07441
1.797101449275362	0.0393	0.04022	0.04477	0.04176	0.04492	0.04641	0.05343	0.05458	0.05998	0.06533	0.07167	0.06906	0.07578	0.07674	0.0735
1.794500723589001	0.03761	0.03914	0.0431	0.04126	0.04337	0.04533	0.05324	0.05338	0.0612	0.06629	0.07163	0.06979	0.07417	0.07663	0.07516
1.791907514450867	0.03675	0.03913	0.04193	0.04094	0.04347	0.04361	0.05028	0.05374	0.05996	0.0649	0.07072000000000001	0.06809	0.0738	0.07466	0.0755
1.789321789321789	0.0365	0.03989	0.0431	0.04112	0.04245	0.04408	0.0496	0.05302	0.05891	0.06435	0.0694	0.06755	0.07395	0.07542	0.07368
1.786743515850144	0.03869	0.04077	0.04288	0.04269	0.04343	0.04622	0.0528	0.05407	0.05967	0.06542000000000001	0.0696	0.0679	0.07191	0.07532	0.07259
1.784172661870504	0.0375	0.03842	0.04142	0.04116	0.0425	0.04447	0.05107	0.05257	0.05838	0.06379	0.06925000000000001	0.06806	0.07269	0.07351000000000001	0.07216
1.781609195402299	0.0389	0.03937	0.0424	0.04116	0.04272	0.04371	0.05234	0.05283	0.05876	0.06363000000000001	0.06977	0.06908	0.07144	0.07245	0.07358000000000001
1.779053084648494	0.03769	0.03881	0.04201	0.04078	0.04191	0.04361	0.05097	0.05134	0.0593	0.06390999999999999	0.06824	0.06906	0.07258000000000001	0.07199999999999999	0.07205
1.776504297994269	0.03948	0.03941	0.04481	0.0414	0.0418	0.04407	0.05159	0.05429	0.06061	0.06436	0.07095	0.06937	0.07289	0.07335999999999999	0.07154000000000001
1.773962804005722	0.03729	0.03875	0.04316	0.04091	0.04203	0.04384	0.0517	0.05434	0.05938	0.06401999999999999	0.07105	0.06784999999999999	0.07282	0.07334	0.07047
1.771428571428571	0.03887	0.03722	0.04271	0.04206	0.04286	0.04397	0.05052	0.05259	0.06095	0.06467000000000001	0.06892	0.06604	0.07344000000000001	0.07296	0.07326000000000001
1.768901569186876	0.03555	0.03617	0.04113	0.03859	0.0395	0.04153	0.04883	0.05103	0.05856	0.06026	0.06660000000000001	0.06518	0.06972	0.07008	0.0717
1.766381766381766	0.03552	0.03747	0.04108	0.03935	0.04067	0.04376	0.05032	0.05105	0.05906	0.06294	0.06829	0.06522	0.06933	0.07226	0.07296999999999999
1.763869132290185	0.03658	0.03756	0.04249	0.03786	0.04246	0.04326	0.05068	0.05108	0.05776	0.06103	0.06794	0.0664	0.06972	0.07181	0.06985
1.761363636363636	0.03634	0.03758	0.0408	0.03975	0.04102	0.04239	0.05067	0.0527	0.05821	0.06353	0.06917	0.06414	0.07119	0.07167	0.06992
1.75886524822695	0.03583	0.03632	0.04044	0.03845	0.0386	0.04288	0.04825	0.05198	0.05749	0.06169	0.06525	0.06394	0.07003	0.06983	0.07074
1.756373937677054	0.03627	0.03713	0.03997	0.0406	0.03974	0.04267	0.04884	0.05298	0.05729	0.06206	0.06444999999999999	0.06415	0.06976	0.06916	0.06822
1.753889674681754	0.03544	0.03695	0.04144	0.03972	0.04015	0.04249	0.04896	0.05117	0.05825	0.06132	0.06688	0.06324	0.06966	0.06909999999999999	0.07065
1.751412429378531	0.03684	0.03816	0.03893	0.03709	0.03975	0.04367	0.05028	0.04989	0.05761	0.06012	0.06584	0.06483999999999999	0.06983	0.06995	0.06771000000000001
1.748942172073343	0.03822	0.03828	0.04191	0.03923	0.04054	0.04348	0.05089	0.05113	0.05747	0.06365999999999999	0.0667	0.06626	0.06945999999999999	0.07031999999999999	0.06850000000000001
1.746478873239437	0.03529	0.0374	0.03964	0.03874	0.0384	0.04104	0.04886	0.05077	0.05637	0.05954	0.06315999999999999	0.06315999999999999	0.06580999999999999	0.06895	0.06789000000000001
1.744022503516174	0.03618	0.03558	0.04079	0.03866	0.03874	0.04192	0.05104	0.05002	0.05619	0.05935	0.0638	0.06382	0.06925000000000001	0.06925000000000001	0.06594999999999999
1.741573033707865	0.03731	0.03868	0.04015	0.03862	0.04052	0.04496	0.05076	0.0532	0.05902	0.0623	0.06587999999999999	0.06543	0.07088999999999999	0.07202	0.06987
1.739130434782609	0.03765	0.03796	0.03963	0.03892	0.04182	0.04219	0.05003	0.05106	0.05613	0.06028	0.06483999999999999	0.06438000000000001	0.06754	0.07051	0.06741999999999999
1.736694677871149	0.03304	0.03491	0.03907	0.03636	0.03774	0.03895	0.04711	0.05061	0.05366	0.05715	0.06339	0.06314	0.06441	0.06626	0.06821000000000001
1.734265734265734	0.03528	0.03584	0.03822	0.03734	0.03751	0.04086	0.04845	0.04838	0.05614	0.05849	0.06401	0.06176	0.06779	0.06761	0.0679
1.731843575418994	0.03391	0.03513	0.03695	0.03847	0.03748	0.03862	0.04685	0.05079	0.0542	0.05799	0.06145	0.06246	0.06453	0.06621	0.0663
1.729428172942817	0.03512	0.03715	0.04067	0.03829	0.04082	0.04298	0.05097	0.05102	0.05593	0.05896	0.06327000000000001	0.06449000000000001	0.06743	0.0679	0.06507
1.727019498607242	0.03555	0.03444	0.03927	0.03704	0.03966	0.03977	0.04849	0.05094	0.05764	0.05981	0.06421	0.06244	0.06568	0.06784999999999999	0.06716999999999999
1.72461752433936	0.03627	0.03872	0.03923	0.03819	0.04091	0.04295	0.05051	0.05223	0.05823	0.05965	0.06623	0.06447	0.06782000000000001	0.0702	0.06789000000000001
1.722222222222222	0.03299	0.0347	0.03725	0.03623	0.03731	0.03954	0.04654	0.04954	0.05292	0.05755	0.0613	0.05998	0.06645	0.06587999999999999	0.06564
1.719833564493759	0.03232	0.03366	0.03764	0.03613	0.03732	0.03803	0.04699	0.04611	0.05494	0.05663	0.05992	0.06164	0.06329	0.06635000000000001	0.06544
1.717451523545706	0.03448	0.03287	0.03617	0.03437	0.03487	0.03806	0.04638	0.04659	0.0537	0.05552	0.05815	0.06082	0.06236	0.06515	0.06487
1.715076071922545	0.03328	0.03523	0.03659	0.03341	0.03802	0.03979	0.04895	0.04962	0.05343	0.05602	0.05988	0.06162	0.06473	0.06686	0.0635
1.712707182320442	0.03548	0.03648	0.03888	0.0359	0.03937	0.0416	0.04935	0.05137	0.05934	0.05923	0.06315999999999999	0.06365	0.06683	0.06907000000000001	0.06378
1.710344827586207	0.03396	0.03598	0.03776	0.03671	0.03842	0.0391	0.04781	0.04923	0.05581	0.05793	0.06172	0.06087	0.06451999999999999	0.06736	0.06335
1.707988980716253	0.03561	0.03632	0.03954	0.0374	0.03994	0.04053	0.04742	0.05191	0.05719	0.06018	0.06301	0.06371	0.06539	0.06815	0.06346
1.705639614855571	0.03388	0.03376	0.03696	0.03647	0.03676	0.03887	0.04684	0.05091	0.05648	0.05624	0.06021	0.06182	0.0631	0.06694	0.06395000000000001
1.703296703296703	0.03293	0.03466	0.03758	0.03379	0.03734	0.03825	0.0452	0.049	0.05582	0.0573	0.05933	0.05721	0.06499000000000001	0.06646000000000001	0.06612
1.700960219478738	0.03462	0.03502	0.03914	0.03525	0.03544	0.03927	0.04667	0.04867	0.05571	0.05594	0.05981	0.06035	0.06156	0.06422	0.06436
1.698630136986301	0.03412	0.03564	0.03821	0.03854	0.03742	0.03901	0.0468	0.05115	0.0549	0.05817	0.06206	0.06131	0.06376	0.06635000000000001	0.06351999999999999
1.696306429548564	0.03264	0.03283	0.03438	0.03406	0.03339	0.03711	0.04426	0.04805	0.05282	0.05574	0.05815	0.05725	0.0622	0.06372	0.06329
1.693989071038251	0.03231	0.03319	0.03636	0.03433	0.03715	0.04032	0.04694	0.04833	0.05309	0.0558	0.05812	0.06084	0.06319	0.06272	0.06212
1.691678035470668	0.03387	0.03341	0.03776	0.0349	0.03673	0.0382	0.04609	0.04901	0.05302	0.05425	0.0597	0.05805	0.06263000000000001	0.06265	0.06202
1.689373297002725	0.03265	0.03401	0.03787	0.03492	0.03747	0.03889	0.04597	0.05011	0.05565	0.05544	0.05865	0.06002	0.06413000000000001	0.0643	0.05972
1.687074829931973	0.03407	0.03563	0.03736	0.03613	0.03541	0.03973	0.04544	0.04988	0.05318	0.05453	0.05968	0.06037	0.06435	0.06512	0.06575
1.684782608695652	0.03212	0.03213	0.03455	0.03363	0.0336	0.03642	0.04391	0.04737	0.05159	0.05296	0.05567	0.05854	0.06118	0.06321	0.06365
1.682496607869742	0.03196	0.0332	0.03572	0.03266	0.03538	0.03833	0.04711	0.04976	0.0528	0.05494	0.05922	0.0567	0.06342	0.06235	0.06174
1.680216802168022	0.03247	0.03259	0.03507	0.03145	0.03353	0.03837	0.04602	0.04643	0.05111	0.05312	0.05751	0.05753	0.0605	0.06242	0.06252000000000001
1.677943166441137	0.03206	0.0328	0.03456	0.03286	0.03357	0.03693	0.0455	0.04752	0.05377	0.05294	0.05639	0.05487	0.0594	0.06259000000000001	0.06163
1.675675675675676	0.03317	0.0341	0.03558	0.03386	0.03714	0.03663	0.04519	0.04971	0.05233	0.05526	0.05678	0.06066	0.0613	0.06289	0.06182
1.673414304993252	0.03371	0.03274	0.03612	0.0349	0.03565	0.03994	0.04447	0.04905	0.05351	0.05669	0.0586	0.05895	0.06122	0.06275	0.06225
1.671159029649596	0.03184	0.03347	0.03839	0.0327	0.03742	0.038	0.04708	0.04928	0.05267	0.05457	0.05738	0.05893	0.06148	0.06363000000000001	0.06313000000000001
1.668909825033647	0.03177	0.03385	0.03659	0.03163	0.03669	0.03738	0.04379	0.04665	0.05367	0.05263	0.06006	0.05903	0.05905	0.06404	0.06476
1.666666666666667	0.02887	0.0304	0.03542	0.03244	0.03588	0.03657	0.04459	0.04436	0.05132	0.05329	0.05657	0.05785	0.05851	0.06023	0.05921
1.664429530201342	0.03221	0.03236	0.03646	0.03363	0.03582	0.03626	0.04345	0.04729	0.05327	0.05616	0.058	0.05653	0.05909	0.06390999999999999	0.06126
1.662198391420912	0.02755	0.03111	0.0334	0.03134	0.03302	0.03412	0.04369	0.04603	0.0532	0.05144	0.05746	0.05385	0.05869	0.06381000000000001	0.06084
1.659973226238286	0.02926	0.02919	0.03413	0.0297	0.03113	0.03566	0.04539	0.04542	0.05011	0.04961	0.05779	0.05572	0.06027	0.0608	0.05851
1.657754010695187	0.03056	0.03157	0.03313	0.03257	0.03273	0.03561	0.04423	0.04646	0.05339	0.05239	0.05615	0.05596	0.05912	0.05976	0.05993
1.655540720961282	0.0292	0.03111	0.03352	0.03244	0.03265	0.03601	0.04348	0.04684	0.05167	0.05197	0.05394	0.05457	0.05664	0.06064	0.06119
1.653333333333333	0.03161	0.03253	0.03537	0.03304	0.03497	0.0369	0.04454	0.04639	0.05258	0.05317	0.05503	0.05655	0.05861	0.06189	0.06111
1.651131824234354	0.02966	0.02965	0.0351	0.03349	0.03385	0.03471	0.04517	0.04569	0.05077	0.05091	0.05461	0.05657	0.05717	0.0592	0.05885
1.648936170212766	0.03038	0.03128	0.03573	0.03268	0.03504	0.03481	0.04564	0.04883	0.05195	0.05342	0.05544	0.05752	0.05819	0.05886	0.0599
1.646746347941567	0.03445	0.0326	0.03622	0.03227	0.03403	0.03827	0.04262	0.04778	0.05316	0.05369	0.05778	0.05642	0.05882	0.06198	0.06162
1.644562334217507	0.0318	0.03278	0.03365	0.03441	0.03811	0.03553	0.04604	0.04625	0.05288	0.05331	0.05384	0.05721	0.05973	0.06162	0.06071
1.642384105960265	0.02923	0.03129	0.03437	0.03173	0.03203	0.03536	0.04471	0.04826	0.05242	0.05082	0.05604	0.05497	0.05951	0.06019	0.05891
1.64021164021164	0.03164	0.03127	0.03646	0.03149	0.03261	0.03413	0.03982	0.04617	0.05294	0.05199	0.05444	0.05438	0.05706	0.06053	0.05852
1.638044914134742	0.03007	0.03201	0.03566	0.03162	0.03218	0.0345	0.04547	0.04865	0.05073	0.05256	0.0566	0.0566	0.0587	0.05721	0.05976
1.635883905013193	0.02877	0.03098	0.03534	0.03317	0.03386	0.0326	0.04463	0.04752	0.05025	0.04878	0.05199	0.05347	0.05712	0.0567	0.06107
1.633728590250329	0.02582	0.02928	0.03292	0.02949	0.03178	0.03435	0.04134	0.04263	0.04952	0.04903	0.05241	0.05362	0.05816	0.05798	0.05975
1.631578947368421	0.02902	0.03015	0.03304	0.02961	0.03517	0.03554	0.04311	0.04802	0.05049	0.05095	0.05419	0.05525	0.05954	0.05923	0.05859
1.629434954007884	0.03022	0.03078	0.03447	0.03004	0.03395	0.03522	0.04347	0.04519	0.04992	0.04887	0.05558	0.05387	0.05874	0.0602	0.0592
1.627296587926509	0.03077	0.03311	0.03354	0.03498	0.03422	0.03401	0.04533	0.0464	0.05211	0.04977	0.05463	0.05779	0.05776	0.05972	0.05747
1.625163826998689	0.0276	0.02919	0.03285	0.03124	0.0305	0.03323	0.0423	0.04867	0.05008	0.04857	0.05154	0.05409	0.05681	0.05993	0.05481
1.62303664921466	0.03083	0.03222	0.03325	0.03105	0.03399	0.0319	0.04337	0.04606	0.05108	0.04945	0.0547	0.05294	0.05772	0.05867	0.05718
1.620915032679739	0.03011	0.03336	0.03601	0.03312	0.03442	0.03658	0.04308	0.04839	0.05043	0.05373	0.05714	0.0589	0.05749	0.05872	0.05631
1.618798955613577	0.02885	0.03288	0.03344	0.03266	0.0363	0.03442	0.04474	0.04622	0.05331	0.05317	0.0543	0.05491	0.05894	0.06193	0.05698
1.616688396349413	0.02985	0.02637	0.03073	0.02953	0.03128	0.03391	0.04236	0.04377	0.04944	0.04814	0.04981	0.05259	0.05615	0.05517	0.05834
1.614583333333333	0.03033	0.02879	0.03207	0.02886	0.03093	0.02992	0.03773	0.04617	0.04924	0.04654	0.05102	0.0526	0.05512	0.05509	0.05472
1.612483745123537	0.03127	0.02738	0.03287	0.02954	0.03102	0.03338	0.0432	0.04481	0.05111	0.04763	0.04953	0.05041	0.05542	0.05868	0.05566
1.61038961038961	0.02809	0.0291	0.03354	0.0313	0.03152	0.03152	0.0408	0.04395	0.04591	0.04858	0.0528	0.05229	0.05602	0.05631	0.05704
1.608300907911803	0.02985	0.02943	0.03396	0.0331	0.02948	0.0353	0.04509	0.0481	0.05145	0.0532	0.05191	0.0555	0.05804	0.06098	0.05765
1.606217616580311	0.02981	0.02921	0.03184	0.0319	0.03355	0.03522	0.04603	0.04604	0.05086	0.0512	0.05379	0.05171	0.05747	0.05828	0.05431
1.604139715394567	0.03083	0.0288	0.0337	0.03167	0.0307	0.03254	0.0408	0.04383	0.04951	0.04927	0.05055	0.05344	0.05214	0.05559	0.05635
1.602067183462532	0.03031	0.02982	0.0324	0.02949	0.02979	0.0343	0.0426	0.04435	0.05008	0.05248	0.05239	0.05356	0.05746	0.05898	0.05331
1.6	0.02644	0.02866	0.03199	0.02763	0.02906	0.02845	0.03904	0.04108	0.04416	0.04808	0.04916	0.05302	0.05233	0.05623	0.05321
1.597938144329897	0.02528	0.02514	0.02801	0.0252	0.02608	0.02938	0.04084	0.03903	0.04745	0.04491	0.05338	0.04552	0.0514	0.05416	0.05486
1.595881595881596	0.02694	0.02701	0.02984	0.03322	0.03045	0.03349	0.04671	0.04713	0.04884	0.05189	0.05258	0.05364	0.0534	0.05946	0.05573
1.593830334190231	0.03062	0.03267	0.02933	0.02927	0.03189	0.03427	0.04459	0.04597	0.04807	0.04671	0.05138	0.05441	0.0549	0.05667	0.05516
1.59178433889602	0.02767	0.03088	0.0295	0.02845	0.02759	0.03297	0.04091	0.04435	0.04827	0.05123	0.05109	0.04969	0.05166	0.0587	0.0547
1.58974358974359	0.02907	0.02875	0.03421	0.03081	0.03203	0.03219	0.03569	0.04499	0.04705	0.0472	0.04956	0.04586	0.05209	0.05627	0.05345
1.587708066581306	0.02777	0.02989	0.03399	0.03091	0.03338	0.03247	0.04281	0.04783	0.05119	0.04854	0.05135	0.0528	0.05292	0.05708	0.05713
1.585677749360614	0.02941	0.02941	0.0339	0.03088	0.03003	0.02919	0.04037	0.04491	0.04863	0.04863	0.05125	0.05451	0.05281	0.05539	0.05231
1.583652618135377	0.03189	0.03086	0.03476	0.03083	0.03247	0.03531	0.04421	0.0493	0.0499	0.04848	0.0543	0.05468	0.05805	0.05794	0.05356
1.581632653061225	0.02752	0.02708	0.03009	0.02706	0.03248	0.02942	0.0403	0.04154	0.04841	0.0448	0.04961	0.05085	0.05011	0.05421	0.05801
1.579617834394905	0.02535	0.02876	0.02864	0.02866	0.02834	0.03233	0.04157	0.04131	0.04707	0.04913	0.05215	0.04942	0.05482	0.05243	0.05114
1.577608142493639	0.02886	0.02956	0.02862	0.02859	0.03147	0.03025	0.04439	0.04247	0.04813	0.04794	0.05066	0.04989	0.05521	0.05442	0.05008
1.575603557814485	0.02954	0.0262	0.03162	0.02796	0.02802	0.03028	0.04156	0.04465	0.04601	0.04535	0.04892	0.05038	0.05295	0.05491	0.05128
1.573604060913706	0.02923	0.02975	0.03852	0.03039	0.03049	0.0339	0.04548	0.04556	0.04819	0.04443	0.04817	0.04987	0.05258	0.05794	0.05493
1.571609632446134	0.02754	0.02952	0.03383	0.03251	0.02781	0.03264	0.04577	0.04546	0.04843	0.04691	0.05093	0.051	0.05306	0.05571	0.05655
1.569620253164557	0.02859	0.02596	0.03115	0.03129	0.03287	0.03187	0.04337	0.04456	0.04875	0.04755	0.05184	0.0521	0.05166	0.05576	0.0498
1.56763590391909	0.02727	0.03071	0.02786	0.02941	0.03035	0.03032	0.04252	0.04287	0.04747	0.04884	0.04962	0.05077	0.05257	0.0553	0.05225
1.565656565656566	0.02337	0.02813	0.03307	0.03043	0.03146	0.0328	0.04347	0.04609	0.05057	0.04442	0.04834	0.05354	0.05393	0.05703	0.05739
1.563682219419924	0.03199	0.03128	0.03606	0.02998	0.03184	0.03462	0.04645	0.04686	0.04717	0.04941	0.05039	0.05575	0.0543	0.05509	0.05059
1.561712846347607	0.02791	0.03015	0.03275	0.03087	0.03156	0.03128	0.04258	0.0441	0.05251	0.04498	0.0494	0.05083	0.05643	0.05328	0.05354
1.559748427672956	0.02773	0.02517	0.03023	0.02644	0.03053	0.03049	0.03814	0.03866	0.04619	0.04356	0.04789	0.04761	0.05005	0.05695	0.05235
1.557788944723618	0.02171	0.02362	0.0267	0.02701	0.02675	0.02577	0.03777	0.03906	0.04625	0.04419	0.04691	0.04243	0.05018	0.04782	0.05367
1.555834378920954	0.02672	0.0264	0.02763	0.02924	0.02915	0.03055	0.03669	0.04685	0.04403	0.03975	0.04971	0.04695	0.05101	0.05752	0.05293
1.553884711779449	0.0317	0.03367	0.02984	0.03155	0.03129	0.03744	0.04361	0.04289	0.05139	0.05164	0.04892	0.05324	0.05548	0.06183	0.05698
1.551939924906133	0.02539	0.028	0.02732	0.02586	0.02872	0.03287	0.03791	0.0406	0.04534	0.04423	0.04267	0.04594	0.05077	0.05413	0.05413
1.55	0.027	0.031	0.02836	0.03015	0.02991	0.03193	0.04158	0.04052	0.04896	0.04747	0.04991	0.05163	0.05495	0.05213	0.05578
1.548064918851436	0.02706	0.02432	0.03013	0.02831	0.03042	0.03354	0.04227	0.04409	0.05195	0.04949	0.04889	0.05061	0.05416	0.05547	0.0506
1.546134663341646	0.02789	0.02664	0.02538	0.02858	0.03045	0.03077	0.03832	0.03991	0.04641	0.04807	0.0419	0.04816	0.04931	0.05281	0.0512
1.544209215442092	0.02169	0.02141	0.02751	0.02035	0.02916	0.02941	0.03814	0.03709	0.04372	0.04047	0.04462	0.04635	0.04693	0.05005	0.04755
1.54228855721393	0.02694	0.03238	0.03425	0.03155	0.0283	0.03204	0.04266	0.04675	0.05216	0.04911	0.04847	0.05284	0.05186	0.05453	0.04976
1.540372670807453	0.02526	0.02917	0.03	0.02453	0.03338	0.03144	0.04287	0.04329	0.04724	0.04608	0.04571	0.04906	0.04589	0.05337	0.04732
1.538461538461539	0.02195	0.02883	0.03031	0.02785	0.02842	0.02893	0.0394	0.03953	0.04899	0.04696	0.04908	0.05025	0.04677	0.05104	0.05558
1.536555142503098	0.02504	0.02579	0.02435	0.02592	0.02664	0.03366	0.03995	0.03993	0.0468	0.04458	0.04284	0.04669	0.04836	0.04909	0.04802
1.534653465346535	0.02056	0.02391	0.02692	0.02116	0.02654	0.02225	0.03517	0.0384	0.04001	0.03785	0.04274	0.04228	0.04568	0.04879	0.04502
1.532756489493202	0.0348	0.02769	0.03149	0.03205	0.02985	0.03296	0.04497	0.04059	0.05246	0.04891	0.05307	0.05289	0.04736	0.05491	0.05044
1.530864197530864	0.03103	0.02938	0.0342	0.03067	0.03024	0.03172	0.03743	0.04771	0.04525	0.04128	0.04831	0.051	0.0546	0.0539	0.04778
1.528976572133169	0.03125	0.03354	0.03254	0.03084	0.03145	0.03381	0.04816	0.04651	0.05051	0.0491	0.05135	0.04809	0.05414	0.05643	0.04623
1.527093596059113	0.02687	0.02947	0.0326	0.0314	0.02836	0.03001	0.04007	0.04874	0.04532	0.0506	0.05052	0.04804	0.05131	0.05642	0.04294
1.525215252152522	0.02337	0.0179	0.02024	0.02494	0.02211	0.02647	0.03515	0.04023	0.04169	0.04529	0.03891	0.03941	0.04664	0.05034	0.05372
1.523341523341523	0.025	0.02481	0.02733	0.02306	0.02541	0.02593	0.03807	0.03963	0.04292	0.04261	0.0453	0.04897	0.04349	0.04832	0.0507
1.521472392638037	0.02847	0.02761	0.02774	0.02689	0.02105	0.0225	0.03352	0.0428	0.04351	0.04152	0.03842	0.04715	0.04516	0.0512	0.05049
1.519607843137255	0.02791	0.02992	0.02396	0.02675	0.02596	0.0281	0.03503	0.04286	0.04602	0.03837	0.04346	0.04689	0.0527	0.04851	0.05015
1.517747858017136	0.02873	0.03085	0.02695	0.02488	0.03134	0.02841	0.04201	0.04371	0.04248	0.0439	0.04454	0.04729	0.05268	0.05447	0.04228
1.515892420537897	0.02416	0.02454	0.02769	0.02554	0.02172	0.02464	0.03723	0.04723	0.04244	0.03979	0.04903	0.04611	0.04578	0.05487	0.04971
1.514041514041514	0.03061	0.02634	0.02801	0.03354	0.0253	0.03157	0.04173	0.04896	0.04257	0.04156	0.04649	0.04585	0.04842	0.04996	0.04734
1.51219512195122	0.02218	0.01836	0.02502	0.02007	0.01949	0.02727	0.03631	0.03816	0.03702	0.03997	0.04629	0.04297	0.04973	0.04485	0.05434
1.510353227771011	0.02984	0.02816	0.02997	0.0279	0.02505	0.03276	0.03842	0.04731	0.04643	0.0505	0.04853	0.04796	0.05703	0.05425	0.04582
1.508515815085158	0.02113	0.01752	0.02447	0.02285	0.02036	0.02767	0.03259	0.03726	0.03802	0.03469	0.03898	0.04144	0.04446	0.0436	0.05059
1.506682867557716	0.02072	0.02098	0.02299	0.02356	0.02469	0.02752	0.03289	0.04743	0.04238	0.04736	0.04199	0.04421	0.04327	0.04765	0.04832
1.504854368932039	0.0228	0.02301	0.02572	0.02907	0.03134	0.03064	0.04025	0.03944	0.05107	0.03957	0.04163	0.04728	0.04832	0.05348	0.05079
1.503030303030303	0.03349	0.02866	0.03049	0.03503	0.03217	0.0372	0.04089	0.0499	0.05015	0.05503	0.05265	0.05147	0.05023	0.05643	0.05113
1.501210653753027	0.02382	0.02996	0.031	0.02593	0.02967	0.02862	0.03787	0.0462	0.04856	0.03998	0.04442	0.051	0.05302	0.05354	0.04729
1.499395405078597	0.03069	0.0297	0.03295	0.0308	0.02975	0.0351	0.0357	0.04819	0.04862	0.04799	0.05479	0.04951	0.0588	0.05452	0.05087
1.497584541062802	0.02786	0.01804	0.02609	0.01817	0.02617	0.02538	0.03712	0.03535	0.04078	0.03752	0.04514	0.04656	0.04466	0.04474	0.05165
1.495778045838359	0.024	0.02494	0.03038	0.02249	0.02189	0.02507	0.0329	0.03937	0.0462	0.03048	0.04066	0.04038	0.04248	0.04824	0.04815
1.493975903614458	0.02029	0.02377	0.03186	0.02492	0.0332	0.02896	0.03584	0.03777	0.04544	0.04226	0.03861	0.04783	0.0474	0.04618	0.04685
1.492178098676294	0.01911	0.01527	0.02428	0.02825	0.02522	0.02014	0.03471	0.04086	0.04052	0.03335	0.0438	0.04256	0.04173	0.04692	0.05116
1.490384615384615	0.0209	0.02536	0.02525	0.01939	0.02445	0.03152	0.04014	0.0386	0.0443	0.03899	0.04077	0.04527	0.04661	0.05111	0.04073
1.48859543817527	0.01928	0.01375	0.02137	0.01319	0.015	0.02068	0.02806	0.03618	0.03999	0.03576	0.03663	0.04056	0.03774	0.03817	0.0458
1.486810551558753	0.01931	0.02009	0.01815	0.01917	0.01853	0.02038	0.02672	0.03647	0.03655	0.03039	0.03654	0.04376	0.03498	0.04321	0.05226
1.48502994011976	0.02133	0.0284	0.02942	0.03593	0.02792	0.02503	0.04125	0.03811	0.04507	0.04358	0.04105	0.05538	0.04408	0.05248	0.04233
1.483253588516746	0.02077	0.01882	0.02535	0.0252	0.0285	0.02838	0.04216	0.03194	0.04461	0.03872	0.04146	0.04679	0.04176	0.04352	0.05461
1.481481481481481	0.02302	0.02069	0.03062	0.02377	0.02722	0.02951	0.03646	0.03875	0.04338	0.03791	0.0429	0.04348	0.03644	0.04358	0.04193
1.479713603818616	0.01709	0.02413	0.02619	0.03011	0.02731	0.03011	0.03486	0.04236	0.04349	0.04421	0.048	0.04509	0.05121	0.05149	0.0407
1.477949940405244	0.026	0.02223	0.03769	0.03129	0.02577	0.02963	0.04526	0.04253	0.04421	0.04571	0.05117	0.04631	0.04967	0.04836	0.04057
1.476190476190476	0.01903	0.02145	0.02471	0.02851	0.02579	0.03062	0.03223	0.03643	0.03837	0.04538	0.04628	0.04902	0.04542	0.04994	0.04797
1.474435196195006	0.02114	0.0207	0.02633	0.02623	0.025	0.02689	0.03898	0.0385	0.0395	0.0349	0.04074	0.0376	0.03529	0.04213	0.04168
1.472684085510689	0.02536	0.02697	0.02084	0.02738	0.0158	0.02736	0.03837	0.03754	0.04713	0.04731	0.04547	0.05103	0.05071	0.0479	0.048
1.470937129300119	0.01734	0.01889	0.02167	0.02523	0.02404	0.02907	0.03907	0.0419	0.04417	0.04401	0.03844	0.04004	0.04947	0.04324	0.04316
1.469194312796209	0.02851	0.02276	0.02754	0.02422	0.02973	0.03308	0.038	0.04364	0.04407	0.03721	0.04714	0.04346	0.04604	0.04412	0.06137
1.467455621301775	0.03378	0.02627	0.02294	0.02345	0.02317	0.03571	0.03652	0.03435	0.04469	0.03896	0.04581	0.04081	0.04482	0.04505	0.04001
1.465721040189125	0.02968	0.02231	0.0316	0.0182	0.02533	0.02621	0.02949	0.04636	0.04295	0.04049	0.03759	0.04999	0.04466	0.04255	0.04457
1.463990554899646	0.02496	0.01942	0.02034	0.01845	0.01798	0.02319	0.03211	0.03818	0.0339	0.03608	0.04352	0.04019	0.04305	0.04171	0.04331
1.462264150943396	0.01928	0.02969	0.02875	0.02206	0.03109	0.03145	0.04786	0.04772	0.044	0.04165	0.04759	0.05079	0.04406	0.0446	0.03958
1.460541813898704	0.02541	0.01891	0.02633	0.02001	0.0136	0.02312	0.02693	0.03474	0.0274	0.03484	0.02878	0.04596	0.04413	0.0372	0.04659
1.458823529411765	0.01324	0.0109	0.01736	0.01515	0.02182	0.02399	0.02819	0.02747	0.03638	0.03662	0.0401	0.03014	0.03724	0.04268	0.04492
