energy	'P3HT=0'	'5'	'10'	'15'	'20'	'30'	'40'	'50'	'60'	'70'	'80'	'90'	'95'	'100'
3.542857142857143	0.27234	0.2162	0.1956	0.17469	0.16803	0.16049	0.12547	0.10767	0.11724	0.12164	0.11921	0.11108	0.09081	0.09808
3.532763532763533	0.27659	0.21561	0.1981	0.17558	0.17209	0.16189	0.12988	0.11141	0.12056	0.1271	0.12063	0.11721	0.09539	0.09784
3.522727272727273	0.26965	0.20973	0.19668	0.17369	0.17035	0.15802	0.12817	0.1105	0.11924	0.12318	0.12466	0.11474	0.09138	0.09938
3.512747875354107	0.26945	0.21114	0.19514	0.17531	0.17383	0.16452	0.12969	0.11642	0.12225	0.12713	0.12635	0.11555	0.09574000000000001	0.09939000000000001
3.502824858757062	0.26993	0.21068	0.18935	0.17236	0.17053	0.1579	0.12735	0.11068	0.1215	0.12502	0.11978	0.11727	0.09594999999999999	0.09952
3.492957746478873	0.27361	0.21669	0.19459	0.17485	0.16999	0.1573	0.13365	0.11617	0.12398	0.12967	0.12658	0.1209	0.09927999999999999	0.09950000000000001
3.48314606741573	0.26712	0.21151	0.19305	0.17005	0.16751	0.15701	0.13054	0.11329	0.12345	0.12628	0.12567	0.1184	0.09855	0.10079
3.473389355742297	0.26529	0.20882	0.19142	0.16767	0.16649	0.15865	0.12705	0.1104	0.12199	0.12641	0.12261	0.11707	0.0983	0.1005
3.463687150837989	0.26715	0.20988	0.19185	0.17441	0.16771	0.16049	0.12988	0.11395	0.12597	0.13183	0.12494	0.12046	0.09966999999999999	0.10776
3.454038997214484	0.26372	0.20388	0.18835	0.17002	0.16761	0.15636	0.1266	0.11013	0.12494	0.12805	0.12481	0.11824	0.09785000000000001	0.10415
3.444444444444445	0.27005	0.21078	0.19268	0.17299	0.17085	0.16056	0.13173	0.11818	0.12661	0.13109	0.12584	0.12482	0.10168	0.10607
3.434903047091413	0.26614	0.20921	0.19055	0.17066	0.16849	0.15974	0.12837	0.11686	0.12588	0.13143	0.12849	0.12435	0.10209	0.10776
3.425414364640884	0.26659	0.20945	0.1908	0.17072	0.16992	0.1586	0.13015	0.11568	0.12527	0.13179	0.129	0.12398	0.10081	0.10934
3.415977961432507	0.267	0.21054	0.18951	0.17193	0.17175	0.15929	0.1306	0.11521	0.12599	0.13257	0.12965	0.12675	0.10195	0.10732
3.406593406593406	0.26927	0.2136	0.19311	0.17409	0.17148	0.16195	0.13285	0.11669	0.12871	0.13253	0.1312	0.12958	0.10661	0.11224
3.397260273972603	0.27119	0.21175	0.1925	0.17319	0.17317	0.16339	0.132	0.11641	0.12934	0.13384	0.13289	0.12845	0.10545	0.11423
3.387978142076503	0.27318	0.21425	0.19314	0.17444	0.17338	0.164	0.13289	0.12017	0.12856	0.13412	0.13264	0.12697	0.10596	0.11512
3.37874659400545	0.2773	0.21578	0.19661	0.17635	0.1748	0.1646	0.1357	0.12196	0.13373	0.13725	0.13574	0.13025	0.1078	0.114
3.369565217391304	0.28021	0.21898	0.1949	0.17782	0.178	0.16937	0.13689	0.12324	0.13586	0.14036	0.13791	0.13289	0.11017	0.11502
3.360433604336043	0.28322	0.22027	0.19809	0.18093	0.17921	0.17009	0.13897	0.12225	0.13608	0.13935	0.13877	0.13405	0.11074	0.11653
3.351351351351351	0.28479	0.22267	0.20064	0.18227	0.17983	0.17259	0.13906	0.12389	0.13557	0.14246	0.13871	0.13509	0.11251	0.11975
3.342318059299191	0.28634	0.22816	0.20374	0.18635	0.18307	0.17551	0.14247	0.12644	0.14079	0.14721	0.14078	0.13862	0.11607	0.11932
3.333333333333333	0.2905	0.22779	0.2038	0.18501	0.18539	0.17529	0.14119	0.12772	0.13982	0.14558	0.14363	0.1393	0.11603	0.12201
3.324396782841823	0.29246	0.22977	0.20521	0.18687	0.18542	0.17661	0.14302	0.12883	0.14183	0.14732	0.14489	0.14054	0.11538	0.12282
3.315508021390374	0.29498	0.23099	0.20632	0.1897	0.18792	0.17833	0.1467	0.12908	0.14282	0.14886	0.14645	0.14271	0.11715	0.12575
3.306666666666667	0.30017	0.23535	0.20978	0.1917	0.19099	0.1828	0.14671	0.13226	0.14624	0.15048	0.14854	0.14406	0.12043	0.12573
3.297872340425532	0.30281	0.23695	0.21225	0.19392	0.19321	0.18315	0.14872	0.13411	0.14783	0.15347	0.15036	0.14605	0.1197	0.12621
3.289124668435013	0.30601	0.24131	0.21347	0.19578	0.1951	0.18632	0.15139	0.13464	0.14894	0.15458	0.1508	0.14849	0.12325	0.12771
3.28042328042328	0.31035	0.24468	0.21716	0.20087	0.19631	0.18882	0.15296	0.13559	0.15147	0.15736	0.15453	0.14817	0.12377	0.12913
3.271767810026385	0.31221	0.24491	0.21847	0.1995	0.1983	0.1908	0.15421	0.13712	0.15177	0.15835	0.1547	0.15001	0.12584	0.13311
3.263157894736842	0.3162	0.24999	0.21993	0.20359	0.20189	0.1913	0.15638	0.14014	0.15338	0.16049	0.15666	0.15295	0.12633	0.13339
3.254593175853018	0.32159	0.25074	0.22362	0.20508	0.20373	0.19498	0.15863	0.14054	0.15536	0.16271	0.15995	0.1549	0.12849	0.13186
3.246073298429319	0.32505	0.25283	0.22469	0.20683	0.20519	0.1954	0.15978	0.14236	0.15623	0.16241	0.15983	0.15364	0.12822	0.13352
3.237597911227154	0.32801	0.25668	0.22766	0.20779	0.20889	0.19878	0.16227	0.14458	0.15822	0.1664	0.16402	0.15503	0.13079	0.13725
3.229166666666667	0.33317	0.2614	0.23179	0.21222	0.212	0.20192	0.16375	0.1451	0.16235	0.1684	0.16498	0.16031	0.13332	0.13691
3.220779220779221	0.33583	0.26456	0.23373	0.21575	0.21446	0.20432	0.16593	0.14794	0.1639	0.16991	0.16723	0.16129	0.13356	0.13851
3.212435233160622	0.34091	0.26666	0.23587	0.21946	0.21634	0.20721	0.16787	0.15156	0.16622	0.17282	0.16805	0.16495	0.13713	0.14228
3.204134366925065	0.34401	0.27077	0.2381	0.22007	0.21934	0.20919	0.17112	0.15242	0.16838	0.17534	0.17112	0.16485	0.13795	0.14194
3.195876288659794	0.34872	0.27166	0.23824	0.22106	0.22107	0.21056	0.17053	0.15425	0.1688	0.17335	0.17157	0.16612	0.13798	0.14725
3.187660668380463	0.34887	0.27496	0.24086	0.22367	0.22309	0.21136	0.17297	0.15428	0.17058	0.17633	0.17322	0.16855	0.13871	0.14627
3.179487179487179	0.3519	0.27732	0.24324	0.22536	0.22516	0.21479	0.17538	0.15735	0.17167	0.17814	0.17725	0.17015	0.1405	0.14608
3.171355498721228	0.35668	0.27967	0.2461	0.22868	0.22712	0.21853	0.17831	0.15921	0.17468	0.18072	0.17884	0.17278	0.14299	0.1496
3.163265306122449	0.35736	0.28242	0.24879	0.2288	0.22739	0.21806	0.17849	0.15819	0.17675	0.18199	0.17851	0.17365	0.14443	0.15149
3.155216284987278	0.36059	0.28188	0.24985	0.23105	0.22943	0.22114	0.18022	0.15992	0.17751	0.18545	0.18005	0.17633	0.14741	0.15475
3.147208121827411	0.3643	0.286	0.25253	0.23454	0.23113	0.22247	0.18294	0.16392	0.18002	0.18712	0.1836	0.17964	0.14965	0.15442
3.139240506329114	0.36657	0.28612	0.25352	0.23577	0.23508	0.22377	0.18321	0.1651	0.18096	0.18892	0.1847	0.18052	0.1492	0.15775
3.131313131313131	0.3663	0.28973	0.25626	0.23892	0.23755	0.22823	0.18546	0.16604	0.18457	0.1916	0.18831	0.18307	0.15291	0.15921
3.123425692695214	0.36954	0.29073	0.25603	0.23835	0.23757	0.22739	0.18534	0.16696	0.18388	0.19216	0.18871	0.18355	0.1529	0.16082
3.115577889447236	0.36923	0.29115	0.25692	0.23885	0.23786	0.22991	0.18617	0.16765	0.18591	0.1927	0.19041	0.18427	0.15419	0.16307
3.107769423558897	0.37196	0.29542	0.26074	0.24249	0.24016	0.23086	0.18986	0.17112	0.1892	0.19566	0.1949	0.18877	0.15829	0.16458
3.1	0.37102	0.29402	0.26058	0.24384	0.24086	0.23102	0.18954	0.17214	0.19001	0.19705	0.19424	0.18973	0.16106	0.16637
3.092269326683292	0.37454	0.29574	0.2613	0.24367	0.24299	0.23345	0.19135	0.17451	0.19141	0.20087	0.19718	0.19328	0.16158	0.16829
3.084577114427861	0.37264	0.29424	0.26126	0.24493	0.2433	0.23305	0.19048	0.1722	0.19039	0.19965	0.19665	0.19365	0.16149	0.16991
3.076923076923077	0.37332	0.29487	0.26147	0.24173	0.23989	0.23168	0.18952	0.17361	0.192	0.20003	0.1985	0.19503	0.16162	0.17006
3.069306930693069	0.3722	0.29676	0.26191	0.24459	0.2433	0.23437	0.19314	0.17407	0.194	0.2013	0.20153	0.19854	0.16652	0.17344
3.061728395061728	0.37017	0.29517	0.26213	0.24502	0.24256	0.23317	0.19399	0.17392	0.19504	0.20127	0.2015	0.19805	0.1665	0.17628
3.054187192118226	0.37054	0.29584	0.2631	0.24633	0.24502	0.23655	0.19537	0.17732	0.19665	0.20462	0.20272	0.2022	0.17	0.17925
3.046683046683047	0.37129	0.29585	0.26237	0.24643	0.24431	0.23723	0.19426	0.17757	0.19799	0.20735	0.20301	0.20332	0.17329	0.17953
3.03921568627451	0.37041	0.29476	0.2641	0.24656	0.24511	0.23745	0.19601	0.18063	0.19858	0.20761	0.20804	0.2071	0.17495	0.18136
3.031784841075795	0.36997	0.29552	0.26303	0.24569	0.24491	0.23765	0.19647	0.17957	0.20037	0.2097	0.20855	0.20754	0.17735	0.18489
3.024390243902439	0.36811	0.29525	0.26293	0.24533	0.24371	0.23747	0.19618	0.18016	0.20044	0.20982	0.21014	0.20957	0.17791	0.18741
3.017031630170316	0.36455	0.29399	0.26285	0.24437	0.24362	0.23644	0.19612	0.18024	0.20151	0.20988	0.21092	0.21099	0.1778	0.18888
3.009708737864078	0.36384	0.29247	0.2623	0.24238	0.24301	0.23563	0.19672	0.1794	0.20105	0.21025	0.21156	0.21195	0.17986	0.19217
3.002421307506053	0.36021	0.29229	0.26191	0.24432	0.2451	0.2376	0.19957	0.18209	0.20472	0.21389	0.21483	0.21622	0.18376	0.19472
2.995169082125604	0.35928	0.29005	0.26059	0.24194	0.24386	0.23638	0.1978	0.17979	0.20439	0.21253	0.21603	0.21551	0.18495	0.19724
2.987951807228916	0.35885	0.29106	0.26105	0.24337	0.24218	0.23828	0.19924	0.18326	0.20649	0.2152	0.21825	0.22085	0.189	0.19971
2.980769230769231	0.35422	0.28794	0.25906	0.24195	0.24155	0.2366	0.19947	0.18221	0.2054	0.21551	0.21764	0.22208	0.19025	0.20207
2.973621103117506	0.35184	0.28549	0.25795	0.24106	0.24052	0.23546	0.19825	0.18086	0.20603	0.21568	0.21797	0.22199	0.19161	0.20372
2.966507177033493	0.34941	0.28486	0.25703	0.23889	0.24145	0.23629	0.1995	0.18255	0.20828	0.21731	0.22125	0.22553	0.19472	0.2085
2.959427207637232	0.34665	0.28253	0.25679	0.23862	0.23951	0.23437	0.19844	0.1828	0.20674	0.21797	0.22336	0.22685	0.19663	0.20958
2.952380952380953	0.3428	0.2816	0.25412	0.23786	0.23843	0.23349	0.1993	0.18301	0.20899	0.21901	0.22451	0.22908	0.19771	0.21238
2.945368171021378	0.33968	0.27866	0.25384	0.2348	0.23691	0.23243	0.19817	0.18431	0.20876	0.22079	0.22443	0.23201	0.19943	0.21396
2.938388625592417	0.33503	0.27697	0.25357	0.23512	0.23737	0.23327	0.19928	0.18501	0.20951	0.22155	0.22601	0.2351	0.2037	0.21736
2.93144208037825	0.33247	0.27501	0.251	0.23347	0.23521	0.23091	0.19788	0.18469	0.21069	0.22138	0.22789	0.23679	0.20565	0.2213
2.924528301886792	0.32755	0.27143	0.24784	0.23062	0.23374	0.22977	0.19687	0.18444	0.21017	0.22213	0.22862	0.23838	0.20649	0.22211
2.917647058823529	0.32386	0.26712	0.24685	0.2289	0.23015	0.2281	0.19645	0.18464	0.21093	0.2226	0.22945	0.23973	0.20923	0.22686
2.910798122065728	0.31823	0.26534	0.24436	0.22696	0.22904	0.22705	0.1949	0.18421	0.21174	0.22243	0.23088	0.2429	0.21165	0.22931
2.903981264637002	0.31254	0.26205	0.24104	0.22406	0.22592	0.22508	0.19403	0.18308	0.21015	0.22317	0.231	0.24402	0.21325	0.23037
2.897196261682243	0.30664	0.25774	0.23803	0.22072	0.22277	0.22206	0.19353	0.18146	0.20896	0.22184	0.23249	0.24482	0.21562	0.23512
2.89044289044289	0.30144	0.25315	0.23519	0.21842	0.22101	0.22028	0.19241	0.18142	0.21001	0.22254	0.23344	0.24648	0.21719	0.23784
2.883720930232558	0.29546	0.2498	0.2335	0.21725	0.21865	0.21883	0.19108	0.18266	0.21077	0.22274	0.23594	0.2506	0.22054	0.24112
2.877030162412993	0.28883	0.24492	0.22887	0.21276	0.21507	0.21598	0.19072	0.18188	0.21023	0.22374	0.23519	0.25189	0.22303	0.24401
2.87037037037037	0.28077	0.2396	0.22598	0.20909	0.21257	0.21354	0.1888	0.18071	0.20945	0.22411	0.23713	0.25452	0.22713	0.24754
2.863741339491917	0.27481	0.23578	0.22214	0.20488	0.20926	0.21137	0.18874	0.18088	0.21021	0.22421	0.23967	0.25857	0.22908	0.2516
2.857142857142857	0.2667	0.22991	0.21726	0.20091	0.20549	0.20763	0.18658	0.17954	0.20992	0.22433	0.23932	0.2591	0.23027	0.25522
2.850574712643678	0.25837	0.22396	0.21407	0.19793	0.20134	0.2043	0.18432	0.17809	0.2105	0.22315	0.24179	0.26128	0.23433	0.25805
2.844036697247706	0.25065	0.21761	0.20884	0.1935	0.19733	0.20067	0.18235	0.17647	0.20891	0.22365	0.24093	0.26415	0.2372	0.26076
2.837528604118993	0.24147	0.2111	0.20366	0.18932	0.19275	0.19836	0.1816	0.17669	0.20844	0.22495	0.24317	0.26574	0.24018	0.26447
2.831050228310502	0.23411	0.20596	0.19937	0.18534	0.18859	0.19475	0.17901	0.1759	0.20944	0.22464	0.24395	0.27035	0.24301	0.26856
2.824601366742597	0.22625	0.19966	0.19464	0.18052	0.1845	0.19176	0.17764	0.1756	0.2082	0.2253	0.24486	0.27311	0.24665	0.27354
2.818181818181818	0.21816	0.19418	0.18921	0.17694	0.18078	0.18898	0.17552	0.17451	0.20801	0.22576	0.24606	0.27558	0.24908	0.2779
2.811791383219955	0.20959	0.1878	0.18361	0.17057	0.17679	0.18379	0.17294	0.17295	0.20849	0.22387	0.24681	0.27767	0.25194	0.28117
2.805429864253393	0.20062	0.18058	0.17864	0.16655	0.17176	0.18111	0.17182	0.17229	0.20801	0.22482	0.24863	0.28094	0.25577	0.28452
2.799097065462754	0.19409	0.17529	0.17481	0.16148	0.16821	0.17774	0.1705	0.17151	0.20813	0.22642	0.25112	0.2837	0.25938	0.28883
2.792792792792793	0.18788	0.17147	0.17054	0.15944	0.16489	0.17617	0.16968	0.17126	0.2097	0.22657	0.25469	0.28774	0.26301	0.29339
2.786516853932584	0.17926	0.16494	0.16568	0.15306	0.15974	0.17098	0.1672	0.17024	0.20833	0.22631	0.25443	0.29037	0.26479	0.29694
2.780269058295964	0.17392	0.1601	0.16164	0.15028	0.15653	0.16969	0.16652	0.17089	0.20973	0.22873	0.257	0.29305	0.27105	0.30017
2.774049217002237	0.16746	0.15418	0.15605	0.14656	0.15175	0.16743	0.16463	0.16994	0.20944	0.22925	0.25738	0.29593	0.27256	0.30639
2.767857142857143	0.16177	0.14941	0.15198	0.143	0.15009	0.16436	0.16344	0.1697	0.21077	0.23052	0.26026	0.30043	0.27523	0.30944
2.761692650334076	0.15614	0.14519	0.14919	0.14038	0.147	0.16258	0.16282	0.17082	0.21169	0.23216	0.26434	0.3035	0.2799	0.31328
2.755555555555556	0.14967	0.14133	0.14428	0.13608	0.14376	0.16001	0.16173	0.17004	0.21332	0.23363	0.26527	0.30754	0.28344	0.31802
2.749445676274945	0.14434	0.13628	0.14104	0.13225	0.1401	0.15759	0.16145	0.16983	0.21339	0.23438	0.26717	0.31075	0.28636	0.32241
2.743362831858407	0.13935	0.13278	0.13756	0.13087	0.13864	0.15663	0.16135	0.17007	0.21548	0.23657	0.2703	0.31572	0.292	0.32672
2.737306843267108	0.13619	0.12955	0.1341	0.12777	0.13555	0.15367	0.16081	0.17108	0.21548	0.23688	0.27274	0.31852	0.29474	0.33219
2.731277533039647	0.1341	0.12766	0.13358	0.12684	0.13439	0.15474	0.16175	0.173	0.21902	0.24134	0.27615	0.32339	0.30096	0.33692
2.725274725274725	0.12904	0.12399	0.12812	0.12269	0.13154	0.15248	0.15974	0.17102	0.21806	0.24158	0.27769	0.32597	0.30301	0.34226
2.719298245614035	0.1257	0.11997	0.12663	0.12165	0.13069	0.15195	0.16042	0.17314	0.22009	0.24369	0.28123	0.33062	0.30639	0.34675
2.713347921225383	0.1227	0.11891	0.12488	0.12099	0.12947	0.15134	0.16137	0.17451	0.2227	0.24558	0.28487	0.33522	0.31169	0.35055
2.707423580786026	0.12037	0.11582	0.12368	0.11901	0.12973	0.15219	0.16349	0.17572	0.22566	0.24881	0.28896	0.33983	0.31625	0.35523
2.701525054466231	0.11807	0.11483	0.12199	0.11777	0.12809	0.1517	0.16316	0.17763	0.22795	0.2514	0.29223	0.34587	0.32064	0.36032
2.695652173913043	0.11521	0.11238	0.12009	0.11725	0.12646	0.15105	0.16422	0.1777	0.22965	0.25345	0.29472	0.34745	0.32476	0.36598
2.689804772234273	0.11509	0.1121	0.11974	0.11677	0.12715	0.15136	0.16498	0.18082	0.23228	0.25721	0.29892	0.35271	0.33014	0.36981
2.683982683982684	0.11197	0.10991	0.11826	0.11433	0.12549	0.15165	0.16538	0.18193	0.23362	0.25954	0.30226	0.35842	0.33354	0.37628
2.678185745140389	0.11195	0.10967	0.11676	0.11493	0.12652	0.15247	0.16719	0.18351	0.23772	0.26212	0.30534	0.36307	0.33843	0.37977
2.672413793103448	0.10923	0.10842	0.11559	0.11372	0.12536	0.15344	0.16828	0.18578	0.2399	0.26596	0.3103	0.36808	0.34299	0.38599
2.666666666666667	0.10808	0.10766	0.1152	0.11333	0.12514	0.15314	0.1691	0.18625	0.24201	0.26843	0.31446	0.37305	0.34991	0.39002
2.660944206008584	0.1063	0.10526	0.11296	0.11142	0.12374	0.15314	0.16983	0.18802	0.24407	0.27193	0.31753	0.37726	0.35256	0.39638
2.65524625267666	0.10621	0.10628	0.11427	0.11346	0.12619	0.15485	0.17337	0.19137	0.24786	0.27584	0.32313	0.38467	0.35967	0.40186
2.649572649572649	0.10456	0.10605	0.11354	0.11326	0.1249	0.15603	0.17509	0.19263	0.25006	0.27901	0.32753	0.38949	0.36577	0.40855
2.643923240938166	0.10438	0.10551	0.11268	0.11301	0.12471	0.15728	0.176	0.19514	0.25354	0.28253	0.33194	0.39437	0.36964	0.4138
2.638297872340425	0.10328	0.10378	0.11207	0.11248	0.1262	0.15745	0.17745	0.19759	0.25627	0.28559	0.33597	0.39968	0.37464	0.4181
2.632696390658174	0.10124	0.10298	0.11092	0.1119	0.12536	0.15833	0.17835	0.19837	0.25879	0.28936	0.3406	0.40409	0.37845	0.42451
2.627118644067797	0.10117	0.10236	0.1104	0.11196	0.1266	0.15937	0.18113	0.20111	0.26203	0.29302	0.34405	0.4097	0.38539	0.43064
2.621564482029598	0.1	0.10078	0.10922	0.11075	0.12411	0.16054	0.18156	0.20169	0.26543	0.29624	0.3482	0.41583	0.38956	0.43637
2.616033755274262	0.09951	0.10201	0.10953	0.11143	0.12587	0.16049	0.18363	0.20417	0.26833	0.29894	0.35153	0.41992	0.39488	0.44387
2.610526315789474	0.09807	0.10046	0.10924	0.11255	0.12624	0.16255	0.18517	0.20711	0.27167	0.30293	0.35587	0.42581	0.39915	0.44828
2.605042016806723	0.09863	0.10029	0.10905	0.11275	0.12684	0.16357	0.18744	0.20854	0.27367	0.30648	0.3611	0.42953	0.40365	0.4533
2.59958071278826	0.09846000000000001	0.09995999999999999	0.10934	0.11307	0.12671	0.16463	0.18903	0.21061	0.27636	0.3107	0.36666	0.43637	0.40965	0.45977
2.594142259414226	0.09765	0.10047	0.11059	0.11303	0.12774	0.16559	0.19122	0.21389	0.27927	0.31492	0.36921	0.44258	0.41544	0.46438
2.588726513569938	0.09716	0.10041	0.10949	0.11261	0.12909	0.16693	0.19178	0.21453	0.28273	0.31686	0.37328	0.44726	0.41898	0.4712
2.583333333333333	0.09722	0.10153	0.11027	0.11516	0.12955	0.16888	0.19536	0.21888	0.28589	0.32217	0.37951	0.45295	0.42606	0.47576
2.577962577962578	0.09773999999999999	0.10111	0.10963	0.11472	0.12977	0.16947	0.19679	0.22098	0.28861	0.32447	0.38356	0.45743	0.43024	0.48044
2.572614107883818	0.09728000000000001	0.10068	0.10992	0.11528	0.13113	0.17224	0.19825	0.2223	0.29111	0.32715	0.38683	0.46343	0.43561	0.48621
2.567287784679089	0.09794	0.1012	0.11031	0.11662	0.13208	0.17375	0.20094	0.2254	0.2955	0.33212	0.39134	0.46956	0.44032	0.49202
2.56198347107438	0.09497999999999999	0.10068	0.10994	0.11581	0.13127	0.1727	0.2016	0.22516	0.29667	0.33426	0.39533	0.47279	0.44292	0.49808
2.556701030927835	0.0984	0.10233	0.11112	0.11714	0.13317	0.17639	0.20441	0.22902	0.301	0.33818	0.3999	0.47856	0.44977	0.50226
2.551440329218107	0.09710000000000001	0.10085	0.10987	0.11703	0.13545	0.17667	0.20619	0.23051	0.30401	0.34299	0.40316	0.4835	0.45465	0.50757
2.546201232032854	0.09855999999999999	0.10184	0.11079	0.11845	0.13556	0.1793	0.20786	0.23351	0.306	0.34517	0.40805	0.48815	0.4598	0.5124300000000001
2.540983606557377	0.09907000000000001	0.10336	0.11268	0.11958	0.13641	0.18003	0.2091	0.2367	0.30954	0.34954	0.41199	0.49274	0.46383	0.5184
2.535787321063395	0.09963	0.10403	0.11341	0.12131	0.13686	0.18194	0.21245	0.23802	0.313	0.3522	0.41703	0.49882	0.46844	0.5223100000000001
2.530612244897959	0.0992	0.10391	0.11299	0.12129	0.13846	0.18417	0.21399	0.2405	0.31529	0.35553	0.41899	0.50291	0.47187	0.52616
2.525458248472505	0.09952999999999999	0.10513	0.11356	0.12178	0.13982	0.18587	0.21587	0.24232	0.31747	0.35864	0.42371	0.50805	0.4771	0.53133
2.520325203252033	0.10042	0.10514	0.11416	0.12268	0.13955	0.18685	0.21626	0.2436	0.32089	0.36202	0.42723	0.51107	0.4819	0.53744
2.515212981744422	0.10161	0.10655	0.11535	0.12409	0.14209	0.18885	0.22023	0.24616	0.32369	0.36528	0.43184	0.51675	0.48427	0.54008
2.510121457489879	0.10173	0.10715	0.11548	0.12467	0.14252	0.19065	0.22162	0.24816	0.32601	0.36834	0.43546	0.52139	0.48986	0.54513
2.505050505050505	0.10386	0.10814	0.11793	0.12588	0.14531	0.19341	0.22486	0.25165	0.33101	0.3727	0.44124	0.52711	0.49633	0.55098
2.5	0.10388	0.10845	0.11717	0.12641	0.14558	0.19341	0.22526	0.25221	0.331	0.37579	0.44262	0.5305299999999999	0.49877	0.5553
2.494969818913481	0.10672	0.11023	0.1192	0.12862	0.14778	0.19591	0.22821	0.2564	0.336	0.37993	0.44801	0.53523	0.50479	0.55872
2.48995983935743	0.1068	0.11119	0.11884	0.12937	0.1487	0.19737	0.23023	0.25866	0.3379	0.38268	0.45131	0.53834	0.50841	0.56362
2.484969939879759	0.10871	0.11268	0.12138	0.13123	0.15026	0.19982	0.2318	0.26074	0.3409	0.38542	0.45629	0.54373	0.5127	0.56858
2.48	0.1097	0.11396	0.12159	0.132	0.15239	0.20201	0.23392	0.26239	0.34363	0.38805	0.45972	0.54878	0.51669	0.5738
2.475049900199601	0.1105	0.11473	0.1237	0.13317	0.15363	0.20393	0.23609	0.26505	0.3465	0.39175	0.46237	0.55266	0.52111	0.5773200000000001
2.470119521912351	0.11096	0.1157	0.12381	0.13456	0.15307	0.20534	0.23699	0.26585	0.34865	0.39427	0.46653	0.55622	0.52454	0.58184
2.46520874751491	0.11316	0.11766	0.12428	0.13663	0.15654	0.20764	0.24042	0.26876	0.35085	0.39746	0.47129	0.56067	0.52901	0.58661
2.46031746031746	0.11626	0.11992	0.12722	0.13913	0.15875	0.21101	0.24413	0.27236	0.3556	0.40287	0.47586	0.56728	0.53469	0.59151
2.455445544554455	0.1163	0.11954	0.12758	0.13874	0.1583	0.21148	0.2442	0.27379	0.35804	0.40512	0.47841	0.57106	0.53807	0.5966
2.450592885375494	0.11944	0.12161	0.13003	0.14132	0.16147	0.21422	0.24673	0.27746	0.36091	0.40903	0.48401	0.57458	0.54409	0.60158
2.445759368836292	0.12022	0.12368	0.13089	0.14161	0.1639	0.21594	0.24863	0.27854	0.36276	0.4107	0.48607	0.57921	0.54745	0.60381
2.440944881889764	0.1227	0.12579	0.13282	0.14412	0.16511	0.21846	0.25148	0.28184	0.36635	0.41503	0.49179	0.58355	0.55171	0.60948
2.43614931237721	0.12594	0.12878	0.13402	0.14679	0.16799	0.22156	0.25395	0.28426	0.36994	0.41911	0.49588	0.5902500000000001	0.55628	0.61337
2.431372549019608	0.12783	0.13003	0.13706	0.14767	0.16876	0.22426	0.25595	0.28614	0.37189	0.42069	0.49939	0.59344	0.55867	0.61639
2.426614481409002	0.12962	0.13233	0.13813	0.14927	0.1722	0.22511	0.2574	0.28777	0.37458	0.42425	0.50223	0.59742	0.56366	0.62219
2.421875	0.13148	0.13397	0.13886	0.151	0.17193	0.22633	0.25997	0.28984	0.37719	0.42628	0.50553	0.59902	0.56698	0.62599
2.417153996101364	0.13363	0.13647	0.14152	0.15405	0.17501	0.22906	0.26191	0.29268	0.37973	0.42987	0.5097	0.60285	0.5710499999999999	0.62983
2.412451361867704	0.1369	0.13737	0.14236	0.15451	0.17556	0.23124	0.2631	0.29316	0.38185	0.43098	0.51059	0.60638	0.574	0.63337
2.407766990291262	0.14033	0.14017	0.14517	0.15662	0.17861	0.23289	0.26691	0.29642	0.38441	0.43489	0.51411	0.60971	0.5773200000000001	0.63539
2.403100775193798	0.14036	0.14137	0.14616	0.1585	0.17981	0.23529	0.26701	0.29794	0.38476	0.43697	0.5164299999999999	0.61271	0.5794	0.63967
2.398452611218568	0.14394	0.14363	0.14748	0.16045	0.18125	0.2382	0.26944	0.29887	0.38759	0.4387	0.52006	0.61574	0.58153	0.64063
2.393822393822394	0.14775	0.14648	0.15174	0.16315	0.18442	0.24025	0.27166	0.30285	0.38955	0.44153	0.52297	0.61775	0.58527	0.64413
2.389210019267823	0.15012	0.14739	0.15254	0.16387	0.18614	0.2418	0.27282	0.30264	0.39171	0.44381	0.52384	0.6198900000000001	0.58635	0.64655
2.384615384615385	0.15287	0.15047	0.15331	0.16568	0.18826	0.24309	0.27345	0.30402	0.39381	0.44411	0.52524	0.62088	0.5883699999999999	0.64589
2.380038387715931	0.15657	0.15421	0.15689	0.16847	0.19151	0.24565	0.27684	0.30658	0.39367	0.44599	0.5276	0.62199	0.58953	0.64803
2.375478927203065	0.15918	0.15617	0.15836	0.16893	0.19257	0.24625	0.27734	0.30667	0.39666	0.44721	0.52934	0.62387	0.59057	0.64935
2.370936902485659	0.16317	0.15845	0.16065	0.17081	0.19492	0.24979	0.2805	0.30927	0.39807	0.45068	0.5295800000000001	0.62619	0.59112	0.6508
2.366412213740458	0.16629	0.16084	0.16225	0.17415	0.19562	0.25118	0.28067	0.31088	0.39847	0.45105	0.5329	0.62685	0.59316	0.65355
2.361904761904762	0.16783	0.16318	0.16349	0.17572	0.19699	0.25216	0.28016	0.31015	0.39842	0.4502	0.53225	0.62623	0.59222	0.65274
2.357414448669202	0.17086	0.16497	0.16388	0.1782	0.19797	0.25401	0.28212	0.31227	0.39882	0.45112	0.53252	0.62624	0.59391	0.65271
2.352941176470588	0.17566	0.16778	0.16797	0.18046	0.20088	0.25572	0.28373	0.31286	0.40061	0.45123	0.53277	0.62709	0.59434	0.6536
2.348484848484849	0.1783	0.17033	0.17044	0.18151	0.20325	0.25702	0.28533	0.31364	0.40096	0.45233	0.53323	0.62674	0.59544	0.65219
2.344045368620038	0.1816	0.17365	0.17212	0.18303	0.20613	0.2602	0.28881	0.31444	0.40271	0.45451	0.53437	0.62715	0.59536	0.65352
2.339622641509434	0.18505	0.1754	0.17538	0.18449	0.20693	0.26102	0.28619	0.31559	0.40171	0.45547	0.53569	0.62743	0.59356	0.65258
2.335216572504708	0.18939	0.17844	0.1768	0.18821	0.20955	0.26371	0.28796	0.31603	0.40474	0.45628	0.53612	0.6273	0.5965200000000001	0.65298
2.330827067669173	0.19266	0.17935	0.17911	0.188	0.2101	0.26378	0.28914	0.31668	0.40465	0.4557	0.53604	0.6268899999999999	0.59329	0.65171
2.326454033771107	0.19542	0.18329	0.17979	0.19261	0.21256	0.2666	0.29122	0.31812	0.40505	0.45652	0.53579	0.6271600000000001	0.59512	0.6523
2.322097378277153	0.19921	0.18627	0.18111	0.19293	0.21447	0.26653	0.29054	0.31713	0.40469	0.45611	0.53554	0.62626	0.5940299999999999	0.65104
2.317757009345794	0.20353	0.18899	0.18462	0.19577	0.21598	0.26883	0.29345	0.31803	0.40566	0.45695	0.53769	0.62742	0.5951	0.65206
2.313432835820895	0.20781	0.1926	0.18782	0.1975	0.2184	0.27197	0.29434	0.32075	0.40744	0.45963	0.53893	0.62826	0.5966	0.65354
2.309124767225326	0.21345	0.1962	0.19048	0.20102	0.22108	0.27474	0.29792	0.32231	0.40911	0.45998	0.53832	0.62764	0.59698	0.65154
2.304832713754647	0.21624	0.19917	0.19274	0.20263	0.22223	0.27522	0.29701	0.32316	0.40839	0.46007	0.53893	0.62763	0.59656	0.65258
2.300556586270872	0.22011	0.20193	0.19463	0.20479	0.22501	0.27692	0.29817	0.3232	0.40829	0.46085	0.54068	0.62929	0.59631	0.6540899999999999
2.296296296296296	0.22375	0.20528	0.19583	0.20667	0.22789	0.27882	0.29924	0.32352	0.40803	0.46046	0.54104	0.63028	0.59688	0.65445
2.292051756007394	0.22896	0.20893	0.19913	0.21058	0.23041	0.28118	0.30087	0.32537	0.41075	0.46227	0.54291	0.6311600000000001	0.60053	0.65386
2.287822878228782	0.23205	0.21135	0.20261	0.21159	0.2321	0.28235	0.30262	0.32692	0.41235	0.46289	0.54355	0.63086	0.59967	0.65464
2.283609576427256	0.23665	0.21501	0.20439	0.21478	0.23455	0.28484	0.30349	0.3284	0.41286	0.46409	0.54295	0.63168	0.60167	0.65527
2.279411764705882	0.24318	0.2187	0.21001	0.21895	0.23833	0.28759	0.30724	0.32983	0.41423	0.46568	0.54652	0.63362	0.60363	0.65817
2.275229357798165	0.24619	0.22145	0.21099	0.21937	0.24046	0.28939	0.3064	0.33066	0.41598	0.46698	0.54799	0.63408	0.60307	0.65728
2.271062271062271	0.24963	0.22466	0.21296	0.22269	0.24256	0.29083	0.30822	0.33081	0.41614	0.46782	0.54836	0.63531	0.60466	0.66125
2.26691042047532	0.25485	0.22782	0.21565	0.22456	0.24531	0.29415	0.31055	0.33165	0.41664	0.4698	0.54963	0.63702	0.60675	0.66179
2.262773722627737	0.26042	0.2322	0.21986	0.22855	0.24797	0.29683	0.31279	0.33559	0.41925	0.47254	0.55172	0.63793	0.60904	0.662
2.258652094717668	0.26429	0.23514	0.22207	0.23048	0.24988	0.29816	0.31242	0.33589	0.42032	0.47144	0.55205	0.6398200000000001	0.60778	0.66323
2.254545454545454	0.26859	0.23966	0.22481	0.23274	0.25222	0.30068	0.31335	0.33633	0.42129	0.47305	0.55409	0.64072	0.60828	0.66343
2.250453720508167	0.27314	0.2426	0.22767	0.23474	0.25341	0.3008	0.31544	0.33755	0.42051	0.47311	0.5548999999999999	0.64105	0.60999	0.66284
2.246376811594203	0.27778	0.24614	0.22906	0.23736	0.25739	0.30283	0.31585	0.33815	0.4204	0.47356	0.55571	0.6398	0.6097	0.6648500000000001
2.242314647377939	0.28424	0.25136	0.23394	0.23931	0.25831	0.30555	0.3185	0.33903	0.42192	0.47404	0.55558	0.64142	0.61072	0.66453
2.23826714801444	0.28929	0.25389	0.23576	0.24334	0.26237	0.3078	0.321	0.33987	0.42268	0.47599	0.55665	0.64166	0.61151	0.66184
2.234234234234234	0.29341	0.2583	0.23849	0.2445	0.26416	0.30827	0.3188	0.34051	0.42129	0.47519	0.55753	0.64137	0.61143	0.66306
2.230215827338129	0.29955	0.26109	0.24193	0.24798	0.26651	0.31063	0.32105	0.3409	0.42262	0.47505	0.5571	0.63793	0.60958	0.66113
2.2262118491921	0.30613	0.26604	0.24518	0.25044	0.26897	0.31199	0.32134	0.3423	0.42349	0.4743	0.55711	0.63601	0.60898	0.65935
2.222222222222222	0.30988	0.26919	0.2474	0.25246	0.27117	0.31355	0.32212	0.34035	0.42127	0.47354	0.55477	0.6354	0.60615	0.6583
2.21824686940966	0.31516	0.27328	0.25015	0.25483	0.27349	0.31564	0.32228	0.34204	0.4217	0.47424	0.5533	0.63327	0.60411	0.65729
2.214285714285714	0.31931	0.27688	0.25148	0.25654	0.27438	0.31719	0.32205	0.34086	0.42046	0.4719	0.55086	0.63074	0.60197	0.65446
2.210338680926916	0.32524	0.27927	0.25533	0.25947	0.27634	0.31781	0.32241	0.34199	0.41866	0.47016	0.54902	0.6277700000000001	0.59899	0.65119
2.206405693950178	0.33103	0.28421	0.25886	0.26263	0.27993	0.31989	0.32367	0.34115	0.41907	0.46921	0.5484599999999999	0.6238	0.59553	0.6474299999999999
2.202486678507993	0.3376	0.28863	0.26083	0.26536	0.28235	0.32179	0.32347	0.34068	0.41735	0.46768	0.54367	0.61924	0.5924700000000001	0.64255
2.198581560283688	0.34239	0.29185	0.26509	0.26808	0.28434	0.32163	0.32292	0.34101	0.41481	0.46694	0.54176	0.61598	0.58733	0.63606
2.194690265486726	0.34744	0.29625	0.26576	0.2705	0.28634	0.32343	0.32344	0.33967	0.41534	0.46385	0.53888	0.61207	0.58407	0.63336
2.190812720848057	0.3517	0.29758	0.26824	0.27067	0.28706	0.3227	0.32265	0.33854	0.41084	0.45968	0.53267	0.60433	0.57725	0.62582
2.18694885361552	0.35856	0.30292	0.27159	0.2743	0.28941	0.32497	0.32326	0.33752	0.40989	0.45969	0.5316	0.60053	0.57355	0.6188900000000001
2.183098591549296	0.36385	0.30573	0.27347	0.27436	0.29065	0.32416	0.32074	0.33557	0.40637	0.45284	0.52537	0.59272	0.56648	0.6130100000000001
2.179261862917399	0.36958	0.30974	0.27736	0.2784	0.29288	0.32646	0.32112	0.33581	0.40549	0.45122	0.52224	0.587	0.55862	0.60541
2.175438596491228	0.37577	0.31332	0.27838	0.28021	0.29506	0.32664	0.31926	0.33283	0.40072	0.44763	0.5158199999999999	0.58049	0.55378	0.59822
2.171628721541156	0.37971	0.31613	0.28124	0.28267	0.29652	0.3261	0.31806	0.33053	0.39879	0.4433	0.51086	0.57345	0.54719	0.59158
2.167832167832168	0.38674	0.32182	0.28389	0.28486	0.29796	0.32686	0.31822	0.32995	0.39646	0.44085	0.50746	0.5664	0.54169	0.58261
2.164048865619546	0.39159	0.32363	0.28603	0.28648	0.2994	0.3271	0.31843	0.32813	0.39354	0.43534	0.5016699999999999	0.55908	0.53334	0.57534
2.160278745644599	0.39718	0.327	0.28807	0.28855	0.30115	0.32683	0.31661	0.32592	0.39028	0.43289	0.49479	0.55236	0.52707	0.56837
2.156521739130435	0.40331	0.33023	0.29182	0.29092	0.30227	0.32869	0.31555	0.32519	0.38859	0.42998	0.48974	0.54473	0.51846	0.56002
2.152777777777778	0.40832	0.33473	0.29256	0.29261	0.30432	0.32831	0.31545	0.32283	0.38492	0.42458	0.48561	0.5367	0.51417	0.5533400000000001
2.149046793760832	0.41251	0.33866	0.29652	0.29611	0.30666	0.32909	0.31362	0.32077	0.38227	0.42244	0.48118	0.53141	0.50652	0.54587
2.145328719723183	0.41971	0.34284	0.29898	0.29752	0.30854	0.33047	0.31461	0.32102	0.37946	0.4194	0.47711	0.5258	0.50148	0.53585
2.141623488773748	0.4235	0.34424	0.30082	0.29841	0.31016	0.33075	0.31409	0.31865	0.3766	0.41693	0.47053	0.51869	0.49564	0.53007
2.137931034482758	0.42836	0.34787	0.30214	0.30196	0.31248	0.33127	0.31268	0.31681	0.37487	0.41317	0.46705	0.51271	0.48964	0.52404
2.134251290877797	0.43334	0.35194	0.30495	0.30385	0.31295	0.33223	0.31197	0.31563	0.37361	0.41053	0.46411	0.50848	0.48494	0.51688
2.130584192439863	0.4397	0.3561	0.30837	0.30583	0.31602	0.33305	0.31267	0.3157	0.37113	0.40763	0.46028	0.50368	0.48082	0.51184
2.126929674099486	0.4445	0.35893	0.30932	0.30756	0.31753	0.33375	0.3107	0.31422	0.36887	0.40564	0.4569	0.49824	0.47538	0.50508
2.123287671232877	0.44947	0.36247	0.3134	0.31092	0.31909	0.33633	0.31207	0.31337	0.36731	0.40422	0.45502	0.49423	0.47178	0.49979
2.11965811965812	0.45533	0.36547	0.31558	0.31394	0.32224	0.3368	0.31164	0.31343	0.36611	0.40149	0.45134	0.48996	0.46796	0.49752
2.116040955631399	0.46025	0.37014	0.31821	0.31536	0.32458	0.33856	0.31134	0.31225	0.36523	0.39966	0.44844	0.48758	0.46386	0.48883
2.112436115843271	0.46633	0.37306	0.31992	0.31766	0.32562	0.33911	0.31202	0.31354	0.36424	0.39805	0.44731	0.48398	0.46072	0.48845
2.108843537414966	0.47068	0.37799	0.32337	0.32175	0.32889	0.34123	0.31308	0.31331	0.36465	0.39823	0.44695	0.48265	0.46089	0.48567
2.105263157894737	0.47618	0.38157	0.32658	0.32337	0.33128	0.34461	0.3156	0.31302	0.36378	0.39756	0.44463	0.48096	0.45871	0.48364
2.101694915254237	0.48076	0.38521	0.32944	0.32561	0.33193	0.34419	0.31426	0.31105	0.36359	0.39539	0.4425	0.47876	0.4553	0.47978
2.098138747884941	0.48704	0.38896	0.3318	0.32849	0.33502	0.34612	0.31456	0.31284	0.36175	0.39598	0.44272	0.47587	0.45371	0.47623
2.094594594594595	0.49425	0.39483	0.33617	0.33235	0.33913	0.34958	0.31575	0.31427	0.36286	0.3968	0.44215	0.47692	0.45516	0.47538
2.09106239460371	0.49914	0.39709	0.33777	0.33194	0.33921	0.35048	0.31633	0.31322	0.36097	0.39582	0.44221	0.47394	0.45237	0.47667
2.087542087542087	0.50206	0.40065	0.33979	0.33525	0.34188	0.35169	0.31579	0.31362	0.36149	0.3946	0.44039	0.47288	0.45051	0.47356
2.084033613445378	0.5097699999999999	0.40589	0.34366	0.34028	0.34541	0.35519	0.31924	0.31452	0.36388	0.39751	0.44335	0.47316	0.45184	0.47203
2.080536912751678	0.51469	0.40956	0.34723	0.34172	0.3474	0.35742	0.31971	0.31519	0.3624	0.3976	0.44277	0.47327	0.45078	0.47302
2.077051926298157	0.5223	0.414	0.35037	0.34458	0.35149	0.35919	0.32061	0.31658	0.36185	0.39824	0.44309	0.47302	0.4501	0.47105
2.073578595317726	0.52876	0.41887	0.35529	0.35019	0.3551	0.36178	0.3236	0.31855	0.36466	0.39828	0.44438	0.47417	0.45148	0.47076
2.070116861435726	0.53459	0.42349	0.35841	0.35187	0.35646	0.3631	0.3247	0.31914	0.36556	0.39878	0.44365	0.47192	0.45316	0.46905
2.066666666666667	0.54071	0.42745	0.35978	0.35403	0.35906	0.36493	0.32458	0.31998	0.36553	0.3994	0.44436	0.47269	0.45272	0.46977
2.063227953410982	0.5454599999999999	0.43328	0.36291	0.35748	0.36342	0.36769	0.32764	0.32036	0.36525	0.39961	0.44253	0.47157	0.45125	0.46911
2.059800664451827	0.55267	0.43679	0.36813	0.36137	0.36586	0.36999	0.32802	0.32102	0.36611	0.39878	0.44457	0.47129	0.45103	0.46612
2.056384742951907	0.56072	0.44354	0.37151	0.36622	0.36937	0.3731	0.33059	0.32346	0.36674	0.39995	0.44381	0.47149	0.44923	0.46645
2.052980132450331	0.56596	0.44681	0.37316	0.36609	0.37077	0.37389	0.33051	0.32195	0.36449	0.39774	0.44253	0.46689	0.44754	0.46438
2.049586776859504	0.57142	0.44829	0.37423	0.36932	0.37233	0.37331	0.32786	0.32071	0.36464	0.39658	0.44008	0.46395	0.44317	0.46236
2.046204620462046	0.57919	0.45406	0.38083	0.37355	0.37687	0.37823	0.33254	0.32287	0.3654	0.39688	0.44164	0.46368	0.44242	0.45647
2.042833607907743	0.58511	0.45946	0.38215	0.37482	0.3779	0.37922	0.33089	0.3215	0.36263	0.39484	0.43815	0.45814	0.43803	0.45342
2.039473684210526	0.5914	0.46596	0.38543	0.37952	0.38101	0.38059	0.3328	0.32155	0.36428	0.39528	0.43655	0.45598	0.43612	0.44929
2.036124794745485	0.59944	0.46982	0.39037	0.38275	0.38601	0.38244	0.33477	0.32235	0.36392	0.39469	0.43359	0.45191	0.43149	0.44512
2.032786885245902	0.60655	0.47343	0.39176	0.38344	0.38771	0.3838	0.33379	0.32119	0.35933	0.39121	0.42861	0.44495	0.4268	0.43979
2.029459901800327	0.61302	0.4783	0.39414	0.38778	0.38726	0.38505	0.33306	0.32116	0.35682	0.38611	0.42503	0.43787	0.41884	0.43295
2.026143790849673	0.62154	0.48321	0.4011	0.39168	0.39192	0.38667	0.3341	0.32049	0.35664	0.3854	0.42219	0.43424	0.41547	0.42516
2.022838499184339	0.62561	0.48537	0.40142	0.39121	0.39269	0.38771	0.33285	0.3176	0.35324	0.38249	0.41611	0.42706	0.4069	0.41753
2.019543973941368	0.63068	0.48848	0.40308	0.39456	0.39374	0.38779	0.33208	0.31877	0.34996	0.37743	0.4091	0.41838	0.3995	0.40755
2.016260162601626	0.636	0.49337	0.40691	0.39615	0.39689	0.38714	0.33001	0.3156	0.34784	0.37247	0.40389	0.41005	0.3908	0.39959
2.012987012987013	0.64371	0.49733	0.40756	0.39967	0.39664	0.38754	0.33007	0.31425	0.34492	0.36954	0.39967	0.4024	0.38309	0.39006
2.009724473257699	0.6471	0.50009	0.40961	0.39988	0.39963	0.38828	0.32904	0.31211	0.34133	0.36392	0.39228	0.39221	0.37461	0.37817
2.006472491909385	0.65328	0.50288	0.41335	0.40154	0.40019	0.38728	0.32657	0.30842	0.33755	0.35825	0.38424	0.38283	0.36446	0.36828
2.003231017770598	0.65625	0.50595	0.41461	0.40379	0.40096	0.38917	0.32591	0.30582	0.33422	0.35568	0.3774	0.37425	0.35578	0.35796
2	0.66318	0.50845	0.41647	0.40515	0.40186	0.38904	0.32345	0.30418	0.32875	0.34931	0.36922	0.36246	0.34516	0.34487
1.996779388083736	0.667	0.5085499999999999	0.41614	0.40587	0.40178	0.3872	0.32232	0.30039	0.32442	0.34238	0.36233	0.3514	0.33324	0.33382
1.993569131832797	0.67159	0.51451	0.41977	0.40878	0.4053	0.3902	0.32126	0.29996	0.3229	0.34012	0.35678	0.34388	0.32565	0.32142
1.990369181380417	0.6754599999999999	0.51464	0.41987	0.40863	0.40563	0.38646	0.31893	0.29717	0.31607	0.3344	0.34677	0.33298	0.31684	0.31276
1.987179487179487	0.67735	0.5175999999999999	0.42202	0.41059	0.40486	0.38763	0.31689	0.2929	0.31132	0.32894	0.33824	0.32198	0.30585	0.29947
1.984	0.68418	0.5202	0.42286	0.41149	0.40541	0.38641	0.31413	0.29101	0.30852	0.3224	0.33089	0.31189	0.29597	0.28601
1.980830670926518	0.68708	0.5213	0.42354	0.41277	0.4073	0.3854	0.31195	0.28656	0.30361	0.31659	0.3228	0.30007	0.28724	0.2745
1.977671451355662	0.68925	0.5235	0.42525	0.41306	0.40852	0.38635	0.31209	0.28363	0.30055	0.3124	0.31536	0.2922	0.2783	0.26435
1.974522292993631	0.69046	0.52346	0.4258	0.41482	0.40917	0.38572	0.31081	0.28199	0.29625	0.30655	0.30961	0.28177	0.26917	0.25396
1.971383147853736	0.69273	0.52442	0.42656	0.41308	0.40722	0.38336	0.30718	0.2773	0.29021	0.30157	0.3006	0.27226	0.25772	0.24454
1.968253968253968	0.69478	0.5275	0.42601	0.41415	0.40825	0.38418	0.30682	0.27605	0.28729	0.29677	0.29415	0.26517	0.24941	0.23275
1.96513470681458	0.6982	0.52807	0.42703	0.41466	0.40807	0.38253	0.30435	0.27323	0.28439	0.29158	0.28737	0.25623	0.24208	0.22306
1.962025316455696	0.69873	0.52833	0.42664	0.41325	0.40706	0.38033	0.30147	0.27073	0.28017	0.28627	0.28084	0.24753	0.23315	0.21325
1.958925750394945	0.69829	0.52845	0.42592	0.41541	0.40649	0.37973	0.30066	0.26775	0.2761	0.28267	0.27458	0.23913	0.22427	0.20596
1.95583596214511	0.70069	0.52813	0.42722	0.41591	0.40844	0.37993	0.29832	0.26506	0.2715	0.27774	0.26821	0.23167	0.21806	0.19619
1.952755905511811	0.70277	0.5283099999999999	0.42843	0.41605	0.40611	0.37812	0.29685	0.26376	0.26808	0.27442	0.26303	0.22585	0.21093	0.18844
1.949685534591195	0.7020999999999999	0.53006	0.42694	0.41418	0.40468	0.3776	0.29461	0.2606	0.26459	0.26922	0.2582	0.21641	0.20377	0.18181
1.946624803767661	0.70212	0.52901	0.42746	0.41663	0.406	0.37744	0.29445	0.25865	0.26239	0.26626	0.25418	0.21262	0.19757	0.17528
1.943573667711599	0.70216	0.53164	0.428	0.41546	0.40574	0.37599	0.29255	0.25695	0.25892	0.26349	0.24931	0.20726	0.19246	0.16703
1.940532081377152	0.70401	0.53083	0.42691	0.41354	0.40472	0.37598	0.2902	0.25491	0.25648	0.26014	0.24208	0.20092	0.1868	0.16041
1.9375	0.7039299999999999	0.53041	0.4289	0.41562	0.40575	0.37605	0.28977	0.25298	0.25414	0.25756	0.23994	0.19606	0.18014	0.15638
1.934477379095164	0.70261	0.53017	0.42804	0.41423	0.40345	0.37453	0.28996	0.25073	0.25149	0.25383	0.23507	0.19101	0.17711	0.14839
1.931464174454829	0.70267	0.52967	0.42592	0.4142	0.4022	0.37444	0.28635	0.24962	0.25046	0.25109	0.23063	0.18571	0.17176	0.14327
1.92846034214619	0.70353	0.52749	0.42647	0.41158	0.40108	0.37078	0.28511	0.24722	0.24456	0.24874	0.22541	0.18117	0.16548	0.1404
1.925465838509317	0.70195	0.52837	0.42646	0.41387	0.40327	0.37193	0.28577	0.24654	0.24455	0.2446	0.2239	0.17966	0.16266	0.13505
1.922480620155039	0.70353	0.5295800000000001	0.42591	0.41361	0.40226	0.37174	0.28293	0.24347	0.24258	0.243	0.22126	0.17492	0.15922	0.13119
1.919504643962848	0.70697	0.52961	0.42675	0.41445	0.40297	0.37128	0.28443	0.24512	0.24278	0.24326	0.21949	0.1723	0.15848	0.12741
1.916537867078825	0.70553	0.53086	0.42679	0.4135	0.40432	0.37181	0.28271	0.2434	0.24152	0.24122	0.21796	0.16924	0.15374	0.12388
1.91358024691358	0.7052	0.53059	0.42702	0.41503	0.40362	0.37117	0.28318	0.24202	0.23956	0.24083	0.21466	0.16733	0.14959	0.12001
1.910631741140216	0.70605	0.53264	0.4275	0.41448	0.40574	0.37256	0.28319	0.24114	0.23978	0.23885	0.21446	0.16566	0.14904	0.11726
1.907692307692308	0.70584	0.53081	0.42534	0.41336	0.40247	0.36824	0.28174	0.23812	0.23603	0.23431	0.20948	0.16098	0.14317	0.11377
1.904761904761905	0.7083700000000001	0.53125	0.4292	0.41553	0.4026	0.37001	0.28218	0.24018	0.23711	0.23569	0.20949	0.16003	0.14179	0.11194
1.901840490797546	0.70694	0.53239	0.42765	0.41553	0.4043	0.36981	0.28201	0.23954	0.23546	0.23514	0.20798	0.15854	0.13955	0.10968
1.898928024502297	0.71211	0.53332	0.42998	0.41622	0.4042	0.37283	0.28297	0.24061	0.23522	0.23328	0.20565	0.1567	0.13807	0.10873
1.896024464831804	0.7114	0.53428	0.42954	0.41708	0.40559	0.37354	0.28162	0.24035	0.23493	0.23294	0.20517	0.15572	0.13644	0.1059
1.893129770992366	0.71321	0.53716	0.43316	0.4193	0.40856	0.37342	0.28343	0.24096	0.23529	0.23251	0.20422	0.15425	0.13529	0.10391
1.890243902439024	0.7164700000000001	0.53854	0.43221	0.41885	0.4082	0.37349	0.2834	0.23853	0.23309	0.2307	0.20209	0.15195	0.13131	0.10153
1.887366818873668	0.71801	0.53881	0.43329	0.42089	0.40883	0.3744	0.2843	0.2396	0.23196	0.23	0.20179	0.14888	0.12905	0.10007
1.884498480243161	0.72005	0.54076	0.43576	0.42402	0.41019	0.37668	0.28411	0.2409	0.2351	0.23072	0.2021	0.14975	0.1293	0.0988
1.881638846737481	0.72444	0.54393	0.43731	0.42391	0.4113	0.37685	0.2858	0.24046	0.23347	0.23035	0.19924	0.14779	0.12603	0.09815
1.878787878787879	0.72539	0.5465	0.4388	0.42641	0.41538	0.37917	0.28685	0.2401	0.23378	0.22996	0.19958	0.14736	0.12591	0.09463000000000001
1.875945537065053	0.72979	0.54809	0.44154	0.42647	0.41541	0.38222	0.28768	0.24121	0.23474	0.2307	0.20053	0.14633	0.12461	0.09514
1.873111782477341	0.73422	0.55314	0.44223	0.42889	0.41699	0.3819	0.28825	0.24173	0.23381	0.22943	0.19681	0.14628	0.12238	0.09257
1.870286576168929	0.73611	0.55442	0.44453	0.42995	0.41767	0.38154	0.2883	0.24249	0.23274	0.2304	0.19779	0.1449	0.12084	0.09399
1.867469879518072	0.7403	0.55838	0.44651	0.43375	0.42119	0.38514	0.29072	0.24409	0.23529	0.2313	0.19941	0.14387	0.12087	0.09013
1.864661654135338	0.74483	0.55962	0.45034	0.43549	0.42354	0.38877	0.29213	0.24532	0.23533	0.23064	0.19852	0.14404	0.11975	0.09099
1.861861861861862	0.74959	0.5631	0.4506	0.43929	0.42604	0.38952	0.29283	0.24439	0.23743	0.23156	0.19817	0.14415	0.11851	0.089
1.859070464767616	0.75227	0.56455	0.45346	0.43825	0.42756	0.38924	0.29389	0.24517	0.23542	0.2307	0.19694	0.14125	0.11635	0.08705
1.856287425149701	0.75418	0.5688	0.456	0.44223	0.43056	0.39276	0.29612	0.24679	0.23671	0.23153	0.19746	0.1409	0.11627	0.08846
1.853512705530643	0.76135	0.57284	0.45839	0.44448	0.43142	0.39446	0.29587	0.24638	0.23702	0.23108	0.19732	0.1408	0.11467	0.08561000000000001
1.850746268656716	0.76429	0.57634	0.46244	0.44748	0.43384	0.39608	0.29757	0.2492	0.2361	0.23275	0.1964	0.1396	0.11264	0.08505
1.847988077496274	0.7719200000000001	0.5807600000000001	0.46394	0.44968	0.437	0.39815	0.29991	0.24929	0.23798	0.23286	0.19747	0.13953	0.11435	0.08405
1.845238095238095	0.77371	0.58519	0.46968	0.45298	0.44001	0.40292	0.30393	0.25258	0.23876	0.23248	0.19901	0.13993	0.11369	0.08264000000000001
1.842496285289747	0.77858	0.58897	0.47151	0.45632	0.44169	0.40474	0.30433	0.25277	0.24074	0.23484	0.19746	0.14065	0.11286	0.08323
1.839762611275964	0.78279	0.59287	0.4759	0.45904	0.44397	0.40596	0.30577	0.25385	0.24172	0.23629	0.19813	0.13894	0.11327	0.08076999999999999
1.837037037037037	0.78699	0.59292	0.47638	0.45916	0.44528	0.40645	0.30434	0.25191	0.24099	0.23258	0.19564	0.13672	0.10979	0.08177
1.834319526627219	0.78784	0.59546	0.47554	0.46319	0.44715	0.40756	0.30423	0.25322	0.23899	0.23392	0.19587	0.13675	0.10826	0.08167000000000001
1.831610044313146	0.79517	0.59794	0.47951	0.46324	0.45019	0.40882	0.30712	0.25394	0.24103	0.23488	0.19556	0.13433	0.10816	0.07922
1.828908554572271	0.79794	0.6062	0.48548	0.46912	0.45401	0.41519	0.31247	0.25697	0.24334	0.23676	0.19678	0.13598	0.10789	0.07901
1.826215022091311	0.80196	0.60602	0.48745	0.47207	0.45833	0.41507	0.3126	0.2572	0.2425	0.23859	0.19749	0.13511	0.10696	0.07914
1.823529411764706	0.80181	0.60936	0.48907	0.47244	0.45724	0.41754	0.31189	0.25705	0.24487	0.23636	0.19692	0.13492	0.10862	0.07936
1.820851688693098	0.80303	0.6096200000000001	0.48935	0.47195	0.45796	0.41677	0.31256	0.25628	0.24227	0.23647	0.19425	0.13148	0.10455	0.07889
1.818181818181818	0.80462	0.6132300000000001	0.49286	0.47255	0.46109	0.4204	0.3145	0.25933	0.24249	0.23684	0.19622	0.13311	0.10499	0.07972
1.815519765739385	0.80732	0.61433	0.49425	0.47567	0.46178	0.41754	0.31584	0.25862	0.24218	0.23796	0.19437	0.13203	0.10391	0.07809000000000001
1.812865497076023	0.80909	0.61591	0.4961	0.47699	0.46179	0.42102	0.31525	0.26013	0.24272	0.23595	0.19449	0.13068	0.10288	0.07563
1.81021897810219	0.80632	0.61491	0.4937	0.47934	0.46386	0.4218	0.31513	0.25638	0.24147	0.23539	0.19388	0.12936	0.1023	0.07722999999999999
1.807580174927114	0.80879	0.61651	0.49928	0.479	0.46613	0.42229	0.31801	0.25891	0.24217	0.23642	0.19586	0.13016	0.10401	0.07696
1.804949053857351	0.80687	0.6145699999999999	0.49638	0.47855	0.46166	0.42106	0.31501	0.25623	0.23863	0.23438	0.19056	0.1277	0.09855999999999999	0.0755
1.802325581395349	0.80611	0.6182299999999999	0.49738	0.48081	0.46375	0.42101	0.31502	0.25791	0.23968	0.23247	0.19149	0.12814	0.10262	0.0741
1.799709724238026	0.80545	0.61624	0.50012	0.48029	0.46353	0.42238	0.31521	0.25669	0.23992	0.23279	0.19162	0.12803	0.10046	0.07441
1.797101449275362	0.80174	0.61768	0.50015	0.48033	0.46451	0.42046	0.31527	0.25699	0.23797	0.23208	0.18957	0.12652	0.09789	0.0735
1.794500723589001	0.7984599999999999	0.61373	0.49854	0.47824	0.4632	0.4201	0.31493	0.25526	0.23701	0.22945	0.18859	0.12498	0.09773	0.07516
1.791907514450867	0.79638	0.614	0.49819	0.47598	0.4602	0.41834	0.31184	0.25337	0.2338	0.22762	0.18604	0.12342	0.09647	0.0755
1.789321789321789	0.79357	0.61056	0.49871	0.47634	0.46107	0.41784	0.31133	0.25473	0.23436	0.22737	0.18645	0.12169	0.09536	0.07368
1.786743515850144	0.78917	0.60845	0.4958	0.47589	0.45934	0.41761	0.31035	0.25305	0.23231	0.22725	0.18647	0.12243	0.09671	0.07259
1.784172661870504	0.7821399999999999	0.60446	0.4947	0.47351	0.45665	0.41435	0.30911	0.25168	0.23147	0.22627	0.18361	0.11988	0.09474	0.07216
1.781609195402299	0.77508	0.60379	0.49236	0.47238	0.45766	0.41317	0.30745	0.25165	0.22974	0.22339	0.18143	0.11928	0.09248000000000001	0.07358000000000001
1.779053084648494	0.77027	0.60005	0.49083	0.47099	0.45358	0.40856	0.30585	0.24921	0.22626	0.22227	0.18067	0.11835	0.09271	0.07205
1.776504297994269	0.76417	0.59746	0.49159	0.46918	0.45321	0.40912	0.30438	0.2467	0.22682	0.22138	0.18151	0.11891	0.09440999999999999	0.07154000000000001
1.773962804005722	0.75864	0.5934700000000001	0.48965	0.46502	0.45039	0.4078	0.3036	0.24706	0.22437	0.21944	0.17988	0.11712	0.09177	0.07047
1.771428571428571	0.75164	0.58694	0.48664	0.46326	0.4465	0.40404	0.29883	0.2438	0.22407	0.21637	0.1765	0.11775	0.09179	0.07326000000000001
1.768901569186876	0.74158	0.58012	0.48006	0.45675	0.44232	0.39791	0.29642	0.23979	0.21789	0.21399	0.17382	0.11386	0.08752	0.0717
1.766381766381766	0.73139	0.57699	0.47878	0.45612	0.44034	0.39678	0.29443	0.23834	0.21744	0.21347	0.17324	0.11424	0.08767999999999999	0.07296999999999999
1.763869132290185	0.723	0.57131	0.47683	0.45252	0.43778	0.39327	0.29164	0.23624	0.21456	0.21205	0.17229	0.11176	0.09056	0.06985
1.761363636363636	0.7140300000000001	0.5651	0.47425	0.44839	0.43275	0.39049	0.28947	0.23316	0.21284	0.2083	0.17	0.11127	0.08833000000000001	0.06992
1.75886524822695	0.70265	0.55904	0.46688	0.44251	0.4267	0.38547	0.2872	0.23166	0.20935	0.20566	0.16799	0.10984	0.08618000000000001	0.07074
1.756373937677054	0.6905	0.55357	0.46429	0.4386	0.42279	0.38183	0.28325	0.22762	0.20757	0.20394	0.1657	0.11028	0.08626	0.06822
1.753889674681754	0.68187	0.5454	0.45987	0.43613	0.42103	0.37878	0.28145	0.22621	0.20592	0.20151	0.16353	0.10722	0.08649	0.07065
1.751412429378531	0.67083	0.53991	0.45619	0.42787	0.4148	0.3727	0.2775	0.22366	0.2016	0.19823	0.16172	0.10604	0.08488	0.06771000000000001
1.748942172073343	0.65896	0.53289	0.45235	0.42819	0.41201	0.36929	0.27501	0.22192	0.20162	0.1964	0.16171	0.10643	0.08566	0.06850000000000001
1.746478873239437	0.6464299999999999	0.5222599999999999	0.44414	0.42032	0.40416	0.36479	0.26933	0.21645	0.19862	0.19386	0.15912	0.10484	0.08488999999999999	0.06789000000000001
1.744022503516174	0.63593	0.51593	0.44104	0.41543	0.40157	0.359	0.26802	0.21435	0.19515	0.19234	0.15604	0.10415	0.08191	0.06594999999999999
1.741573033707865	0.6245000000000001	0.51032	0.44064	0.41288	0.39511	0.35627	0.2646	0.21203	0.19388	0.19042	0.15619	0.10528	0.08394	0.06987
1.739130434782609	0.6128	0.5028899999999999	0.43202	0.40656	0.38965	0.3497	0.26034	0.20846	0.19072	0.18698	0.15278	0.10102	0.08284	0.06741999999999999
1.736694677871149	0.59766	0.49127	0.42453	0.39843	0.38252	0.34327	0.25471	0.20355	0.18674	0.18072	0.14854	0.09989000000000001	0.07883999999999999	0.06821000000000001
1.734265734265734	0.58799	0.4845	0.41986	0.39384	0.3777	0.34041	0.24926	0.20048	0.1832	0.18001	0.14785	0.09981	0.08058	0.0679
1.731843575418994	0.57354	0.47505	0.41418	0.38833	0.37368	0.33456	0.24671	0.19926	0.17936	0.17637	0.14237	0.09712	0.07733	0.0663
1.729428172942817	0.56248	0.46879	0.40815	0.38276	0.36789	0.33049	0.24464	0.1949	0.17934	0.17581	0.14553	0.09969	0.08121	0.06507
1.727019498607242	0.55023	0.46314	0.40453	0.37655	0.36103	0.3258	0.23945	0.19241	0.17525	0.17149	0.14252	0.09478	0.07928	0.06716999999999999
1.72461752433936	0.54093	0.45515	0.39907	0.37252	0.35705	0.32004	0.23832	0.19178	0.17329	0.17205	0.141	0.09815	0.07976999999999999	0.06789000000000001
1.722222222222222	0.52297	0.44614	0.388	0.36203	0.35077	0.31388	0.23199	0.18576	0.16742	0.16594	0.1363	0.09242	0.07674	0.06564
1.719833564493759	0.51355	0.436	0.38081	0.35804	0.34269	0.30764	0.22531	0.18008	0.16497	0.16223	0.13638	0.0919	0.07480000000000001	0.06544
1.717451523545706	0.50201	0.42757	0.37433	0.35075	0.3365	0.30235	0.22158	0.17698	0.16014	0.16096	0.13216	0.08957	0.07615	0.06487
1.715076071922545	0.49125	0.41776	0.36991	0.34413	0.33186	0.29689	0.21991	0.17573	0.16031	0.15757	0.13016	0.08946999999999999	0.07505000000000001	0.0635
1.712707182320442	0.48048	0.41341	0.36619	0.34155	0.32644	0.29595	0.21625	0.17389	0.16058	0.15988	0.13233	0.09097	0.0756	0.06378
1.710344827586207	0.4689	0.40326	0.36096	0.33331	0.32026	0.28754	0.21127	0.16888	0.15537	0.15262	0.12704	0.08903999999999999	0.07443	0.06335
1.707988980716253	0.45696	0.39895	0.35436	0.32885	0.31546	0.28223	0.20701	0.16687	0.15248	0.15366	0.12901	0.09028	0.07618	0.06346
1.705639614855571	0.44617	0.38656	0.34773	0.32039	0.30708	0.27553	0.20352	0.16184	0.14894	0.14873	0.12537	0.08816	0.07174999999999999	0.06395000000000001
1.703296703296703	0.43506	0.37881	0.3406	0.31207	0.30288	0.27202	0.19884	0.15728	0.14873	0.14482	0.12051	0.08591	0.07283000000000001	0.06612
1.700960219478738	0.42294	0.37023	0.33463	0.30744	0.29657	0.26614	0.1949	0.1569	0.143	0.14317	0.12028	0.08538999999999999	0.07178	0.06436
1.698630136986301	0.41269	0.36394	0.32905	0.30151	0.29067	0.25839	0.19084	0.15401	0.14254	0.14082	0.11904	0.08487	0.07340000000000001	0.06351999999999999
1.696306429548564	0.40159	0.35453	0.31841	0.29409	0.28286	0.25308	0.18468	0.14826	0.13627	0.13703	0.11604	0.08204	0.07152	0.06329
1.693989071038251	0.3925	0.34493	0.31516	0.28997	0.27888	0.24932	0.1827	0.14419	0.13536	0.13521	0.11354	0.08198	0.07099999999999999	0.06212
1.691678035470668	0.3842	0.3385	0.30823	0.28303	0.26991	0.24183	0.17787	0.14168	0.13388	0.13298	0.11315	0.08108	0.07327	0.06202
1.689373297002725	0.37381	0.32985	0.30247	0.27686	0.26698	0.23746	0.1724	0.14017	0.13182	0.13183	0.11173	0.08271000000000001	0.07004000000000001	0.05972
1.687074829931973	0.36483	0.32187	0.29819	0.27292	0.26142	0.23359	0.17067	0.13568	0.12843	0.12872	0.1106	0.08076	0.07048	0.06575
1.684782608695652	0.35234	0.31692	0.28775	0.26209	0.25304	0.22449	0.1635	0.12983	0.12391	0.12386	0.10547	0.07668	0.06737	0.06365
1.682496607869742	0.34651	0.30661	0.28537	0.2573	0.24721	0.21949	0.16027	0.12951	0.12205	0.12144	0.10434	0.07863000000000001	0.06745	0.06174
1.680216802168022	0.33668	0.30109	0.27715	0.24955	0.23862	0.21335	0.1576	0.12663	0.1187	0.11972	0.10229	0.07914	0.06827999999999999	0.06252000000000001
1.677943166441137	0.32621	0.29239	0.26839	0.24475	0.23533	0.21086	0.15227	0.12296	0.11709	0.11679	0.10274	0.07496999999999999	0.06642000000000001	0.06163
1.675675675675676	0.32071	0.28501	0.26522	0.23892	0.22975	0.205	0.14823	0.11996	0.1133	0.11611	0.10004	0.07492	0.06644	0.06182
1.673414304993252	0.31631	0.28073	0.26138	0.23611	0.2266	0.20148	0.14744	0.11911	0.11393	0.1157	0.10154	0.07534	0.06834	0.06225
1.671159029649596	0.30867	0.27238	0.25536	0.22928	0.21973	0.19409	0.14133	0.11713	0.11137	0.11297	0.09605	0.07541	0.06743	0.06313000000000001
1.668909825033647	0.29701	0.26974	0.25059	0.21902	0.21537	0.1912	0.13938	0.11138	0.10791	0.11018	0.09729	0.07289	0.06646000000000001	0.06476
1.666666666666667	0.29326	0.2619	0.24324	0.21558	0.20657	0.18558	0.1373	0.10862	0.10774	0.10753	0.09341000000000001	0.07138	0.06439	0.05921
1.664429530201342	0.28432	0.2555	0.23842	0.21229	0.20331	0.18115	0.13348	0.11065	0.10251	0.10616	0.09606000000000001	0.07224	0.06648999999999999	0.06126
1.662198391420912	0.27989	0.24805	0.23076	0.20558	0.19845	0.17561	0.12843	0.10496	0.10221	0.10344	0.08986	0.07005	0.06519	0.06084
1.659973226238286	0.27052	0.23972	0.22721	0.20031	0.19342	0.17233	0.12535	0.10079	0.10005	0.10043	0.08881	0.06913999999999999	0.06225	0.05851
1.657754010695187	0.26605	0.23712	0.22235	0.1943	0.19103	0.16884	0.12518	0.09993	0.09666	0.09866	0.08903999999999999	0.07026	0.06319	0.05993
1.655540720961282	0.25963	0.23402	0.21723	0.19274	0.18513	0.1647	0.12082	0.09795	0.09472	0.09593	0.08724999999999999	0.07002	0.06142	0.06119
1.653333333333333	0.25556	0.2267	0.2149	0.18728	0.1817	0.16532	0.12074	0.09829	0.09520000000000001	0.09703000000000001	0.0878	0.07008	0.06244	0.06111
1.651131824234354	0.24812	0.2209	0.20987	0.18154	0.17468	0.15728	0.11735	0.09396	0.09315	0.09107999999999999	0.08221000000000001	0.06938	0.06191	0.05885
1.648936170212766	0.24601	0.21751	0.20657	0.17956	0.17397	0.1531	0.11271	0.09146	0.09174	0.09375	0.08620999999999999	0.06891	0.0622	0.0599
1.646746347941567	0.24201	0.21325	0.20165	0.17796	0.16979	0.1532	0.11293	0.09254999999999999	0.09131	0.09414	0.08672000000000001	0.07045999999999999	0.06526999999999999	0.06162
1.644562334217507	0.23821	0.20592	0.19632	0.17019	0.16629	0.14897	0.10969	0.08865000000000001	0.09463000000000001	0.08949	0.08476	0.06897	0.06324	0.06071
1.642384105960265	0.23318	0.20469	0.19258	0.17031	0.1629	0.14723	0.10588	0.08658	0.08645	0.09035	0.0824	0.06916	0.06165	0.05891
1.64021164021164	0.22558	0.20123	0.18775	0.16247	0.15495	0.14	0.10296	0.08569	0.08674	0.08803	0.08017000000000001	0.06612999999999999	0.06308	0.05852
1.638044914134742	0.22485	0.19514	0.18651	0.16036	0.15525	0.13978	0.10086	0.08411	0.08452999999999999	0.08845	0.08155999999999999	0.06683	0.06097	0.05976
1.635883905013193	0.21748	0.19235	0.18046	0.1528	0.15262	0.13573	0.10041	0.08093	0.08416999999999999	0.08656999999999999	0.07914	0.06666	0.06234	0.06107
1.633728590250329	0.21307	0.1847	0.17722	0.15491	0.14595	0.13212	0.09648	0.07861	0.08289000000000001	0.08309999999999999	0.07524	0.06507	0.05912	0.05975
1.631578947368421	0.20845	0.18246	0.17206	0.15198	0.14704	0.13132	0.09669999999999999	0.07618999999999999	0.08272	0.0847	0.07504	0.06642000000000001	0.06249	0.05859
1.629434954007884	0.20737	0.18097	0.16909	0.1466	0.14368	0.12746	0.09767000000000001	0.07833	0.08225	0.08283	0.07514	0.06648999999999999	0.06078	0.0592
1.627296587926509	0.20618	0.17726	0.16833	0.14655	0.14108	0.12742	0.09049	0.07994999999999999	0.08006000000000001	0.08197	0.07552	0.06557	0.06089	0.05747
1.625163826998689	0.2008	0.17168	0.16542	0.14149	0.13528	0.12617	0.08962000000000001	0.07733	0.07630000000000001	0.07757	0.07351000000000001	0.06467000000000001	0.05783	0.05481
1.62303664921466	0.19879	0.16905	0.16415	0.1368	0.13479	0.12392	0.08766	0.07371999999999999	0.07464	0.07819	0.07226	0.06333999999999999	0.05985	0.05718
1.620915032679739	0.19331	0.16894	0.16079	0.13486	0.13231	0.12007	0.08842999999999999	0.07562000000000001	0.07785	0.08015	0.07396999999999999	0.06686	0.06211	0.05631
1.618798955613577	0.19373	0.16581	0.15647	0.13628	0.12786	0.11801	0.08450000000000001	0.07389999999999999	0.07596	0.07632	0.0755	0.06551	0.06344	0.05698
1.616688396349413	0.18605	0.15806	0.14983	0.12867	0.12659	0.11348	0.0854	0.07034	0.06737	0.07521	0.06812	0.06247	0.05577	0.05834
1.614583333333333	0.18296	0.15573	0.14688	0.12503	0.12213	0.1108	0.07961	0.06949	0.07172000000000001	0.07547	0.06748999999999999	0.06222	0.05752	0.05472
1.612483745123537	0.18114	0.15317	0.14649	0.12477	0.12172	0.10888	0.08334999999999999	0.06769	0.07418	0.07095	0.07092	0.06132	0.05493	0.05566
1.61038961038961	0.1791	0.15154	0.1403	0.12154	0.11631	0.10737	0.07854999999999999	0.06501999999999999	0.06895	0.07237	0.06902999999999999	0.05827	0.05746	0.05704
1.608300907911803	0.17426	0.15541	0.14553	0.12328	0.12174	0.10907	0.08119	0.06636	0.07235999999999999	0.0784	0.07077	0.06424000000000001	0.06037	0.05765
1.606217616580311	0.1713	0.14729	0.13996	0.11916	0.11782	0.102	0.07993	0.06793	0.07296	0.07528	0.07056999999999999	0.06116	0.05867	0.05431
1.604139715394567	0.17384	0.14384	0.13535	0.11374	0.11241	0.10205	0.07815999999999999	0.06294	0.06451	0.07194	0.06845	0.06073	0.05877	0.05635
1.602067183462532	0.16751	0.14083	0.13822	0.11552	0.11202	0.10163	0.07675999999999999	0.06383	0.06655	0.07102	0.068	0.05935	0.05307	0.05331
1.6	0.16453	0.1412	0.13193	0.11139	0.10464	0.09859	0.0728	0.06189	0.06909	0.06943000000000001	0.0639	0.06116	0.05723	0.05321
1.597938144329897	0.1638	0.13337	0.12881	0.10678	0.10503	0.09463000000000001	0.07081	0.0617	0.06414	0.06615	0.06337	0.05758	0.05521	0.05486
1.595881595881596	0.16289	0.1364	0.12786	0.11198	0.10559	0.10164	0.0721	0.06204	0.06637999999999999	0.07432999999999999	0.06897	0.06126	0.05771	0.05573
1.593830334190231	0.16421	0.13557	0.12548	0.10814	0.1047	0.09526999999999999	0.06943000000000001	0.05941	0.06662999999999999	0.07005	0.06558	0.0603	0.05767	0.05516
1.59178433889602	0.1558	0.131	0.12525	0.10555	0.10174	0.09470000000000001	0.07011000000000001	0.06014	0.06547	0.06766999999999999	0.06695	0.05922	0.05747	0.0547
1.58974358974359	0.15627	0.13074	0.12514	0.10433	0.10159	0.09215	0.07134	0.05826	0.06268	0.06929	0.06832000000000001	0.05746	0.05663	0.05345
1.587708066581306	0.15593	0.13164	0.12575	0.10524	0.10024	0.09207	0.06819	0.06285	0.06629	0.06864000000000001	0.06845	0.05844	0.05811	0.05713
1.585677749360614	0.15399	0.12745	0.12182	0.09936	0.09751	0.09256	0.06949	0.0588	0.06501	0.06661	0.06683	0.05785	0.05949	0.05231
1.583652618135377	0.15474	0.12978	0.1222	0.10162	0.09732	0.09217	0.06884999999999999	0.05876	0.06548	0.07053	0.06936	0.06107	0.05741	0.05356
1.581632653061225	0.15282	0.12279	0.11881	0.09589	0.09444	0.08674	0.0634	0.05389	0.06357	0.0646	0.06152	0.05995	0.05345	0.05801
1.579617834394905	0.14774	0.12319	0.11684	0.09646	0.09765	0.08801	0.06474000000000001	0.05894	0.06174	0.06417	0.06515	0.0619	0.05413	0.05114
1.577608142493639	0.15	0.12511	0.11633	0.09526	0.09794	0.08888	0.06648	0.05564	0.06358999999999999	0.06358999999999999	0.06302000000000001	0.05661	0.05641	0.05008
1.575603557814485	0.14701	0.12035	0.11232	0.09717000000000001	0.09225	0.08538	0.06899	0.05457	0.06072	0.06549000000000001	0.06195	0.058	0.05769	0.05128
1.573604060913706	0.14897	0.1211	0.11428	0.09358	0.09289	0.08612	0.06626	0.05227	0.0592	0.06662	0.06407	0.057	0.05366	0.05493
1.571609632446134	0.14386	0.11699	0.11163	0.08948	0.09114999999999999	0.08787	0.06447	0.05234	0.05968	0.06422	0.06331000000000001	0.05682	0.05529	0.05655
1.569620253164557	0.14247	0.12044	0.10898	0.09364	0.09317	0.08157	0.06079	0.05537	0.06104	0.06573	0.06757000000000001	0.05881	0.05706	0.0498
1.56763590391909	0.14145	0.11352	0.111	0.08891	0.0887	0.08142000000000001	0.06217	0.05181	0.06105	0.06737	0.06319	0.05746	0.05197	0.05225
1.565656565656566	0.14552	0.11618	0.10797	0.09427000000000001	0.08878	0.08462	0.06278	0.0537	0.05707	0.06370000000000001	0.06557	0.05932	0.05029	0.05739
1.563682219419924	0.1411	0.11371	0.10522	0.08651	0.09222	0.08266999999999999	0.06519	0.05423	0.06079	0.06812	0.0645	0.06065	0.05316	0.05059
1.561712846347607	0.13999	0.1152	0.10487	0.09118	0.08749999999999999	0.08313	0.05674	0.0586	0.06201	0.06307	0.06154	0.05696	0.05443	0.05354
1.559748427672956	0.1374	0.10906	0.10013	0.08547	0.08477999999999999	0.08122	0.05816	0.05272	0.05504	0.06211	0.05708	0.05471	0.05662	0.05235
1.557788944723618	0.13405	0.10662	0.09593	0.08304	0.0785	0.07649	0.0565	0.04368	0.04947	0.05771	0.05596	0.05394	0.04776	0.05367
1.555834378920954	0.13104	0.10708	0.10132	0.08597	0.08211	0.08085000000000001	0.05988	0.0479	0.0536	0.06077	0.05524	0.0572	0.04773	0.05293
1.553884711779449	0.14	0.11469	0.10376	0.08817	0.08599	0.07818	0.06358	0.0517	0.06185	0.06198	0.06408	0.06016	0.05682	0.05698
1.551939924906133	0.12976	0.1037	0.09964000000000001	0.07908	0.07948	0.07255	0.05244	0.05019	0.05599	0.05412	0.05402	0.05555	0.05127	0.05413
1.55	0.13151	0.10372	0.10036	0.08416	0.08504	0.07704	0.06147	0.04789	0.05615	0.06253	0.06189	0.05334	0.05078	0.05578
1.548064918851436	0.13505	0.10607	0.09833	0.08180999999999999	0.08635	0.08295	0.06209	0.05127	0.05914	0.06109	0.06123	0.05676	0.05116	0.0506
1.546134663341646	0.12876	0.10198	0.09656000000000001	0.08184	0.081	0.07492	0.05109	0.04792	0.0563	0.056	0.05557	0.05549	0.0507	0.0512
1.544209215442092	0.12878	0.09685000000000001	0.09157	0.08251	0.08162999999999999	0.07189	0.053	0.04462	0.05129	0.05623	0.06075	0.05862	0.04932	0.04755
1.54228855721393	0.13098	0.10486	0.09797	0.07691000000000001	0.07921	0.07695	0.05781	0.05544	0.05694	0.06301	0.06369	0.0552	0.05307	0.04976
1.540372670807453	0.12262	0.10048	0.09649000000000001	0.0766	0.0776	0.06988999999999999	0.05475	0.05258	0.05802	0.05921	0.0587	0.05868	0.0511	0.04732
1.538461538461539	0.12308	0.1031	0.09446	0.08217000000000001	0.07697	0.07573000000000001	0.05377	0.0502	0.05125	0.06304	0.05843	0.05174	0.05188	0.05558
1.536555142503098	0.12342	0.09710000000000001	0.09365999999999999	0.07228999999999999	0.07656	0.07386	0.05622	0.04485	0.05249	0.05996	0.05335	0.05271	0.04951	0.04802
1.534653465346535	0.1199	0.09622	0.0906	0.07065	0.06954	0.06665	0.04882	0.04245	0.04856	0.05118	0.05243	0.0485	0.05139	0.04502
1.532756489493202	0.1274	0.09823	0.10091	0.07897	0.07958	0.0737	0.05681	0.05327	0.05424	0.06225	0.05687	0.05484	0.06301	0.05044
1.530864197530864	0.12615	0.09829	0.09297999999999999	0.07658	0.07502	0.07063999999999999	0.05535	0.05077	0.05113	0.05707	0.0616	0.0582	0.05313	0.04778
1.528976572133169	0.12583	0.10313	0.09457	0.08322	0.08986	0.07327	0.05314	0.05517	0.05869	0.05849	0.06045	0.06059	0.05627	0.04623
1.527093596059113	0.12558	0.09422	0.09118999999999999	0.07383000000000001	0.07048	0.0709	0.05689	0.04987	0.05279	0.05585	0.0645	0.0555	0.04987	0.04294
1.525215252152522	0.119	0.09852	0.07994999999999999	0.06687	0.07164	0.0649	0.04353	0.04293	0.04856	0.05449	0.05364	0.05216	0.04572	0.05372
1.523341523341523	0.11834	0.09209000000000001	0.08704000000000001	0.07317	0.06862	0.06321	0.05593	0.04432	0.04801	0.05529	0.05965	0.05039	0.0515	0.0507
1.521472392638037	0.11686	0.09611	0.08314000000000001	0.06934999999999999	0.06691999999999999	0.06438000000000001	0.05235	0.04707	0.05208	0.05397	0.05035	0.05847	0.04719	0.05049
1.519607843137255	0.11923	0.08616	0.08624	0.07334	0.06920999999999999	0.06562999999999999	0.05396	0.04245	0.0553	0.05198	0.05478	0.05282	0.05489	0.05015
1.517747858017136	0.12212	0.09403	0.08753	0.07994999999999999	0.07296999999999999	0.06763	0.05001	0.04942	0.05233	0.05878	0.05999	0.05904	0.04404	0.04228
1.515892420537897	0.11429	0.08899	0.07926999999999999	0.0711	0.06776	0.06912	0.04885	0.04257	0.05048	0.05588	0.05369	0.04755	0.04575	0.04971
1.514041514041514	0.11319	0.09264	0.08391999999999999	0.07475999999999999	0.0755	0.06768	0.0531	0.04465	0.05315	0.05684	0.05565	0.05585	0.05718	0.04734
1.51219512195122	0.11054	0.08840000000000001	0.07665	0.07580000000000001	0.07033	0.06558	0.05048	0.04079	0.0476	0.04663	0.047	0.05067	0.04593	0.05434
1.510353227771011	0.11209	0.09702	0.08762	0.0644	0.06950000000000001	0.06336	0.05238	0.04746	0.05334	0.06112	0.05988	0.05404	0.0568	0.04582
1.508515815085158	0.10926	0.08276	0.07996	0.06568	0.06176	0.06270000000000001	0.04758	0.03981	0.04883	0.04424	0.04887	0.0418	0.04108	0.05059
1.506682867557716	0.10969	0.08782	0.08512	0.06247	0.06678000000000001	0.06379	0.04524	0.04217	0.04997	0.05171	0.04938	0.04677	0.04989	0.04832
1.504854368932039	0.11264	0.09277000000000001	0.07872	0.0716	0.06920999999999999	0.07156	0.04856	0.0503	0.04759	0.06115	0.05468	0.05215	0.04618	0.05079
1.503030303030303	0.12179	0.09392	0.08570999999999999	0.0709	0.07127	0.06365999999999999	0.05049	0.04581	0.05036	0.05873	0.0635	0.06204	0.05289	0.05113
1.501210653753027	0.11195	0.09056	0.08253000000000001	0.07251000000000001	0.06776	0.06019	0.04856	0.04555	0.05029	0.05831	0.05831	0.05237	0.05041	0.04729
1.499395405078597	0.11068	0.09186	0.08366	0.07113999999999999	0.07381	0.07156	0.05103	0.04871	0.05629	0.0602	0.06223	0.05607	0.05976	0.05087
1.497584541062802	0.10805	0.08549	0.07337	0.07063999999999999	0.06067	0.0546	0.04242	0.03744	0.04594	0.05219	0.04925	0.05136	0.04341	0.05165
1.495778045838359	0.10823	0.07857	0.07201	0.06270000000000001	0.06429	0.05908	0.04968	0.03782	0.04214	0.05193	0.05459	0.05062	0.04905	0.04815
1.493975903614458	0.109	0.08683	0.08198	0.06397	0.0665	0.05588	0.04895	0.04321	0.04946	0.04781	0.05298	0.05492	0.04673	0.04685
1.492178098676294	0.1105	0.07674	0.07188	0.05983	0.06069	0.05582	0.04214	0.0352	0.03968	0.04546	0.04602	0.04613	0.04148	0.05116
1.490384615384615	0.10603	0.08024000000000001	0.07808	0.06849	0.07026	0.06312	0.05505	0.04487	0.05068	0.05229	0.05281	0.05037	0.04893	0.04073
1.48859543817527	0.09931	0.07945000000000001	0.06963	0.05972	0.05747	0.05526	0.04823	0.03218	0.04153	0.04395	0.04692	0.04168	0.02948	0.0458
1.486810551558753	0.09784	0.08057	0.07207	0.0631	0.0635	0.04617	0.04012	0.03615	0.03496	0.04942	0.04091	0.03687	0.04013	0.05226
1.48502994011976	0.10536	0.07621	0.08483	0.06483999999999999	0.06466	0.06611	0.04394	0.0492	0.04546	0.05147	0.0501	0.05485	0.04843	0.04233
1.483253588516746	0.11026	0.08587	0.0825	0.05931	0.0649	0.06752	0.04492	0.04522	0.04573	0.05379	0.04752	0.04665	0.05045	0.05461
1.481481481481481	0.10275	0.08179	0.08049000000000001	0.0567	0.06895999999999999	0.06194	0.04161	0.03359	0.03973	0.05188	0.04935	0.05078	0.04607	0.04193
1.479713603818616	0.10549	0.08008999999999999	0.07278999999999999	0.06119	0.06191	0.06081	0.04618	0.04465	0.04877	0.05303	0.05187	0.05141	0.04167	0.0407
1.477949940405244	0.10945	0.08636000000000001	0.07701	0.06503	0.06528	0.05553	0.04257	0.03718	0.04623	0.0528	0.05267	0.0482	0.05446	0.04057
1.476190476190476	0.10126	0.07778	0.07335999999999999	0.05327	0.05647	0.05007	0.04318	0.04269	0.04338	0.04502	0.0523	0.04978	0.04664	0.04797
1.474435196195006	0.10752	0.07844	0.07188	0.06139	0.06152	0.05668	0.0491	0.04413	0.04637	0.05327	0.04501	0.04976	0.04444	0.04168
1.472684085510689	0.09672	0.08699999999999999	0.07368	0.05643	0.06183	0.0571	0.04679	0.03616	0.04834	0.04482	0.04367	0.04495	0.04805	0.048
1.470937129300119	0.10226	0.08107	0.07111000000000001	0.05631	0.06285	0.05716	0.04063	0.03913	0.04932	0.05206	0.05362	0.04185	0.0486	0.04316
1.469194312796209	0.11169	0.08269	0.07260999999999999	0.06064	0.06487	0.05784	0.05355	0.04172	0.04773	0.05669	0.05357	0.05009	0.04499	0.06137
1.467455621301775	0.10968	0.08323999999999999	0.07419000000000001	0.06655999999999999	0.06566	0.05325	0.04482	0.04258	0.0461	0.05155	0.04809	0.04981	0.04636	0.04001
1.465721040189125	0.10661	0.07725	0.07391	0.06267	0.05811	0.05964	0.04358	0.03819	0.04846	0.05892	0.04945	0.04654	0.03784	0.04457
1.463990554899646	0.09223000000000001	0.07394000000000001	0.06741999999999999	0.05008	0.05813	0.05371	0.04051	0.02995	0.04946	0.04112	0.04846	0.04786	0.04352	0.04331
1.462264150943396	0.0993	0.08452999999999999	0.07831	0.0658	0.06333	0.06267	0.04649	0.03809	0.05698	0.05207	0.05025	0.05461	0.05294	0.03958
1.460541813898704	0.09822	0.06611	0.06185	0.05021	0.05512	0.05041	0.03451	0.04056	0.03571	0.04606	0.04469	0.04043	0.04147	0.04659
1.458823529411765	0.09593	0.07729	0.07174999999999999	0.0475	0.05956	0.04703	0.03517	0.03001	0.03702	0.04404	0.04903	0.04293	0.03876	0.04492
