3.0158E-07	1.7065E+00	1.6953E-01
3.0318E-07	1.7039E+00	1.6444E-01
3.0478E-07	1.7012E+00	1.6031E-01
3.0638E-07	1.6986E+00	1.5704E-01
3.0798E-07	1.6963E+00	1.5452E-01
3.0958E-07	1.6943E+00	1.5264E-01
3.1118E-07	1.6927E+00	1.5126E-01
3.1278E-07	1.6916E+00	1.5026E-01
3.1438E-07	1.6908E+00	1.4952E-01
3.1598E-07	1.6905E+00	1.4894E-01
3.1758E-07	1.6906E+00	1.4842E-01
3.1918E-07	1.6909E+00	1.4790E-01
3.2078E-07	1.6916E+00	1.4734E-01
3.2238E-07	1.6924E+00	1.4670E-01
3.2398E-07	1.6934E+00	1.4600E-01
3.2558E-07	1.6945E+00	1.4524E-01
3.2718E-07	1.6956E+00	1.4446E-01
3.2878E-07	1.6969E+00	1.4369E-01
3.3038E-07	1.6982E+00	1.4296E-01
3.3198E-07	1.6997E+00	1.4229E-01
3.3358E-07	1.7013E+00	1.4169E-01
3.3518E-07	1.7031E+00	1.4114E-01
3.3678E-07	1.7053E+00	1.4060E-01
3.3838E-07	1.7078E+00	1.4001E-01
3.3998E-07	1.7106E+00	1.3929E-01
3.4158E-07	1.7138E+00	1.3833E-01
3.4318E-07	1.7173E+00	1.3704E-01
3.4477E-07	1.7212E+00	1.3531E-01
3.4637E-07	1.7252E+00	1.3305E-01
3.4797E-07	1.7293E+00	1.3020E-01
3.4957E-07	1.7335E+00	1.2671E-01
3.5117E-07	1.7374E+00	1.2260E-01
3.5277E-07	1.7411E+00	1.1787E-01
3.5437E-07	1.7443E+00	1.1258E-01
3.5597E-07	1.7471E+00	1.0682E-01
3.5757E-07	1.7493E+00	1.0068E-01
3.5917E-07	1.7508E+00	9.4275E-02
3.6077E-07	1.7516E+00	8.7733E-02
3.6237E-07	1.7518E+00	8.1169E-02
3.6396E-07	1.7513E+00	7.4695E-02
3.6556E-07	1.7501E+00	6.8412E-02
3.6716E-07	1.7485E+00	6.2408E-02
3.6876E-07	1.7463E+00	5.6750E-02
3.7036E-07	1.7437E+00	5.1490E-02
3.7196E-07	1.7408E+00	4.6661E-02
3.7356E-07	1.7377E+00	4.2279E-02
3.7516E-07	1.7343E+00	3.8348E-02
3.7675E-07	1.7309E+00	3.4856E-02
3.7835E-07	1.7274E+00	3.1783E-02
3.7995E-07	1.7239E+00	2.9103E-02
3.8155E-07	1.7205E+00	2.6782E-02
3.8315E-07	1.7172E+00	2.4785E-02
3.8475E-07	1.7139E+00	2.3077E-02
3.8635E-07	1.7108E+00	2.1622E-02
3.8794E-07	1.7078E+00	2.0386E-02
3.8954E-07	1.7050E+00	1.9337E-02
3.9114E-07	1.7023E+00	1.8447E-02
3.9274E-07	1.6998E+00	1.7689E-02
3.9434E-07	1.6974E+00	1.7042E-02
3.9593E-07	1.6951E+00	1.6485E-02
3.9753E-07	1.6930E+00	1.6001E-02
3.9913E-07	1.6910E+00	1.5577E-02
4.0073E-07	1.6891E+00	1.5200E-02
4.0233E-07	1.6873E+00	1.4861E-02
4.0392E-07	1.6856E+00	1.4550E-02
4.0552E-07	1.6840E+00	1.4261E-02
4.0712E-07	1.6824E+00	1.3990E-02
4.0872E-07	1.6810E+00	1.3730E-02
4.1032E-07	1.6796E+00	1.3479E-02
4.1191E-07	1.6782E+00	1.3233E-02
4.1351E-07	1.6769E+00	1.2991E-02
4.1511E-07	1.6757E+00	1.2751E-02
4.1671E-07	1.6745E+00	1.2511E-02
4.1830E-07	1.6734E+00	1.2271E-02
4.1990E-07	1.6723E+00	1.2029E-02
4.2150E-07	1.6712E+00	1.1786E-02
4.2309E-07	1.6702E+00	1.1540E-02
4.2469E-07	1.6692E+00	1.1293E-02
4.2629E-07	1.6682E+00	1.1043E-02
4.2789E-07	1.6673E+00	1.0791E-02
4.2948E-07	1.6663E+00	1.0538E-02
4.3108E-07	1.6654E+00	1.0283E-02
4.3268E-07	1.6645E+00	1.0027E-02
4.3427E-07	1.6636E+00	9.7700E-03
4.3587E-07	1.6628E+00	9.5120E-03
4.3747E-07	1.6619E+00	9.2540E-03
4.3906E-07	1.6611E+00	8.9970E-03
4.4066E-07	1.6603E+00	8.7410E-03
4.4226E-07	1.6594E+00	8.4850E-03
4.4385E-07	1.6586E+00	8.2310E-03
4.4545E-07	1.6578E+00	7.9800E-03
4.4705E-07	1.6570E+00	7.7300E-03
4.4864E-07	1.6563E+00	7.4830E-03
4.5024E-07	1.6555E+00	7.2400E-03
4.5183E-07	1.6547E+00	7.0000E-03
4.5343E-07	1.6539E+00	6.7640E-03
4.5503E-07	1.6532E+00	6.5320E-03
4.5662E-07	1.6524E+00	6.3040E-03
4.5822E-07	1.6517E+00	6.0820E-03
4.5981E-07	1.6509E+00	5.8650E-03
4.6141E-07	1.6501E+00	5.6540E-03
4.6301E-07	1.6494E+00	5.4490E-03
4.6460E-07	1.6486E+00	5.2510E-03
4.6620E-07	1.6479E+00	5.0610E-03
4.6779E-07	1.6472E+00	4.8790E-03
4.6939E-07	1.6464E+00	4.7060E-03
4.7098E-07	1.6457E+00	4.5420E-03
4.7258E-07	1.6449E+00	4.3890E-03
4.7417E-07	1.6442E+00	4.2470E-03
4.7577E-07	1.6434E+00	4.1190E-03
4.7736E-07	1.6426E+00	4.0040E-03
4.7896E-07	1.6419E+00	3.9040E-03
4.8055E-07	1.6411E+00	3.8210E-03
4.8215E-07	1.6404E+00	3.7550E-03
4.8374E-07	1.6396E+00	3.7080E-03
4.8534E-07	1.6389E+00	3.6810E-03
4.8693E-07	1.6382E+00	3.6760E-03
4.8853E-07	1.6374E+00	3.6920E-03
4.9012E-07	1.6367E+00	3.7300E-03
4.9172E-07	1.6360E+00	3.7920E-03
4.9331E-07	1.6353E+00	3.8770E-03
4.9490E-07	1.6346E+00	3.9860E-03
4.9650E-07	1.6339E+00	4.1170E-03
4.9809E-07	1.6332E+00	4.2690E-03
4.9969E-07	1.6326E+00	4.4420E-03
5.0128E-07	1.6320E+00	4.6340E-03
5.0287E-07	1.6314E+00	4.8430E-03
5.0447E-07	1.6309E+00	5.0650E-03
5.0606E-07	1.6303E+00	5.2990E-03
5.0765E-07	1.6298E+00	5.5420E-03
5.0925E-07	1.6294E+00	5.7890E-03
5.1084E-07	1.6289E+00	6.0380E-03
5.1243E-07	1.6285E+00	6.2840E-03
5.1403E-07	1.6282E+00	6.5250E-03
5.1562E-07	1.6278E+00	6.7570E-03
5.1721E-07	1.6275E+00	6.9770E-03
5.1881E-07	1.6272E+00	7.1810E-03
5.2040E-07	1.6270E+00	7.3670E-03
5.2199E-07	1.6267E+00	7.5330E-03
5.2358E-07	1.6265E+00	7.6770E-03
5.2518E-07	1.6263E+00	7.7980E-03
5.2677E-07	1.6261E+00	7.8950E-03
5.2836E-07	1.6259E+00	7.9680E-03
5.2995E-07	1.6256E+00	8.0170E-03
5.3155E-07	1.6254E+00	8.0430E-03
5.3314E-07	1.6252E+00	8.0490E-03
5.3473E-07	1.6250E+00	8.0360E-03
5.3632E-07	1.6247E+00	8.0070E-03
5.3791E-07	1.6245E+00	7.9650E-03
5.3951E-07	1.6242E+00	7.9130E-03
5.4110E-07	1.6239E+00	7.8560E-03
5.4269E-07	1.6236E+00	7.7970E-03
5.4428E-07	1.6232E+00	7.7400E-03
5.4587E-07	1.6229E+00	7.6900E-03
5.4746E-07	1.6225E+00	7.6500E-03
5.4905E-07	1.6220E+00	7.6250E-03
5.5065E-07	1.6216E+00	7.6180E-03
5.5224E-07	1.6212E+00	7.6340E-03
5.5383E-07	1.6207E+00	7.6750E-03
5.5542E-07	1.6202E+00	7.7440E-03
5.5701E-07	1.6197E+00	7.8440E-03
5.5860E-07	1.6192E+00	7.9780E-03
5.6019E-07	1.6187E+00	8.1460E-03
5.6178E-07	1.6183E+00	8.3490E-03
5.6337E-07	1.6178E+00	8.5890E-03
5.6496E-07	1.6173E+00	8.8650E-03
5.6655E-07	1.6169E+00	9.1770E-03
5.6814E-07	1.6164E+00	9.5240E-03
5.6973E-07	1.6160E+00	9.9030E-03
5.7132E-07	1.6156E+00	1.0314E-02
5.7291E-07	1.6153E+00	1.0753E-02
5.7450E-07	1.6150E+00	1.1218E-02
5.7609E-07	1.6147E+00	1.1704E-02
5.7768E-07	1.6145E+00	1.2210E-02
5.7927E-07	1.6143E+00	1.2729E-02
5.8086E-07	1.6142E+00	1.3259E-02
5.8245E-07	1.6141E+00	1.3795E-02
5.8403E-07	1.6140E+00	1.4333E-02
5.8562E-07	1.6141E+00	1.4867E-02
5.8721E-07	1.6141E+00	1.5394E-02
5.8880E-07	1.6142E+00	1.5909E-02
5.9039E-07	1.6144E+00	1.6407E-02
5.9198E-07	1.6146E+00	1.6885E-02
5.9357E-07	1.6148E+00	1.7337E-02
5.9515E-07	1.6151E+00	1.7762E-02
5.9674E-07	1.6154E+00	1.8155E-02
5.9833E-07	1.6157E+00	1.8513E-02
5.9992E-07	1.6161E+00	1.8833E-02
6.0151E-07	1.6165E+00	1.9113E-02
6.0309E-07	1.6170E+00	1.9351E-02
6.0468E-07	1.6174E+00	1.9545E-02
6.0627E-07	1.6179E+00	1.9695E-02
6.0786E-07	1.6184E+00	1.9799E-02
6.0944E-07	1.6188E+00	1.9856E-02
6.1103E-07	1.6193E+00	1.9868E-02
6.1262E-07	1.6198E+00	1.9834E-02
6.1420E-07	1.6203E+00	1.9755E-02
6.1579E-07	1.6208E+00	1.9632E-02
6.1738E-07	1.6213E+00	1.9467E-02
6.1896E-07	1.6217E+00	1.9261E-02
6.2055E-07	1.6222E+00	1.9015E-02
6.2213E-07	1.6226E+00	1.8733E-02
6.2372E-07	1.6230E+00	1.8416E-02
6.2531E-07	1.6234E+00	1.8067E-02
6.2689E-07	1.6237E+00	1.7689E-02
6.2848E-07	1.6240E+00	1.7283E-02
6.3006E-07	1.6243E+00	1.6854E-02
6.3165E-07	1.6246E+00	1.6403E-02
6.3323E-07	1.6248E+00	1.5933E-02
6.3482E-07	1.6250E+00	1.5448E-02
6.3640E-07	1.6252E+00	1.4949E-02
6.3799E-07	1.6253E+00	1.4440E-02
6.3957E-07	1.6254E+00	1.3923E-02
6.4116E-07	1.6255E+00	1.3400E-02
6.4274E-07	1.6256E+00	1.2875E-02
6.4433E-07	1.6256E+00	1.2349E-02
6.4591E-07	1.6255E+00	1.1824E-02
6.4750E-07	1.6255E+00	1.1303E-02
6.4908E-07	1.6254E+00	1.0786E-02
6.5066E-07	1.6253E+00	1.0277E-02
6.5225E-07	1.6252E+00	9.7760E-03
6.5383E-07	1.6250E+00	9.2850E-03
6.5541E-07	1.6249E+00	8.8050E-03
6.5700E-07	1.6247E+00	8.3370E-03
6.5858E-07	1.6244E+00	7.8810E-03
6.6016E-07	1.6242E+00	7.4400E-03
6.6175E-07	1.6240E+00	7.0130E-03
6.6333E-07	1.6237E+00	6.6020E-03
6.6491E-07	1.6234E+00	6.2050E-03
6.6649E-07	1.6231E+00	5.8250E-03
6.6808E-07	1.6228E+00	5.4600E-03
6.6966E-07	1.6225E+00	5.1110E-03
6.7124E-07	1.6222E+00	4.7780E-03
6.7282E-07	1.6219E+00	4.4610E-03
6.7441E-07	1.6215E+00	4.1600E-03
6.7599E-07	1.6212E+00	3.8740E-03
6.7757E-07	1.6208E+00	3.6030E-03
6.7915E-07	1.6205E+00	3.3470E-03
6.8073E-07	1.6201E+00	3.1060E-03
6.8231E-07	1.6198E+00	2.8780E-03
6.8389E-07	1.6194E+00	2.6640E-03
6.8547E-07	1.6191E+00	2.4630E-03
6.8706E-07	1.6187E+00	2.2750E-03
6.8864E-07	1.6184E+00	2.0990E-03
6.9022E-07	1.6180E+00	1.9340E-03
6.9180E-07	1.6176E+00	1.7800E-03
6.9338E-07	1.6173E+00	1.6370E-03
6.9496E-07	1.6170E+00	1.5040E-03
6.9654E-07	1.6166E+00	1.3800E-03
6.9812E-07	1.6163E+00	1.2650E-03
6.9970E-07	1.6159E+00	1.1590E-03
7.0127E-07	1.6156E+00	1.0600E-03
7.0285E-07	1.6153E+00	9.6900E-04
7.0443E-07	1.6149E+00	8.8500E-04
7.0601E-07	1.6146E+00	8.0700E-04
7.0759E-07	1.6143E+00	7.3600E-04
7.0917E-07	1.6140E+00	6.7000E-04
7.1075E-07	1.6137E+00	6.1000E-04
7.1233E-07	1.6134E+00	5.5400E-04
7.1390E-07	1.6131E+00	5.0400E-04
7.1548E-07	1.6128E+00	4.5700E-04
7.1706E-07	1.6125E+00	4.1500E-04
7.1864E-07	1.6122E+00	3.7600E-04
7.2022E-07	1.6119E+00	3.4000E-04
7.2179E-07	1.6116E+00	3.0800E-04
7.2337E-07	1.6113E+00	2.7800E-04
7.2495E-07	1.6111E+00	2.5200E-04
7.2652E-07	1.6108E+00	2.2700E-04
7.2810E-07	1.6105E+00	2.0500E-04
7.2968E-07	1.6103E+00	1.8500E-04
7.3125E-07	1.6100E+00	1.6700E-04
7.3283E-07	1.6097E+00	1.5100E-04
7.3441E-07	1.6095E+00	1.3600E-04
7.3598E-07	1.6092E+00	1.2300E-04
7.3756E-07	1.6090E+00	1.1100E-04
7.3913E-07	1.6087E+00	1.0100E-04
7.4071E-07	1.6085E+00	9.2000E-05
7.4229E-07	1.6082E+00	8.4000E-05
7.4386E-07	1.6080E+00	7.7000E-05
7.4544E-07	1.6077E+00	7.1000E-05
7.4701E-07	1.6075E+00	6.6000E-05
7.4859E-07	1.6072E+00	6.2000E-05
7.5016E-07	1.6070E+00	5.9000E-05
7.5173E-07	1.6067E+00	5.7000E-05
7.5331E-07	1.6065E+00	5.6000E-05
7.5488E-07	1.6062E+00	5.6000E-05
7.5646E-07	1.6060E+00	5.7000E-05
7.5803E-07	1.6057E+00	5.9000E-05
7.5960E-07	1.6055E+00	6.2000E-05
7.6118E-07	1.6053E+00	6.7000E-05
7.6275E-07	1.6050E+00	7.3000E-05
7.6432E-07	1.6048E+00	8.1000E-05
7.6590E-07	1.6045E+00	9.0000E-05
7.6747E-07	1.6043E+00	1.0100E-04
7.6904E-07	1.6040E+00	1.1400E-04
7.7061E-07	1.6038E+00	1.2900E-04
7.7219E-07	1.6035E+00	1.4700E-04
7.7376E-07	1.6033E+00	1.6700E-04
7.7533E-07	1.6030E+00	1.9000E-04
7.7690E-07	1.6028E+00	2.1600E-04
7.7847E-07	1.6025E+00	2.4500E-04
7.8004E-07	1.6022E+00	2.7800E-04
7.8162E-07	1.6020E+00	3.1500E-04
7.8319E-07	1.6017E+00	3.5600E-04
7.8476E-07	1.6014E+00	4.0200E-04
7.8633E-07	1.6012E+00	4.5300E-04
7.8790E-07	1.6009E+00	5.0900E-04
7.8947E-07	1.6006E+00	5.7100E-04
7.9104E-07	1.6004E+00	6.3800E-04
7.9261E-07	1.6001E+00	7.1200E-04
7.9418E-07	1.5998E+00	7.9300E-04
7.9575E-07	1.5995E+00	8.8100E-04
7.9732E-07	1.5993E+00	9.7600E-04
7.9889E-07	1.5990E+00	1.0800E-03
8.0046E-07	1.5987E+00	1.1910E-03
8.0202E-07	1.5984E+00	1.3110E-03
8.0359E-07	1.5982E+00	1.4390E-03
8.0516E-07	1.5979E+00	1.5770E-03
8.0673E-07	1.5976E+00	1.7240E-03
8.0830E-07	1.5974E+00	1.8800E-03
8.0987E-07	1.5971E+00	2.0460E-03
8.1143E-07	1.5968E+00	2.2220E-03
8.1300E-07	1.5966E+00	2.4080E-03
8.1457E-07	1.5963E+00	2.6030E-03
8.1614E-07	1.5961E+00	2.8090E-03
8.1770E-07	1.5958E+00	3.0240E-03
8.1927E-07	1.5956E+00	3.2490E-03
8.2084E-07	1.5954E+00	3.4840E-03
8.2240E-07	1.5952E+00	3.7280E-03
8.2397E-07	1.5950E+00	3.9820E-03
8.2554E-07	1.5948E+00	4.2440E-03
8.2710E-07	1.5946E+00	4.5140E-03
8.2867E-07	1.5944E+00	4.7920E-03
8.3023E-07	1.5943E+00	5.0780E-03
8.3180E-07	1.5941E+00	5.3700E-03
8.3336E-07	1.5940E+00	5.6680E-03
8.3493E-07	1.5939E+00	5.9720E-03
8.3649E-07	1.5938E+00	6.2800E-03
8.3806E-07	1.5937E+00	6.5930E-03
8.3962E-07	1.5936E+00	6.9080E-03
8.4119E-07	1.5935E+00	7.2250E-03
8.4275E-07	1.5935E+00	7.5440E-03
8.4431E-07	1.5935E+00	7.8630E-03
8.4588E-07	1.5935E+00	8.1810E-03
8.4744E-07	1.5935E+00	8.4970E-03
8.4900E-07	1.5935E+00	8.8110E-03
8.5057E-07	1.5935E+00	9.1210E-03
8.5213E-07	1.5936E+00	9.4260E-03
8.5369E-07	1.5937E+00	9.7260E-03
8.5525E-07	1.5938E+00	1.0019E-02
8.5682E-07	1.5939E+00	1.0304E-02
8.5838E-07	1.5940E+00	1.0580E-02
8.5994E-07	1.5941E+00	1.0847E-02
8.6150E-07	1.5943E+00	1.1103E-02
8.6306E-07	1.5944E+00	1.1347E-02
8.6462E-07	1.5946E+00	1.1580E-02
8.6618E-07	1.5948E+00	1.1799E-02
8.6775E-07	1.5950E+00	1.2005E-02
8.6931E-07	1.5952E+00	1.2196E-02
8.7087E-07	1.5954E+00	1.2373E-02
8.7243E-07	1.5957E+00	1.2534E-02
8.7399E-07	1.5959E+00	1.2679E-02
8.7555E-07	1.5962E+00	1.2808E-02
8.7711E-07	1.5964E+00	1.2920E-02
8.7866E-07	1.5967E+00	1.3016E-02
8.8022E-07	1.5969E+00	1.3094E-02
8.8178E-07	1.5972E+00	1.3155E-02
8.8334E-07	1.5975E+00	1.3199E-02
8.8490E-07	1.5977E+00	1.3225E-02
8.8646E-07	1.5980E+00	1.3235E-02
8.8802E-07	1.5982E+00	1.3227E-02
8.8957E-07	1.5985E+00	1.3203E-02
8.9113E-07	1.5988E+00	1.3162E-02
8.9269E-07	1.5990E+00	1.3106E-02
8.9425E-07	1.5993E+00	1.3033E-02
8.9580E-07	1.5995E+00	1.2945E-02
8.9736E-07	1.5998E+00	1.2843E-02
8.9892E-07	1.6000E+00	1.2726E-02
9.0047E-07	1.6002E+00	1.2595E-02
9.0203E-07	1.6004E+00	1.2452E-02
9.0359E-07	1.6006E+00	1.2296E-02
9.0514E-07	1.6008E+00	1.2128E-02
9.0670E-07	1.6010E+00	1.1949E-02
9.0825E-07	1.6012E+00	1.1760E-02
9.0981E-07	1.6014E+00	1.1561E-02
9.1136E-07	1.6015E+00	1.1353E-02
9.1292E-07	1.6017E+00	1.1137E-02
9.1447E-07	1.6018E+00	1.0914E-02
9.1602E-07	1.6019E+00	1.0684E-02
9.1758E-07	1.6020E+00	1.0448E-02
9.1913E-07	1.6021E+00	1.0207E-02
9.2069E-07	1.6022E+00	9.9610E-03
9.2224E-07	1.6023E+00	9.7110E-03
9.2379E-07	1.6023E+00	9.4590E-03
9.2535E-07	1.6024E+00	9.2040E-03
9.2690E-07	1.6024E+00	8.9470E-03
9.2845E-07	1.6024E+00	8.6890E-03
9.3000E-07	1.6025E+00	8.4300E-03
9.3155E-07	1.6025E+00	8.1720E-03
9.3311E-07	1.6024E+00	7.9140E-03
9.3466E-07	1.6024E+00	7.6570E-03
9.3621E-07	1.6024E+00	7.4020E-03
9.3776E-07	1.6023E+00	7.1490E-03
9.3931E-07	1.6023E+00	6.8980E-03
9.4086E-07	1.6022E+00	6.6510E-03
9.4241E-07	1.6022E+00	6.4070E-03
9.4396E-07	1.6021E+00	6.1660E-03
9.4551E-07	1.6020E+00	5.9290E-03
9.4706E-07	1.6019E+00	5.6970E-03
9.4861E-07	1.6018E+00	5.4690E-03
9.5016E-07	1.6017E+00	5.2470E-03
9.5171E-07	1.6016E+00	5.0290E-03
9.5326E-07	1.6014E+00	4.8160E-03
9.5481E-07	1.6013E+00	4.6090E-03
9.5635E-07	1.6012E+00	4.4070E-03
9.5790E-07	1.6010E+00	4.2100E-03
9.5945E-07	1.6009E+00	4.0200E-03
9.6100E-07	1.6007E+00	3.8350E-03
9.6255E-07	1.6006E+00	3.6550E-03
9.6409E-07	1.6004E+00	3.4820E-03
9.6564E-07	1.6002E+00	3.3140E-03
9.6719E-07	1.6001E+00	3.1530E-03
9.6873E-07	1.5999E+00	2.9960E-03
9.7028E-07	1.5997E+00	2.8460E-03
9.7182E-07	1.5995E+00	2.7010E-03
9.7337E-07	1.5994E+00	2.5620E-03
9.7492E-07	1.5992E+00	2.4280E-03
9.7646E-07	1.5990E+00	2.3000E-03
9.7801E-07	1.5988E+00	2.1770E-03
9.7955E-07	1.5986E+00	2.0590E-03
9.8109E-07	1.5984E+00	1.9470E-03
9.8264E-07	1.5983E+00	1.8390E-03
9.8418E-07	1.5981E+00	1.7360E-03
9.8573E-07	1.5979E+00	1.6380E-03
9.8727E-07	1.5977E+00	1.5440E-03
9.8881E-07	1.5975E+00	1.4550E-03
9.9036E-07	1.5973E+00	1.3710E-03
9.9190E-07	1.5972E+00	1.2900E-03
9.9344E-07	1.5970E+00	1.2130E-03
9.9498E-07	1.5968E+00	1.1400E-03
9.9653E-07	1.5966E+00	1.0710E-03
9.9807E-07	1.5964E+00	1.0060E-03
9.9961E-07	1.5962E+00	9.4400E-04
1.0123E-06	1.5948E+00	5.4800E-04
1.0157E-06	1.5944E+00	4.7100E-04
1.0191E-06	1.5940E+00	4.0300E-04
1.0225E-06	1.5937E+00	3.4400E-04
1.0259E-06	1.5933E+00	2.9300E-04
1.0293E-06	1.5930E+00	2.5000E-04
1.0327E-06	1.5926E+00	2.1200E-04
1.0361E-06	1.5923E+00	1.7900E-04
1.0395E-06	1.5920E+00	1.5100E-04
1.0429E-06	1.5917E+00	1.2800E-04
1.0463E-06	1.5913E+00	1.0700E-04
1.0497E-06	1.5910E+00	9.0000E-05
1.0531E-06	1.5907E+00	7.6000E-05
1.0565E-06	1.5904E+00	6.3000E-05
1.0599E-06	1.5901E+00	5.3000E-05
1.0633E-06	1.5898E+00	4.4000E-05
1.0667E-06	1.5895E+00	3.7000E-05
1.0701E-06	1.5893E+00	3.1000E-05
1.0735E-06	1.5890E+00	2.6000E-05
1.0769E-06	1.5887E+00	2.2000E-05
1.0803E-06	1.5884E+00	1.8000E-05
1.0837E-06	1.5881E+00	1.5000E-05
1.0871E-06	1.5879E+00	1.3000E-05
1.0905E-06	1.5876E+00	1.1000E-05
1.0939E-06	1.5873E+00	1.0000E-05
1.0973E-06	1.5871E+00	9.0000E-06
1.1007E-06	1.5868E+00	8.0000E-06
1.1041E-06	1.5865E+00	8.0000E-06
1.1075E-06	1.5863E+00	8.0000E-06
1.1109E-06	1.5860E+00	8.0000E-06
1.1143E-06	1.5857E+00	9.0000E-06
1.1177E-06	1.5855E+00	9.0000E-06
1.1211E-06	1.5852E+00	1.1000E-05
1.1245E-06	1.5850E+00	1.2000E-05
1.1279E-06	1.5847E+00	1.3000E-05
1.1313E-06	1.5845E+00	1.5000E-05
1.1347E-06	1.5842E+00	1.8000E-05
1.1381E-06	1.5840E+00	2.0000E-05
1.1415E-06	1.5837E+00	2.3000E-05
1.1449E-06	1.5834E+00	2.7000E-05
1.1483E-06	1.5832E+00	3.1000E-05
1.1518E-06	1.5829E+00	3.5000E-05
1.1552E-06	1.5827E+00	4.0000E-05
1.1586E-06	1.5824E+00	4.6000E-05
1.1620E-06	1.5822E+00	5.2000E-05
1.1654E-06	1.5819E+00	6.0000E-05
1.1688E-06	1.5817E+00	6.8000E-05
1.1722E-06	1.5814E+00	7.6000E-05
1.1756E-06	1.5812E+00	8.6000E-05
1.1790E-06	1.5809E+00	9.7000E-05
1.1824E-06	1.5806E+00	1.0900E-04
1.1858E-06	1.5804E+00	1.2200E-04
1.1892E-06	1.5801E+00	1.3600E-04
1.1926E-06	1.5799E+00	1.5100E-04
1.1960E-06	1.5796E+00	1.6800E-04
1.1994E-06	1.5794E+00	1.8600E-04
1.2028E-06	1.5791E+00	2.0600E-04
1.2062E-06	1.5789E+00	2.2700E-04
1.2096E-06	1.5786E+00	2.5000E-04
1.2130E-06	1.5783E+00	2.7500E-04
1.2164E-06	1.5781E+00	3.0100E-04
1.2198E-06	1.5778E+00	3.2900E-04
1.2232E-06	1.5776E+00	3.5900E-04
1.2266E-06	1.5773E+00	3.9100E-04
1.2300E-06	1.5771E+00	4.2500E-04
1.2334E-06	1.5768E+00	4.6100E-04
1.2368E-06	1.5766E+00	5.0000E-04
1.2403E-06	1.5763E+00	5.4000E-04
1.2437E-06	1.5760E+00	5.8200E-04
1.2471E-06	1.5758E+00	6.2600E-04
1.2505E-06	1.5755E+00	6.7300E-04
1.2539E-06	1.5753E+00	7.2100E-04
1.2573E-06	1.5750E+00	7.7200E-04
1.2607E-06	1.5748E+00	8.2500E-04
1.2641E-06	1.5746E+00	8.7900E-04
1.2675E-06	1.5743E+00	9.3600E-04
1.2709E-06	1.5741E+00	9.9500E-04
1.2743E-06	1.5738E+00	1.0550E-03
1.2777E-06	1.5736E+00	1.1180E-03
1.2812E-06	1.5734E+00	1.1820E-03
1.2846E-06	1.5731E+00	1.2470E-03
1.2880E-06	1.5729E+00	1.3140E-03
1.2914E-06	1.5727E+00	1.3830E-03
1.2948E-06	1.5724E+00	1.4530E-03
1.2982E-06	1.5722E+00	1.5240E-03
1.3016E-06	1.5720E+00	1.5960E-03
1.3050E-06	1.5718E+00	1.6690E-03
1.3085E-06	1.5716E+00	1.7430E-03
1.3119E-06	1.5713E+00	1.8170E-03
1.3153E-06	1.5711E+00	1.8920E-03
1.3187E-06	1.5709E+00	1.9670E-03
1.3221E-06	1.5707E+00	2.0430E-03
1.3255E-06	1.5705E+00	2.1180E-03
1.3290E-06	1.5703E+00	2.1930E-03
1.3324E-06	1.5701E+00	2.2680E-03
1.3358E-06	1.5699E+00	2.3420E-03
1.3392E-06	1.5698E+00	2.4150E-03
1.3426E-06	1.5696E+00	2.4870E-03
1.3460E-06	1.5694E+00	2.5590E-03
1.3495E-06	1.5692E+00	2.6290E-03
1.3529E-06	1.5690E+00	2.6970E-03
1.3563E-06	1.5689E+00	2.7650E-03
1.3597E-06	1.5687E+00	2.8300E-03
1.3632E-06	1.5685E+00	2.8930E-03
1.3666E-06	1.5683E+00	2.9550E-03
1.3700E-06	1.5682E+00	3.0140E-03
1.3734E-06	1.5680E+00	3.0710E-03
1.3768E-06	1.5679E+00	3.1260E-03
1.3803E-06	1.5677E+00	3.1780E-03
1.3837E-06	1.5676E+00	3.2270E-03
1.3871E-06	1.5674E+00	3.2740E-03
1.3906E-06	1.5672E+00	3.3180E-03
1.3940E-06	1.5671E+00	3.3590E-03
1.3974E-06	1.5669E+00	3.3970E-03
1.4008E-06	1.5668E+00	3.4320E-03
1.4043E-06	1.5667E+00	3.4640E-03
1.4077E-06	1.5665E+00	3.4920E-03
1.4111E-06	1.5664E+00	3.5180E-03
1.4146E-06	1.5662E+00	3.5400E-03
1.4180E-06	1.5661E+00	3.5590E-03
1.4214E-06	1.5659E+00	3.5750E-03
1.4249E-06	1.5658E+00	3.5870E-03
1.4283E-06	1.5656E+00	3.5970E-03
1.4317E-06	1.5655E+00	3.6030E-03
1.4352E-06	1.5653E+00	3.6060E-03
1.4386E-06	1.5652E+00	3.6050E-03
1.4420E-06	1.5651E+00	3.6020E-03
1.4455E-06	1.5649E+00	3.5960E-03
1.4489E-06	1.5648E+00	3.5870E-03
1.4524E-06	1.5646E+00	3.5740E-03
1.4558E-06	1.5645E+00	3.5590E-03
1.4592E-06	1.5643E+00	3.5410E-03
1.4627E-06	1.5641E+00	3.5210E-03
1.4661E-06	1.5640E+00	3.4980E-03
1.4696E-06	1.5638E+00	3.4720E-03
1.4730E-06	1.5637E+00	3.4440E-03
1.4764E-06	1.5635E+00	3.4130E-03
1.4799E-06	1.5633E+00	3.3810E-03
1.4833E-06	1.5632E+00	3.3460E-03
1.4868E-06	1.5630E+00	3.3090E-03
1.4902E-06	1.5628E+00	3.2700E-03
1.4937E-06	1.5627E+00	3.2300E-03
1.4971E-06	1.5625E+00	3.1880E-03
1.5006E-06	1.5623E+00	3.1440E-03
1.5040E-06	1.5621E+00	3.0990E-03
1.5075E-06	1.5619E+00	3.0520E-03
1.5109E-06	1.5618E+00	3.0040E-03
1.5144E-06	1.5616E+00	2.9550E-03
1.5179E-06	1.5614E+00	2.9050E-03
1.5213E-06	1.5612E+00	2.8540E-03
1.5248E-06	1.5610E+00	2.8020E-03
1.5282E-06	1.5608E+00	2.7490E-03
1.5317E-06	1.5606E+00	2.6960E-03
1.5351E-06	1.5604E+00	2.6420E-03
1.5386E-06	1.5602E+00	2.5880E-03
1.5421E-06	1.5600E+00	2.5340E-03
1.5455E-06	1.5598E+00	2.4790E-03
1.5490E-06	1.5595E+00	2.4240E-03
1.5525E-06	1.5593E+00	2.3690E-03
1.5559E-06	1.5591E+00	2.3140E-03
1.5594E-06	1.5589E+00	2.2580E-03
1.5629E-06	1.5587E+00	2.2040E-03
1.5663E-06	1.5584E+00	2.1490E-03
1.5698E-06	1.5582E+00	2.0940E-03
1.5733E-06	1.5580E+00	2.0400E-03
1.5767E-06	1.5578E+00	1.9870E-03
1.5802E-06	1.5575E+00	1.9330E-03
1.5837E-06	1.5573E+00	1.8810E-03
1.5872E-06	1.5570E+00	1.8280E-03
1.5906E-06	1.5568E+00	1.7770E-03
1.5941E-06	1.5566E+00	1.7260E-03
1.5976E-06	1.5563E+00	1.6760E-03
1.6011E-06	1.5561E+00	1.6260E-03
1.6046E-06	1.5558E+00	1.5770E-03
1.6080E-06	1.5556E+00	1.5290E-03
1.6115E-06	1.5553E+00	1.4820E-03
1.6150E-06	1.5551E+00	1.4360E-03
1.6185E-06	1.5548E+00	1.3900E-03
1.6220E-06	1.5545E+00	1.3460E-03
1.6255E-06	1.5543E+00	1.3020E-03
1.6290E-06	1.5540E+00	1.2590E-03
1.6324E-06	1.5538E+00	1.2170E-03
1.6359E-06	1.5535E+00	1.1760E-03
1.6394E-06	1.5532E+00	1.1360E-03
1.6429E-06	1.5530E+00	1.0970E-03
1.6464E-06	1.5527E+00	1.0590E-03
1.6499E-06	1.5524E+00	1.0210E-03
1.6534E-06	1.5522E+00	9.8500E-04
1.6569E-06	1.5519E+00	9.5000E-04
1.6604E-06	1.5516E+00	9.1500E-04
1.6639E-06	1.5514E+00	8.8200E-04
1.6674E-06	1.5511E+00	8.4900E-04
1.6709E-06	1.5508E+00	8.1800E-04
1.6744E-06	1.5505E+00	7.8700E-04
1.6779E-06	1.5503E+00	7.5700E-04
1.6814E-06	1.5500E+00	7.2800E-04
1.6849E-06	1.5497E+00	7.0000E-04
